0 0.25703125 0.1609375 0.0484375 0.028125
0 0.4046875 0.18046875 0.05390625 0.0328125
0 0.4390625 0.21171875 0.0484375 0.0265625
0 0.3890625 0.2171875 0.03984375 0.028125
0 0.44609375 0.25390625 0.0453125 0.0328125
0 0.41484375 0.303125 0.05703125 0.040625
0 0.32421875 0.309375 0.0453125 0.025
0 0.25859375 0.3015625 0.03984375 0.025
0 0.33515625 0.28046875 0.03984375 0.0203125
0 0.29375 0.35234375 0.05390625 0.0390625
0 0.36484375 0.35703125 0.0484375 0.0296875
0 0.4875 0.36796875 0.05390625 0.0203125
0 0.32109375 0.4015625 0.06796875 0.034375
0 0.246875 0.41015625 0.03984375 0.0296875
0 0.22890625 0.36328125 0.059375 0.0265625
0 0.19453125 0.49296875 0.059375 0.0328125
0 0.22421875 0.5171875 0.05078125 0.028125
0 0.24453125 0.53828125 0.0453125 0.0265625
0 0.39921875 0.60546875 0.0484375 0.0359375
0 0.36328125 0.6015625 0.05078125 0.028125
0 0.403125 0.50078125 0.034375 0.0265625
0 0.51171875 0.5125 0.034375 0.021875
0 0.82421875 0.31171875 0.05703125 0.0328125
0 0.76953125 0.3078125 0.0453125 0.01875
0 0.79375 0.43359375 0.05390625 0.0359375
0 0.75703125 0.440625 0.05390625 0.025
0 0.85625 0.49921875 0.059375 0.0328125
0 0.796875 0.56171875 0.059375 0.0296875
0 0.921875 0.18984375 0.0484375 0.0359375