0 0.18671875 0.2859375 0.0484375 0.065625
0 0.25546875 0.2421875 0.0484375 0.071875
0 0.34609375 0.26875 0.0671875 0.0875
0 0.4375 0.23125 0.121875 0.146875
0 0.546875 0.31953125 0.0875 0.1546875
0 0.621875 0.27265625 0.05625 0.0828125
0 0.61171875 0.3625 0.0484375 0.065625
0 0.64375 0.4796875 0.121875 0.14375
0 0.6421875 0.5703125 0.115625 0.0625
0 0.3703125 0.46484375 0.140625 0.1515625
0 0.37265625 0.553125 0.1171875 0.103125
0 0.30234375 0.66484375 0.1578125 0.1828125
0 0.35546875 0.8546875 0.0953125 0.1375
0 0.7515625 0.615625 0.059375 0.06875
0 0.80703125 0.4625 0.0734375 0.065625