0 0.60078125 0.190625 0.2796875 0.26875
0 0.5609375 0.4609375 0.23125 0.265625
0 0.81796875 0.78515625 0.2640625 0.3015625
0 0.74921875 0.5421875 0.2546875 0.221875
0 0.70859375 0.33984375 0.1109375 0.1796875
0 0.2796875 0.5890625 0.221875 0.25
0 0.08671875 0.56171875 0.1734375 0.1828125
0 0.06796875 0.43046875 0.1359375 0.1078125
0 0.27734375 0.43203125 0.2109375 0.1359375
0 0.228125 0.75078125 0.225 0.1984375
0 0.41796875 0.68828125 0.1546875 0.2515625
0 0.28828125 0.9734375 0.1734375 0.053125
0 0.45390625 0.9359375 0.1359375 0.128125
0 0.97109375 0.92890625 0.0578125 0.0796875
0 0.965625 0.659375 0.06875 0.075
0 0.97265625 0.50625 0.0546875 0.096875
0 0.921875 0.45625 0.06875 0.084375
0 0.06953125 0.77265625 0.0546875 0.1328125