0 0.2515625 0.9453125 0.0703125 0.04375
0 0.9453125 0.75703125 0.10703125 0.06640625
0 0.5953125 0.6765625 0.1109375 0.0640625
0 0.37578125 0.81328125 0.08359375 0.0640625
0 0.125 0.72734375 0.078125 0.0375
0 0.55625 0.4578125 0.05546875 0.0375
0 0.51875 0.38828125 0.0640625 0.04140625
0 0.35625 0.39765625 0.1140625 0.04453125
0 0.3765625 0.35390625 0.09375 0.04921875
0 0.0328125 0.2765625 0.065625 0.06328125
0 0.5171875 0.240625 0.08984375 0.05390625
0 0.40703125 0.18359375 0.084375 0.05625
0 0.4921875 0.1765625 0.10625 0.07421875
0 0.5765625 0.1609375 0.08203125 0.06484375
0 0.28671875 0.0359375 0.06328125 0.0390625
0 0.190625 0.015625 0.071875 0.02890625