0 0.040625 0.04140625 0.07890625 0.08125
0 0.11796875 0.059375 0.16796875 0.11015625
0 0.14140625 0.246875 0.140625 0.1484375
0 0.29609375 0.3640625 0.0375 0.0609375
0 0.21328125 0.65703125 0.17265625 0.1375
0 0.23359375 0.7953125 0.165625 0.17890625
0 0.1625 0.90703125 0.03984375 0.07421875
0 0.303125 0.90234375 0.00859375 0.0328125
0 0.76875 0.015625 0.015625 0.0296875
0 0.96953125 0.0265625 0.0609375 0.05078125
0 0.5109375 0.1765625 0.15625 0.203125
0 0.55 0.06328125 0.0828125 0.07421875
0 0.68828125 0.184375 0.22578125 0.221875
0 0.98828125 0.38359375 0.0234375 0.0578125
0 0.5796875 0.690625 0.17109375 0.1859375
0 0.8015625 0.9421875 0.2171875 0.10859375