0 0.31484375 0.60625 0.12734375 0.2203125
0 0.43203125 0.55625 0.0515625 0.084375
0 0.58515625 0.159375 0.0625 0.09765625
0 0.58046875 0.57890625 0.0390625 0.065625
0 0.19375 0.6953125 0.16015625 0.26171875
0 0.1984375 0.3859375 0.12890625 0.21171875
0 0.55859375 0.265625 0.06015625 0.1
0 0.33203125 0.140625 0.1484375 0.2203125
0 0.41796875 0.4484375 0.05 0.115625
0 0.31796875 0.459375 0.08828125 0.103125
0 0.0609375 0.4390625 0.06796875 0.109375
0 0.04296875 0.534375 0.053125 0.09375
0 0.040625 0.1765625 0.06328125 0.1078125