0 0.60703125 0.16484375 0.1328125 0.1984375
0 0.87890625 0.3328125 0.1796875 0.2375
0 0.69296875 0.5140625 0.1328125 0.20625
0 0.8828125 0.45703125 0.11875 0.0796875
0 0.71640625 0.24140625 0.1140625 0.1796875
0 0.725 0.6671875 0.090625 0.13125
0 0.5734375 0.596875 0.140625 0.228125
0 0.4671875 0.70703125 0.140625 0.2234375
0 0.46796875 0.515625 0.1109375 0.15625
0 0.2328125 0.28359375 0.1375 0.1953125
0 0.11953125 0.38671875 0.1484375 0.2203125
0 0.09609375 0.61640625 0.1546875 0.2265625
0 0.12265625 0.7984375 0.1328125 0.184375
0 0.33671875 0.5234375 0.1171875 0.184375
0 0.28984375 0.46171875 0.1015625 0.0796875
0 0.28046875 0.62265625 0.1046875 0.0828125
0 0.36328125 0.37265625 0.0921875 0.1078125
0 0.48359375 0.36875 0.0765625 0.096875
0 0.76328125 0.9015625 0.0953125 0.1125