0 0.09140625 0.1984375 0.0703125 0.075
0 0.10625 0.14453125 0.071875 0.0953125
0 0.18671875 0.15703125 0.0671875 0.0953125
0 0.2234375 0.103125 0.065625 0.075
0 0.29921875 0.11328125 0.0515625 0.1015625
0 0.2390625 0.253125 0.0625 0.06875
0 0.165625 0.25625 0.05625 0.05625
0 0.12890625 0.40546875 0.0734375 0.0671875
0 0.015625 0.5953125 0.03125 0.109375
0 0.196875 0.596875 0.05625 0.05625
0 0.2328125 0.55 0.084375 0.115625
0 0.09140625 0.70625 0.0609375 0.05
0 0.203125 0.73046875 0.053125 0.0640625
0 0.26640625 0.7546875 0.0609375 0.071875
0 0.315625 0.77265625 0.046875 0.0703125
0 0.35390625 0.76953125 0.0578125 0.0765625
0 0.41796875 0.7359375 0.0546875 0.08125
0 0.5015625 0.7546875 0.06875 0.090625
0 0.609375 0.7109375 0.0625 0.09375
0 0.67109375 0.6234375 0.1046875 0.140625
0 0.8046875 0.64296875 0.1625 0.2140625
0 0.70078125 0.68515625 0.0765625 0.0640625
0 0.6234375 0.975 0.065625 0.05
0 0.496875 0.9125 0.046875 0.05
0 0.30390625 0.5609375 0.0703125 0.1125
0 0.38828125 0.5828125 0.1078125 0.16875
0 0.3515625 0.47734375 0.075 0.0859375
0 0.49609375 0.5984375 0.1171875 0.1625
0 0.571875 0.48359375 0.125 0.1671875
0 0.22421875 0.3328125 0.0609375 0.053125