0 0.071875 0.51484375 0.06953125 0.07421875
0 0.021875 0.89375 0.040625 0.11875
0 0.06875 0.95625 0.134375 0.078125
0 0.02421875 0.10078125 0.02265625 0.0203125
0 0.5890625 0.12578125 0.05390625 0.05859375
0 0.9390625 0.1640625 0.05625 0.04296875
0 0.86875 0.14140625 0.03984375 0.05546875
0 0.72734375 0.28203125 0.05078125 0.0484375
0 0.5328125 0.47734375 0.03828125 0.03984375
0 0.7203125 0.22890625 0.0328125 0.03203125
0 0.6703125 0.4125 0.04296875 0.0703125
0 0.98984375 0.37265625 0.0203125 0.06171875
0 0.86640625 0.5109375 0.05546875 0.125
0 0.98359375 0.5265625 0.03203125 0.07734375
0 0.5828125 0.371875 0.0296875 0.021875
0 0.5421875 0.8078125 0.16796875 0.1734375
0 0.4484375 0.91015625 0.0703125 0.0703125
0 0.60078125 0.90234375 0.1125 0.1078125
0 0.84140625 0.89609375 0.07109375 0.0890625
0 0.36640625 0.91328125 0.05859375 0.0734375