0 0.18359375 0.98125 0.096875 0.03671875
0 0.22109375 0.94375 0.06640625 0.04921875
0 0.28046875 0.93671875 0.06171875 0.05
0 0.82578125 0.921875 0.0890625 0.05078125
0 0.7609375 0.8 0.08125 0.05390625
0 0.90625 0.815625 0.08125 0.05078125
0 0.9140625 0.7296875 0.09296875 0.06796875
0 0.05546875 0.628125 0.08046875 0.04296875
0 0.46953125 0.60859375 0.08203125 0.04453125
0 0.67734375 0.5140625 0.06796875 0.05546875
0 0.71875 0.44296875 0.0734375 0.05078125
0 0.940625 0.3390625 0.06953125 0.0421875
0 0.04609375 0.203125 0.07578125 0.06171875
0 0.85 0.06640625 0.1015625 0.0671875