0 0.08046875 0.54375 0.08359375 0.13359375
0 0.03359375 0.84296875 0.06640625 0.1140625
0 0.225 0.58359375 0.07109375 0.08359375
0 0.27109375 0.6859375 0.08359375 0.1109375
0 0.30546875 0.79609375 0.08359375 0.103125
0 0.46328125 0.4484375 0.09765625 0.146875
0 0.47109375 0.55390625 0.07890625 0.096875
0 0.42890625 0.659375 0.08359375 0.10859375
0 0.49765625 0.753125 0.09140625 0.10546875
0 0.55546875 0.634375 0.09375 0.1140625
0 0.596875 0.56953125 0.09375 0.14453125
0 0.68828125 0.5609375 0.09375 0.14453125
0 0.653125 0.740625 0.10234375 0.1359375
0 0.67109375 0.88359375 0.1125 0.14453125
0 0.846875 0.82890625 0.12265625 0.14140625
0 0.88125 0.7 0.07890625 0.1390625
0 0.94765625 0.4125 0.1 0.14140625
0 0.87265625 0.23046875 0.06640625 0.1
0 0.86875 0.05859375 0.10390625 0.1109375
0 0.51328125 0.05703125 0.04375 0.053125
0 0.40546875 0.140625 0.03515625 0.04140625
0 0.12265625 0.21640625 0.025 0.0390625
0 0.10234375 0.675 0.0796875 0.109375
0 0.028125 0.66171875 0.053125 0.0953125
0 0.39921875 0.22578125 0.03203125 0.03203125