0 0.62890625 0.365625 0.2453125 0.3375
0 0.81640625 0.253125 0.2171875 0.303125
0 0.9328125 0.05859375 0.10625 0.1171875
0 0.64921875 0.06875 0.2171875 0.1375
0 0.5453125 0.2015625 0.209375 0.28125
0 0.2421875 0.459375 0.271875 0.384375
0 0.440625 0.5390625 0.209375 0.29375
0 0.77421875 0.69609375 0.2640625 0.3421875
0 0.63203125 0.64921875 0.1828125 0.3109375
0 0.2375 0.90703125 0.16875 0.1859375
0 0.26484375 0.7828125 0.1578125 0.1875
0 0.05859375 0.88671875 0.1171875 0.2171875
0 0.54765625 0.8234375 0.0921875 0.1375