0 0.7453125 0.98046875 0.08125 0.03828125
0 0.4484375 0.92890625 0.06640625 0.05
0 0.38515625 0.94296875 0.06484375 0.05078125
0 0.534375 0.79375 0.0890625 0.05859375
0 0.36796875 0.76484375 0.07890625 0.05078125
0 0.2359375 0.671875 0.06484375 0.05
0 0.609375 0.6859375 0.08671875 0.0609375
0 0.53984375 0.66015625 0.06484375 0.04765625
0 0.4 0.55078125 0.13671875 0.05
0 0.80390625 0.64296875 0.08359375 0.0640625
0 0.853125 0.59921875 0.07421875 0.04296875
0 0.88671875 0.56328125 0.0703125 0.04765625
0 0.10703125 0.465625 0.06015625 0.04921875
0 0.403125 0.43515625 0.10078125 0.03671875
0 0.6859375 0.4078125 0.1 0.05703125
0 0.76875 0.40703125 0.084375 0.04921875
0 0.1046875 0.36640625 0.0796875 0.03359375
0 0.32734375 0.290625 0.08828125 0.05234375
0 0.14140625 0.26171875 0.065625 0.046875
0 0.21328125 0.17734375 0.06953125 0.04296875
0 0.065625 0.025 0.13046875 0.04921875
0 0.27578125 0.11875 0.05625 0.04140625
0 0.80859375 0.2359375 0.09296875 0.0421875