0 0.80078125 0.96875 0.0953125 0.06171875
0 0.3265625 0.90390625 0.07890625 0.0515625
0 0.3578125 0.8609375 0.06953125 0.04609375
0 0.29296875 0.859375 0.053125 0.03203125
0 0.096875 0.70078125 0.09921875 0.05703125
0 0.2734375 0.73125 0.07890625 0.0375
0 0.340625 0.69765625 0.04375 0.02109375
0 0.4796875 0.753125 0.05703125 0.04140625
0 0.62578125 0.72578125 0.06328125 0.04453125
0 0.690625 0.7390625 0.07578125 0.04296875
0 0.90625 0.75390625 0.0796875 0.04140625
0 0.71171875 0.6828125 0.09453125 0.06875
0 0.890625 0.5703125 0.08984375 0.05390625
0 0.2203125 0.3828125 0.08828125 0.05625
0 0.62109375 0.44375 0.08828125 0.04609375
0 0.91640625 0.2671875 0.11875 0.06328125
0 0.6765625 0.28125 0.103125 0.06328125
0 0.89921875 0.13515625 0.11328125 0.06953125
0 0.80546875 0.1359375 0.1 0.07109375