0 0.1859375 0.196875 0.08359375 0.06875
0 0.41171875 0.253125 0.1109375 0.08515625
0 0.25390625 0.30546875 0.103125 0.06875
0 0.50546875 0.10078125 0.071875 0.04375
0 0.64140625 0.178125 0.08359375 0.08515625
0 0.703125 0.25703125 0.09453125 0.06875
0 0.875 0.05859375 0.10546875 0.1
0 0.9515625 0.190625 0.09140625 0.07265625
0 0.35703125 0.434375 0.103125 0.08515625
0 0.35 0.52265625 0.1 0.09140625
0 0.415625 0.59375 0.096875 0.08359375
0 0.3234375 0.6078125 0.0859375 0.075
0 0.740625 0.52578125 0.1359375 0.09765625
0 0.72734375 0.665625 0.11953125 0.07265625
0 0.6375 0.859375 0.075 0.05625
0 0.33515625 0.97578125 0.08046875 0.04765625