0 0.2703125 0.4515625 0.11171875 0.1546875
0 0.48125 0.4546875 0.121875 0.16484375
0 0.33125 0.565625 0.1171875 0.1578125
0 0.9328125 0.9203125 0.1328125 0.15625
0 0.8546875 0.86953125 0.11015625 0.15390625
0 0.56171875 0.890625 0.11171875 0.16328125
0 0.5859375 0.50078125 0.1015625 0.11640625
0 0.6921875 0.8890625 0.090625 0.1390625
0 0.63359375 0.8625 0.0953125 0.146875
0 0.4546875 0.5828125 0.13515625 0.12578125
0 0.3703125 0.46953125 0.1078125 0.16484375
0 0.5265625 0.715625 0.1234375 0.1046875
0 0.5390625 0.64140625 0.11328125 0.14453125
0 0.4484375 0.70859375 0.08359375 0.103125