0 0.38203125 0.796875 0.0796875 0.128125
0 0.6828125 0.6890625 0.10625 0.16875
0 0.5234375 0.4203125 0.096875 0.1375
0 0.5015625 0.559375 0.096875 0.1375
0 0.7640625 0.53046875 0.1 0.1703125
0 0.9078125 0.70546875 0.0875 0.1421875
0 0.959375 0.25703125 0.08125 0.1890625
0 0.67109375 0.06171875 0.0859375 0.1234375
0 0.5796875 0.0625 0.08125 0.125
0 0.5828125 0.21484375 0.09375 0.1453125
0 0.18359375 0.2203125 0.0890625 0.146875
0 0.32265625 0.2265625 0.0953125 0.125
0 0.815625 0.06484375 0.08125 0.1203125
0 0.73515625 0.04296875 0.0765625 0.0859375