0 0.03046875 0.11640625 0.05234375 0.0609375
0 0.06640625 0.071875 0.05390625 0.05546875
0 0.18125 0.10546875 0.07109375 0.14453125
0 0.23359375 0.28046875 0.09140625 0.128125
0 0.33359375 0.259375 0.1 0.1359375
0 0.16796875 0.396875 0.07734375 0.11640625
0 0.09765625 0.4359375 0.06640625 0.11640625
0 0.30546875 0.51796875 0.09375 0.125
0 0.346875 0.415625 0.08125 0.1140625
0 0.0625 0.64140625 0.06640625 0.09453125
0 0.57109375 0.45 0.04140625 0.05546875
0 0.52109375 0.615625 0.0375 0.053125
0 0.48515625 0.60703125 0.0375 0.04140625
0 0.46484375 0.246875 0.02109375 0.03359375
0 0.70234375 0.1765625 0.05 0.053125
0 0.82890625 0.62109375 0.07890625 0.11953125
0 0.95859375 0.478125 0.06640625 0.1
0 0.715625 0.7140625 0.08984375 0.121875
0 0.66015625 0.73203125 0.0625 0.10859375
0 0.7125 0.84453125 0.07890625 0.1109375
0 0.784375 0.8484375 0.04375 0.053125
0 0.8625 0.7765625 0.075 0.1140625
0 0.946875 0.7859375 0.07734375 0.1390625
0 0.909375 0.859375 0.07265625 0.075
0 0.97578125 0.921875 0.03984375 0.1
0 0.98515625 0.2765625 0.025 0.0640625
0 0.52890625 0.040625 0.0796875 0.08125
0 0.9265625 0.03984375 0.103125 0.0796875
0 0.58203125 0.02421875 0.07421875 0.04765625
0 0.17578125 0.6765625 0.06953125 0.08828125