0 0.14375 0.171875 0.096875 0.121875
0 0.37265625 0.22890625 0.0859375 0.1140625
0 0.31796875 0.40078125 0.0828125 0.0921875
0 0.44140625 0.39765625 0.0703125 0.0859375
0 0.3984375 0.353125 0.04375 0.05625
0 0.45625 0.25859375 0.059375 0.0859375
0 0.4171875 0.0984375 0.065625 0.084375
0 0.62890625 0.13828125 0.0703125 0.0921875
0 0.83671875 0.19609375 0.0984375 0.1265625
0 0.74375 0.21015625 0.071875 0.1015625
0 0.90078125 0.0453125 0.1296875 0.090625
0 0.93203125 0.2953125 0.0921875 0.103125
0 0.89765625 0.21953125 0.0640625 0.0921875
0 0.8046875 0.3453125 0.08125 0.1125
0 0.7484375 0.40546875 0.0375 0.0609375
0 0.6015625 0.4765625 0.046875 0.071875
0 0.5484375 0.43671875 0.040625 0.0515625
0 0.56640625 0.34765625 0.0390625 0.0453125
0 0.5984375 0.30546875 0.040625 0.0640625
0 0.5578125 0.28203125 0.040625 0.0515625
0 0.45234375 0.52890625 0.0484375 0.0578125
0 0.46640625 0.46875 0.0546875 0.05625
0 0.2671875 0.96171875 0.1 0.0765625
0 0.63984375 0.82578125 0.0828125 0.1078125
0 0.55625 0.634375 0.0625 0.090625
0 0.6125 0.5921875 0.065625 0.090625
0 0.378125 0.67109375 0.0453125 0.04140625
0 0.371875 0.621875 0.03203125 0.0359375
0 0.38984375 0.57890625 0.0375 0.040625
0 0.97421875 0.69921875 0.0515625 0.075
0 0.859375 0.7578125 0.04921875 0.0515625
0 0.74765625 0.4625 0.03984375 0.03203125
0 0.29453125 0.28359375 0.0515625 0.05703125
0 0.7828125 0.44453125 0.0375 0.0375
0 0.65 0.5328125 0.04140625 0.0515625
0 0.68984375 0.67578125 0.03125 0.03125
0 0.8875 0.6125 0.04453125 0.04375