0 0.546875 0.4046875 0.165625 0.246875
0 0.7 0.55234375 0.18125 0.2609375
0 0.88671875 0.5296875 0.1921875 0.3125
0 0.5890625 0.7421875 0.10625 0.171875
0 0.65234375 0.75390625 0.0671875 0.1515625
0 0.73359375 0.76875 0.0859375 0.14375
0 0.803125 0.75234375 0.103125 0.1765625
0 0.90625 0.8734375 0.084375 0.171875
0 0.96015625 0.85 0.0796875 0.165625
0 0.5015625 0.58515625 0.140625 0.2140625
0 0.3859375 0.6015625 0.128125 0.2
0 0.20078125 0.5375 0.1453125 0.225
0 0.10703125 0.50859375 0.1140625 0.2296875
0 0.11796875 0.6265625 0.0796875 0.090625
0 0.05859375 0.34140625 0.0828125 0.1359375
0 0.19921875 0.36640625 0.0859375 0.1015625
0 0.30859375 0.29609375 0.0921875 0.1203125
0 0.334375 0.50546875 0.103125 0.1703125
0 0.32421875 0.66328125 0.0765625 0.1359375
0 0.409375 0.81953125 0.08125 0.1234375
0 0.59921875 0.890625 0.1046875 0.15
0 0.56484375 0.98515625 0.1140625 0.0296875
0 0.2328125 0.9265625 0.090625 0.125