0 0.87421875 0.34765625 0.2296875 0.3453125
0 0.1203125 0.1984375 0.228125 0.340625
0 0.53984375 0.8578125 0.2609375 0.28125
0 0.5859375 0.25625 0.215625 0.309375
0 0.15 0.46328125 0.18125 0.2890625
0 0.72578125 0.54609375 0.1890625 0.3734375
0 0.565625 0.5921875 0.28125 0.396875
0 0.4046875 0.31640625 0.284375 0.3890625
0 0.24140625 0.59921875 0.2890625 0.3953125
0 0.28828125 0.2453125 0.1984375 0.325
0 0.37734375 0.08828125 0.2078125 0.1203125
0 0.2734375 0.8359375 0.234375 0.278125
0 0.67578125 0.15546875 0.2140625 0.3109375