0 0.853125 0.3109375 0.04375 0.078125
0 0.08515625 0.0375 0.0453125 0.075
0 0.33671875 0.37109375 0.0484375 0.0859375
0 0.3515625 0.4234375 0.046875 0.053125
0 0.82734375 0.434375 0.0390625 0.053125
0 0.60703125 0.0484375 0.0359375 0.08046875
0 0.446875 0.0484375 0.05 0.09453125
0 0.621875 0.50703125 0.028125 0.075
0 0.42890625 0.509375 0.0484375 0.0859375
0 0.53828125 0.553125 0.028125 0.06640625
0 0.89453125 0.6140625 0.0296875 0.05546875
0 0.57265625 0.69609375 0.0546875 0.1140625
0 0.828125 0.07890625 0.03125 0.046875
0 0.06953125 0.828125 0.0453125 0.08359375
0 0.27890625 0.90390625 0.0578125 0.06953125
0 0.42265625 0.95859375 0.0390625 0.071875
0 0.55390625 0.96640625 0.0453125 0.06640625
0 0.0890625 0.971875 0.04375 0.05546875
0 0.28359375 0.1140625 0.0390625 0.078125
0 0.41484375 0.1640625 0.0484375 0.08359375
0 0.3 0.1875 0.0375 0.05546875
0 0.51875 0.196875 0.04375 0.078125
0 0.84921875 0.20859375 0.0328125 0.0609375