0 0.059375 0.384375 0.0453125 0.025
0 0.06640625 0.35703125 0.07109375 0.0234375
0 0.31796875 0.28359375 0.07421875 0.0296875
0 0.30546875 0.35234375 0.065625 0.0328125
0 0.27265625 0.42734375 0.0453125 0.0265625
0 0.22578125 0.4796875 0.04296875 0.03125
0 0.32265625 0.5265625 0.059375 0.03125
0 0.121875 0.559375 0.05078125 0.028125
0 0.47421875 0.58828125 0.0453125 0.0234375
0 0.809375 0.22421875 0.05078125 0.0390625
0 0.8453125 0.2125 0.07109375 0.0375
0 0.91484375 0.15859375 0.05078125 0.0359375
0 0.9375 0.11796875 0.05703125 0.0328125
0 0.7671875 0.46328125 0.06796875 0.0234375
0 0.7640625 0.43515625 0.0625 0.0296875
0 0.83984375 0.5359375 0.0484375 0.025
0 0.840625 0.51328125 0.0625 0.0203125
0 0.6734375 0.571875 0.0625 0.034375
0 0.9078125 0.60078125 0.065625 0.0265625
0 0.91640625 0.62421875 0.04296875 0.0265625
0 0.29140625 0.62734375 0.065625 0.0328125