0 0.0625 0.92734375 0.05859375 0.0390625
0 0.16640625 0.940625 0.08359375 0.059375
0 0.57109375 0.934375 0.075 0.046875
0 0.628125 0.91796875 0.06640625 0.0484375
0 0.9 0.95859375 0.08359375 0.0421875
0 0.76953125 0.78125 0.08359375 0.046875
0 0.57890625 0.76015625 0.06953125 0.0546875
0 0.7515625 0.65546875 0.0640625 0.0546875
0 0.834375 0.675 0.05859375 0.046875
0 0.59609375 0.56171875 0.06953125 0.0296875
0 0.24609375 0.47109375 0.0859375 0.0515625
0 0.828125 0.403125 0.08359375 0.05
0 0.92109375 0.41328125 0.10859375 0.0546875
0 0.775 0.36640625 0.06640625 0.0546875
0 0.534375 0.303125 0.06953125 0.053125
0 0.4625 0.19765625 0.075 0.0390625
0 0.328125 0.03203125 0.09453125 0.0515625
0 0.271875 0.05 0.071875 0.05