0 0.065625 0.08359375 0.13125 0.1671875
0 0.25546875 0.1109375 0.1390625 0.15625
0 0.30234375 0.2625 0.1859375 0.153125
0 0.1359375 0.37421875 0.11875 0.1015625
0 0.50625 0.346875 0.2375 0.1875
0 0.771875 0.078125 0.265625 0.15625
0 0.56015625 0.528125 0.2734375 0.25625
0 0.47109375 0.71328125 0.2453125 0.1984375
0 0.72578125 0.721875 0.2484375 0.221875
0 0.5640625 0.90625 0.2375 0.1875
0 0.43515625 0.83515625 0.0703125 0.0796875
0 0.84765625 0.79375 0.0859375 0.071875
0 0.8015625 0.59765625 0.115625 0.0765625
0 0.1 0.578125 0.075 0.05625
0 0.121875 0.52890625 0.06875 0.0484375
0 0.365625 0.83359375 0.0625 0.0640625
0 0.27109375 0.55625 0.0765625 0.046875
0 0.40703125 0.56640625 0.0671875 0.0640625