0 0.44453125 0.1296875 0.1984375 0.175
0 0.0734375 0.15546875 0.146875 0.1265625
0 0.31953125 0.38515625 0.1640625 0.1421875
0 0.45625 0.34375 0.171875 0.14375
0 0.7765625 0.51015625 0.1125 0.0796875
0 0.4609375 0.49609375 0.115625 0.0734375
0 0.51015625 0.53359375 0.0734375 0.0859375
0 0.628125 0.54140625 0.084375 0.0796875
0 0.728125 0.65078125 0.08125 0.0640625
0 0.56484375 0.740625 0.0828125 0.0625
0 0.5359375 0.64921875 0.090625 0.0484375
0 0.38125 0.615625 0.078125 0.05
0 0.346875 0.53828125 0.0875 0.0578125
0 0.1296875 0.72890625 0.065625 0.0515625
0 0.35 0.6984375 0.065625 0.053125
0 0.0609375 0.75859375 0.084375 0.0515625