0 0.0359375 0.26484375 0.06953125 0.15703125
0 0.0984375 0.29375 0.07109375 0.10625
0 0.13046875 0.4234375 0.09453125 0.05
0 0.2171875 0.43046875 0.05859375 0.08125
0 0.1234375 0.52421875 0.15625 0.171875
0 0.57890625 0.4609375 0.1515625 0.1484375
0 0.74375 0.440625 0.115625 0.125
0 0.6046875 0.5953125 0.1453125 0.1375
0 0.6390625 0.76875 0.0953125 0.1296875
0 0.74375 0.8109375 0.140625 0.1375
0 0.82734375 0.69140625 0.1265625 0.1328125
0 0.153125 0.7609375 0.15546875 0.153125
0 0.02421875 0.96640625 0.0484375 0.0671875
0 0.77734375 0.96484375 0.1546875 0.0703125
0 0.94921875 0.38828125 0.03125 0.0421875
0 0.946875 0.775 0.10625 0.1109375