0 0.63515625 0.8390625 0.08359375 0.05
0 0.56796875 0.759375 0.06484375 0.04140625
0 0.625 0.7234375 0.07890625 0.05078125
0 0.6828125 0.70625 0.06171875 0.05
0 0.7 0.75234375 0.0515625 0.0296875
0 0.0703125 0.734375 0.08125 0.04921875
0 0.4140625 0.6515625 0.1 0.05703125
0 0.75078125 0.5765625 0.1109375 0.05546875
0 0.14765625 0.48828125 0.103125 0.04921875
0 0.228125 0.48046875 0.08359375 0.04296875
0 0.57265625 0.4625 0.0859375 0.04609375
0 0.5546875 0.3875 0.09453125 0.06015625
0 0.6234375 0.3828125 0.05703125 0.06171875
0 0.68046875 0.3828125 0.08671875 0.0609375
0 0.41953125 0.328125 0.0796875 0.046875
0 0.3109375 0.27734375 0.06171875 0.05390625
0 0.37109375 0.25546875 0.08828125 0.04765625
0 0.44921875 0.24765625 0.08125 0.04921875
0 0.14921875 0.184375 0.0796875 0.05390625
0 0.31875 0.10078125 0.06953125 0.0453125
0 0.65390625 0.10703125 0.115625 0.07265625
0 0.703125 0.2578125 0.0859375 0.04609375
0 0.7703125 0.22421875 0.07578125 0.05
0 0.89296875 0.28828125 0.05390625 0.04140625