0 0.0671875 0.01328125 0.0703125 0.02421875
0 0.0671875 0.33984375 0.11875 0.125
0 0.63984375 0.01796875 0.065625 0.03359375
0 0.61328125 0.04921875 0.03125 0.03359375
0 0.17109375 0.0296875 0.13203125 0.05703125
0 0.25078125 0.0859375 0.13984375 0.1296875
0 0.3109375 0.015625 0.05859375 0.03125
0 0.32109375 0.178125 0.0640625 0.0625
0 0.8390625 0.240625 0.12578125 0.09609375
0 0.98984375 0.03359375 0.0203125 0.065625
0 0.18984375 0.31171875 0.128125 0.08984375
0 0.47734375 0.36953125 0.125 0.1234375
0 0.1765625 0.4046875 0.13203125 0.13671875
0 0.43203125 0.4703125 0.06328125 0.06640625
0 0.95078125 0.45 0.0984375 0.15625
0 0.2125 0.71328125 0.121875 0.12109375
0 0.7296875 0.73203125 0.14375 0.14765625
0 0.9859375 0.64921875 0.028125 0.12578125
0 0.96796875 0.77578125 0.05390625 0.0546875
0 0.1765625 0.83046875 0.10546875 0.115625
0 0.684375 0.8484375 0.15234375 0.08203125
0 0.6359375 0.940625 0.12890625 0.11796875
0 0.79921875 0.95546875 0.1078125 0.0890625