0 0.2859375 0.740625 0.06640625 0.03125
0 0.3359375 0.7109375 0.071875 0.04375
0 0.575 0.70625 0.071875 0.04375
0 0.82890625 0.4609375 0.09140625 0.04375
0 0.859375 0.38984375 0.096875 0.0484375
0 0.51640625 0.44140625 0.08359375 0.0359375
0 0.35546875 0.43125 0.08359375 0.046875
0 0.234375 0.56328125 0.05859375 0.0265625
0 0.03203125 0.41484375 0.0640625 0.0609375
0 0.62890625 0.2953125 0.08046875 0.05625
0 0.590625 0.33046875 0.053125 0.0484375
0 0.871875 0.165625 0.08359375 0.05625
0 0.1515625 0.33046875 0.053125 0.0453125