0 0.14765625 0.525 0.0671875 0.08515625
0 0.32265625 0.4109375 0.05 0.07578125
0 0.38359375 0.378125 0.0515625 0.07265625
0 0.45234375 0.275 0.0546875 0.0890625
0 0.50625 0.27109375 0.04765625 0.0796875
0 0.58203125 0.365625 0.05078125 0.0921875
0 0.4546875 0.4171875 0.06015625 0.075
0 0.3046875 0.64609375 0.04765625 0.0609375
0 0.21015625 0.696875 0.0546875 0.07265625
0 0.17109375 0.61015625 0.05546875 0.06875
0 0.0234375 0.35390625 0.046875 0.075
0 0.0546875 0.26484375 0.05234375 0.06875
0 0.340625 0.796875 0.04375 0.06875
0 0.12734375 0.95703125 0.028125 0.065625
0 0.15 0.675 0.0390625 0.03671875
0 0.49140625 0.95703125 0.03125 0.08046875
0 0.42890625 0.8734375 0.04609375 0.03359375
0 0.425 0.65 0.03828125 0.06015625
0 0.68359375 0.39453125 0.059375 0.0828125
0 0.67109375 0.659375 0.0625 0.0671875
0 0.7671875 0.7296875 0.0515625 0.0609375
0 0.88046875 0.63203125 0.05625 0.0671875
0 0.96796875 0.65234375 0.0640625 0.1046875
0 0.97734375 0.55 0.0453125 0.078125
0 0.97734375 0.8359375 0.0453125 0.115625
0 0.946875 0.90234375 0.06953125 0.10546875
0 0.87578125 0.76484375 0.0609375 0.0953125
0 0.828125 0.7578125 0.03671875 0.09453125
0 0.73125 0.42421875 0.04375 0.08046875
0 0.73359375 0.50703125 0.05078125 0.06953125
0 0.771875 0.40234375 0.0328125 0.0546875
0 0.759375 0.33359375 0.046875 0.07421875
0 0.9296875 0.27265625 0.0515625 0.06875
0 0.85546875 0.30703125 0.06015625 0.06875
0 0.9046875 0.3375 0.0328125 0.05234375
0 0.80625 0.15859375 0.046875 0.040625
0 0.75390625 0.171875 0.04375 0.05625
0 0.70859375 0.178125 0.0515625 0.08515625
0 0.2828125 0.32109375 0.0609375 0.08359375
0 0.4765625 0.34921875 0.0609375 0.071875
0 0.40546875 0.7515625 0.0453125 0.06328125
0 0.2046875 0.2203125 0.04765625 0.0671875