0 0.6046875 0.190625 0.284375 0.290625
0 0.56484375 0.45859375 0.2640625 0.2609375
0 0.74609375 0.55234375 0.2640625 0.2359375
0 0.815625 0.778125 0.28125 0.29375
0 0.55859375 0.69921875 0.2390625 0.2765625
0 0.409375 0.68515625 0.1625 0.2578125
0 0.278125 0.5859375 0.2375 0.259375
0 0.23046875 0.75625 0.2484375 0.209375
0 0.0828125 0.56328125 0.165625 0.1984375
0 0.06640625 0.44375 0.1328125 0.121875
0 0.27578125 0.4375 0.2078125 0.146875
0 0.44921875 0.93125 0.1515625 0.1375
0 0.28203125 0.9671875 0.1796875 0.065625
0 0.9640625 0.6609375 0.071875 0.08125