0 0.15 0.07578125 0.253125 0.1515625
0 0.1453125 0.209375 0.225 0.153125
0 0.2765625 0.2328125 0.15625 0.153125
0 0.34921875 0.321875 0.2109375 0.175
0 0.840625 0.2546875 0.19375 0.15
0 0.52734375 0.2953125 0.1421875 0.090625
0 0.58671875 0.37734375 0.1109375 0.0890625
0 0.3640625 0.50390625 0.2125 0.1671875
0 0.84375 0.71953125 0.115625 0.1046875
0 0.40234375 0.71015625 0.2421875 0.2078125
0 0.61796875 0.85859375 0.2515625 0.1984375
0 0.4140625 0.92421875 0.221875 0.1515625
0 0.71640625 0.96015625 0.1640625 0.0796875
0 0.7734375 0.8296875 0.11875 0.10625
0 0.0328125 0.49609375 0.065625 0.1046875
0 0.028125 0.85078125 0.05625 0.0890625
0 0.21875 0.4171875 0.075 0.05
0 0.78359375 0.0953125 0.1265625 0.10625
0 0.66171875 0.5140625 0.0984375 0.096875
0 0.12421875 0.52421875 0.0734375 0.0640625
0 0.1796875 0.5953125 0.096875 0.075