0 0.409375 0.91484375 0.05625 0.06015625
0 0.79453125 0.74453125 0.1015625 0.06328125
0 0.41171875 0.67109375 0.06875 0.05859375
0 0.49765625 0.74765625 0.08828125 0.04609375
0 0.6515625 0.65703125 0.06640625 0.03671875
0 0.59296875 0.6328125 0.06484375 0.0421875
0 0.678125 0.61015625 0.07890625 0.04609375
0 0.48203125 0.59609375 0.09453125 0.059375
0 0.6734375 0.54921875 0.0703125 0.028125
0 0.1609375 0.53203125 0.08984375 0.03125
0 0.52265625 0.44296875 0.08984375 0.05390625
0 0.40625 0.4140625 0.08125 0.05234375
0 0.15546875 0.35859375 0.08359375 0.05078125
0 0.590625 0.40390625 0.07890625 0.05546875
0 0.59375 0.3515625 0.09921875 0.0640625
0 0.5140625 0.3140625 0.0984375 0.0546875
0 0.64296875 0.3 0.07578125 0.05078125
0 0.665625 0.33828125 0.06875 0.04140625
0 0.73828125 0.34765625 0.1015625 0.0578125
0 0.8359375 0.3921875 0.08359375 0.04453125
0 0.80625 0.2359375 0.08828125 0.0546875
0 0.765625 0.16953125 0.0953125 0.0546875
0 0.55703125 0.21796875 0.09296875 0.05234375
0 0.4140625 0.21171875 0.071875 0.04296875
0 0.4828125 0.21015625 0.08984375 0.06328125
0 0.3765625 0.09453125 0.1046875 0.06953125
0 0.50546875 0.0953125 0.06953125 0.04609375
0 0.57890625 0.0859375 0.0734375 0.0484375
0 0.58203125 0.14453125 0.090625 0.05234375