0 0.4578125 0.1640625 0.146875 0.2453125
0 0.23984375 0.21875 0.1265625 0.20234375
0 0.05859375 0.49375 0.11640625 0.24375
0 0.08671875 0.375 0.146875 0.2265625
0 0.23671875 0.4375 0.13984375 0.2203125
0 0.13984375 0.7828125 0.1734375 0.2796875
0 0.26015625 0.61796875 0.16328125 0.23203125
0 0.31640625 0.875 0.146875 0.2265625
0 0.371875 0.44921875 0.11640625 0.19609375
0 0.50859375 0.52109375 0.1703125 0.24375
0 0.4 0.76640625 0.1796875 0.23203125
0 0.5015625 0.9109375 0.18984375 0.16640625
0 0.5453125 0.7265625 0.15 0.2140625
0 0.696875 0.6546875 0.16640625 0.26171875
0 0.79609375 0.42421875 0.15 0.24375
0 0.640625 0.3734375 0.1703125 0.25
0 0.68671875 0.225 0.13984375 0.17890625
0 0.7953125 0.0890625 0.14296875 0.16640625
0 0.91640625 0.3484375 0.153125 0.19609375
0 0.85 0.628125 0.16015625 0.24375
0 0.8109375 0.9015625 0.16875 0.196875
0 0.92890625 0.82421875 0.13671875 0.2203125
0 0.55703125 0.10390625 0.1609375 0.2078125
0 0.0578125 0.10859375 0.115625 0.21640625
0 0.31171875 0.08359375 0.1171875 0.1671875
0 0.6703125 0.92421875 0.12421875 0.1515625
0 0.9390625 0.1859375 0.121875 0.128125