0 0.03515625 0.29140625 0.065625 0.0359375
0 0.06640625 0.3984375 0.0484375 0.028125
0 0.175 0.3984375 0.0484375 0.028125
0 0.15234375 0.31328125 0.04296875 0.0328125
0 0.52109375 0.36484375 0.05390625 0.0328125
0 0.50703125 0.3890625 0.0484375 0.034375
0 0.39375 0.61171875 0.0484375 0.0265625
0 0.05703125 0.6421875 0.05703125 0.015625
0 0.575 0.55078125 0.05390625 0.0296875
0 0.4875 0.52265625 0.0484375 0.0328125
0 0.61953125 0.52734375 0.0625 0.0265625
0 0.5796875 0.43125 0.0625 0.028125
0 0.40234375 0.321875 0.05390625 0.028125
0 0.6875 0.33515625 0.0453125 0.0390625
0 0.7984375 0.6125 0.03984375 0.034375