0 0.34921875 0.23671875 0.0828125 0.1328125
0 0.61328125 0.03671875 0.0890625 0.0734375
0 0.84921875 0.059375 0.0859375 0.1125
0 0.9796875 0.20078125 0.040625 0.0921875
0 0.87421875 0.2203125 0.0828125 0.109375
0 0.81875 0.35390625 0.08125 0.1171875
0 0.81328125 0.721875 0.0765625 0.10625
0 0.6625 0.87890625 0.078125 0.1328125
0 0.39609375 0.9796875 0.0734375 0.040625
0 0.159375 0.7875 0.075 0.1125
0 0.0828125 0.49296875 0.075 0.0890625
0 0.1875 0.33671875 0.078125 0.1140625
0 0.23671875 0.3015625 0.0546875 0.109375
0 0.2890625 0.309375 0.08125 0.125
0 0.58515625 0.37578125 0.0765625 0.1234375
0 0.646875 0.23046875 0.08125 0.1359375
0 0.553125 0.128125 0.078125 0.1
0 0.44765625 0.1390625 0.0796875 0.121875
0 0.14453125 0.05859375 0.0703125 0.0953125
0 0.45859375 0.66953125 0.0703125 0.1171875
0 0.5640625 0.58359375 0.084375 0.1203125
0 0.68515625 0.6625 0.0578125 0.1
0 0.78828125 0.6109375 0.0703125 0.0875