0 0.16796875 0.91328125 0.07578125 0.04296875
0 0.06640625 0.865625 0.046875 0.03359375
0 0.14921875 0.77890625 0.07109375 0.03984375
0 0.38671875 0.7828125 0.07109375 0.03828125
0 0.9078125 0.7890625 0.09375 0.05234375
0 0.87890625 0.8515625 0.07109375 0.04609375
0 0.7359375 0.83046875 0.0703125 0.05390625
0 0.68203125 0.8765625 0.07890625 0.059375
0 0.83515625 0.965625 0.09296875 0.04765625
0 0.4859375 0.425 0.04140625 0.03671875
0 0.12578125 0.45546875 0.0296875 0.03046875
0 0.03515625 0.31484375 0.06875 0.04921875
0 0.3859375 0.29453125 0.12578125 0.0625
0 0.478125 0.328125 0.06484375 0.04296875
0 0.58671875 0.25625 0.08359375 0.04921875
0 0.65625 0.1546875 0.10078125 0.0625
0 0.72578125 0.0984375 0.1015625 0.05859375
0 0.03046875 0.23984375 0.059375 0.05390625
