0 0.89140625 0.06875 0.2171875 0.1375
0 0.359375 0.121875 0.3875 0.24375
0 0.428125 0.37265625 0.36875 0.2859375
0 0.22421875 0.2859375 0.1984375 0.228125
0 0.21796875 0.51015625 0.3140625 0.2453125
0 0.53203125 0.6015625 0.3578125 0.278125
0 0.4703125 0.80859375 0.29375 0.1953125
0 0.253125 0.75625 0.190625 0.196875
0 0.69609375 0.3578125 0.2671875 0.23125
0 0.85859375 0.22421875 0.1796875 0.1515625
0 0.93359375 0.6546875 0.1328125 0.178125
0 0.7953125 0.72109375 0.196875 0.1515625
0 0.90859375 0.825 0.1828125 0.146875
0 0.74296875 0.85 0.1796875 0.16875
0 0.8984375 0.96328125 0.2 0.0734375
0 0.55703125 0.94140625 0.2421875 0.1171875
0 0.32421875 0.96484375 0.2328125 0.0703125
