0 0.93046875 0.0703125 0.1109375 0.059375
0 0.71640625 0.071875 0.06640625 0.028125
0 0.7265625 0.1171875 0.075 0.046875
0 0.759375 0.203125 0.11953125 0.059375
0 0.7765625 0.31328125 0.053125 0.0390625
0 0.715625 0.34609375 0.096875 0.0453125
0 0.5875 0.33515625 0.13046875 0.0609375
0 0.71953125 0.39453125 0.09453125 0.0546875
0 0.04609375 0.16796875 0.06953125 0.0453125
0 0.05546875 0.43359375 0.078125 0.0421875
0 0.6390625 0.61171875 0.0890625 0.0453125
0 0.453125 0.52890625 0.11640625 0.0390625
0 0.52109375 0.753125 0.125 0.065625
0 0.6625 0.66484375 0.09140625 0.0453125
0 0.89296875 0.67578125 0.075 0.0515625
0 0.75 0.696875 0.11640625 0.0625
0 0.76953125 0.43671875 0.10546875 0.0546875
0 0.73359375 0.9125 0.08359375 0.0625
0 0.81953125 0.92421875 0.08359375 0.0640625
0 0.903125 0.41171875 0.08359375 0.0515625
0 0.4515625 0.37578125 0.0859375 0.0484375
0 0.496875 0.215625 0.11640625 0.05
0 0.53203125 0.1359375 0.103125 0.046875
0 0.790625 0.08203125 0.075 0.0421875
