0 0.6828125 0.83828125 0.1375 0.1953125
0 0.87890625 0.690625 0.1046875 0.140625
0 0.18125 0.7515625 0.15625 0.203125
0 0.15546875 0.17734375 0.1296875 0.1796875
0 0.44296875 0.88671875 0.1140625 0.1578125
0 0.346875 0.328125 0.109375 0.14375
0 0.64921875 0.05234375 0.1359375 0.1046875
0 0.23046875 0.278125 0.1140625 0.165625
0 0.65703125 0.3265625 0.1078125 0.140625
0 0.54296875 0.3609375 0.1140625 0.15
0 0.62578125 0.5859375 0.0890625 0.109375
0 0.54375 0.7 0.1 0.1125
0 0.5890625 0.165625 0.1 0.10625
