0 0.36796875 0.14453125 0.1140625 0.1421875
0 0.26484375 0.06484375 0.0921875 0.1140625
0 0.21640625 0.1328125 0.0828125 0.09375
0 0.13203125 0.04296875 0.0765625 0.0859375
0 0.49921875 0.03515625 0.0890625 0.0703125
0 0.32890625 0.29765625 0.1171875 0.1453125
0 0.396875 0.353125 0.075 0.096875
0 0.50859375 0.31328125 0.0671875 0.0828125
0 0.61171875 0.3828125 0.0859375 0.103125
0 0.16015625 0.39609375 0.0796875 0.0984375
0 0.26484375 0.553125 0.1046875 0.11875
0 0.25 0.4765625 0.078125 0.1
0 0.3546875 0.63828125 0.125 0.1515625
0 0.2921875 0.796875 0.11875 0.13125
0 0.65 0.690625 0.084375 0.10625
0 0.596875 0.7578125 0.078125 0.096875
0 0.6734375 0.765625 0.0875 0.090625
0 0.85 0.7828125 0.0625 0.08125
0 0.82890625 0.9109375 0.0859375 0.125
0 0.72421875 0.92578125 0.0828125 0.0984375
0 0.7140625 0.9828125 0.0875 0.034375
0 0.79921875 0.9796875 0.0796875 0.040625
0 0.5515625 0.96796875 0.04375 0.0640625
0 0.47109375 0.85859375 0.0671875 0.0828125
0 0.753125 0.35234375 0.05 0.0546875
0 0.92109375 0.3515625 0.0453125 0.05625
0 0.9703125 0.49765625 0.05 0.0578125
0 0.9828125 0.62109375 0.034375 0.0828125
0 0.72421875 0.5796875 0.0734375 0.08125
0 0.56640625 0.54921875 0.0703125 0.0859375
0 0.74609375 0.4953125 0.0765625 0.075
0 0.74609375 0.5 0.0765625 0.078125
0 0.30703125 0.89765625 0.0640625 0.0671875
0 0.44375 0.8125 0.0625 0.071875
0 0.16171875 0.13359375 0.0421875 0.0984375
0 0.821875 0.4328125 0.04375 0.040625
