0 0.9375 0.92734375 0.05859375 0.0390625
0 0.83359375 0.940625 0.08359375 0.059375
0 0.42890625 0.934375 0.075 0.046875
0 0.371875 0.91796875 0.06640625 0.0484375
0 0.1 0.95859375 0.08359375 0.0421875
0 0.23046875 0.78125 0.08359375 0.046875
0 0.42109375 0.76015625 0.06953125 0.0546875
0 0.2484375 0.65546875 0.0640625 0.0546875
0 0.165625 0.675 0.05859375 0.046875
0 0.40390625 0.56171875 0.06953125 0.0296875
0 0.75390625 0.47109375 0.0859375 0.0515625
0 0.171875 0.403125 0.08359375 0.05
0 0.07890625 0.41328125 0.10859375 0.0546875
0 0.225 0.36640625 0.06640625 0.0546875
0 0.465625 0.303125 0.06953125 0.053125
0 0.5375 0.19765625 0.075 0.0390625
0 0.671875 0.03203125 0.09453125 0.0515625
0 0.728125 0.05 0.071875 0.05
