0 0.9015625 0.09375 0.1578125 0.12109375
0 0.83125 0.31484375 0.159375 0.14921875
0 0.85390625 0.50546875 0.05 0.07109375
0 0.72578125 0.66875 0.0703125 0.0640625
0 0.7390625 0.8203125 0.1453125 0.1421875
0 0.65546875 0.6734375 0.13359375 0.14375
0 0.7203125 0.71015625 0.053125 0.03984375
0 0.56015625 0.04765625 0.14921875 0.09375
0 0.41640625 0.0515625 0.15703125 0.10078125
0 0.4578125 0.21015625 0.1546875 0.16796875
0 0.075 0.190625 0.14921875 0.1953125
0 0.521875 0.60234375 0.16015625 0.16875
0 0.3953125 0.715625 0.16484375 0.15546875
0 0.03828125 0.72734375 0.0765625 0.1609375
0 0.01171875 0.82109375 0.0234375 0.0328125
