0 0.803125 0.740625 0.071875 0.04375
0 0.20703125 0.859375 0.06953125 0.04375
0 0.2890625 0.77734375 0.05 0.0390625
0 0.2140625 0.7375 0.08359375 0.046875
0 0.159375 0.725 0.05859375 0.046875
0 0.41640625 0.65859375 0.06640625 0.0421875
0 0.4484375 0.66796875 0.053125 0.0390625
0 0.9609375 0.4921875 0.078125 0.04375
0 0.678125 0.490625 0.0890625 0.046875
0 0.940625 0.36328125 0.08046875 0.0578125
0 0.903125 0.33203125 0.0890625 0.0515625
0 0.26640625 0.39609375 0.1 0.0578125
0 0.196875 0.39140625 0.06640625 0.0515625
0 0.13359375 0.39296875 0.078125 0.0515625
0 0.4140625 0.3328125 0.071875 0.04375
0 0.44296875 0.25859375 0.0859375 0.0453125
0 0.3734375 0.25625 0.0640625 0.046875
0 0.66640625 0.1921875 0.08359375 0.046875
0 0.1140625 0.26875 0.06640625 0.046875
0 0.040625 0.23046875 0.053125 0.0421875
0 0.1390625 0.11875 0.10546875 0.0625
