0 0.82890625 0.38125 0.0609375 0.0625
0 0.8109375 0.31328125 0.06875 0.0734375
0 0.76484375 0.3703125 0.0546875 0.05
0 0.64765625 0.4375 0.0484375 0.05625
0 0.4828125 0.340625 0.05625 0.0625
0 0.6046875 0.41640625 0.046875 0.0546875
0 0.315625 0.290625 0.05625 0.046875
0 0.55234375 0.18359375 0.0296875 0.0328125
0 0.2953125 0.20859375 0.04375 0.0546875
0 0.2171875 0.20625 0.05 0.05
0 0.3640625 0.8328125 0.065625 0.059375
0 0.28046875 0.89140625 0.0515625 0.0421875
0 0.2984375 0.7921875 0.053125 0.06875
0 0.396875 0.69453125 0.0625 0.0671875
0 0.47578125 0.71796875 0.0546875 0.0453125
0 0.7609375 0.6921875 0.040625 0.04375
0 0.69765625 0.7078125 0.0453125 0.046875
0 0.64375 0.57890625 0.040625 0.0484375
0 0.5953125 0.60546875 0.0375 0.0515625
0 0.5421875 0.56328125 0.053125 0.0765625
0 0.5265625 0.6171875 0.0375 0.034375
0 0.42734375 0.553125 0.0546875 0.040625
0 0.42890625 0.64921875 0.0453125 0.0359375
0 0.40234375 0.6 0.0546875 0.040625
0 0.27578125 0.31640625 0.0453125 0.0578125
0 0.3671875 0.35859375 0.0375 0.0390625
0 0.18671875 0.4921875 0.0546875 0.04375
0 0.7984375 0.4890625 0.040625 0.059375
0 0.7484375 0.478125 0.0375 0.05625
0 0.1484375 0.03046875 0.0625 0.0609375
0 0.19375 0.1796875 0.034375 0.046875
