0 0.7984375 0.89296875 0.16640625 0.20703125
0 0.5796875 0.665625 0.14140625 0.18359375
0 0.54921875 0.3265625 0.1234375 0.171875
0 0.80546875 0.665625 0.15 0.1796875
0 0.74765625 0.19453125 0.1359375 0.19140625
0 0.3390625 0.7875 0.1265625 0.1515625
0 0.29921875 0.5203125 0.1125 0.16015625
0 0.859375 0.16953125 0.109375 0.190625
0 0.40546875 0.4859375 0.11171875 0.15
0 0.340625 0.60390625 0.11328125 0.1078125
0 0.54921875 0.14375 0.075 0.0875
0 0.16328125 0.09921875 0.08046875 0.0984375
0 0.0375 0.3734375 0.075 0.121875
0 0.08046875 0.30390625 0.05546875 0.059375
0 0.28046875 0.325 0.0703125 0.06484375
0 0.40703125 0.375 0.08046875 0.08671875
0 0.67578125 0.42421875 0.0578125 0.07578125
0 0.8484375 0.37890625 0.06015625 0.0421875
0 0.84140625 0.43515625 0.03984375 0.0421875
0 0.87421875 0.26953125 0.06015625 0.0421875
0 0.96171875 0.8171875 0.05234375 0.07421875
0 0.9625 0.31171875 0.0453125 0.0625
0 0.24140625 0.68359375 0.0875 0.1
