0 0.109375 0.9625 0.084375 0.03828125
0 0.38046875 0.9234375 0.059375 0.04140625
0 0.44140625 0.9359375 0.065625 0.04609375
0 0.840625 0.94765625 0.08671875 0.05
0 0.946875 0.9296875 0.065625 0.0375
0 0.4296875 0.76484375 0.071875 0.05
0 0.24453125 0.784375 0.08984375 0.05
0 0.5765625 0.675 0.06171875 0.046875
0 0.26328125 0.65703125 0.06953125 0.05078125
0 0.18046875 0.6796875 0.07109375 0.04296875
0 0.42265625 0.5640625 0.06796875 0.02734375
0 0.35703125 0.55078125 0.05 0.03203125
0 0.78125 0.4796875 0.11328125 0.05625
0 0.384375 0.44453125 0.08359375 0.05
0 0.196875 0.40390625 0.075 0.03671875
0 0.109375 0.4171875 0.09296875 0.0546875
0 0.0375 0.4140625 0.0734375 0.05390625
0 0.4828125 0.30703125 0.08203125 0.04765625
0 0.56171875 0.20234375 0.08359375 0.03984375
0 0.69609375 0.03203125 0.0796875 0.05234375
0 0.765625 0.05390625 0.090625 0.05
0 0.94921875 0.48203125 0.08984375 0.05390625
0 0.2234375 0.0796875 0.1203125 0.059375
0 0.15 0.27265625 0.08984375 0.065625
0 0.2359375 0.3609375 0.1078125 0.065625
