0 0.75546875 0.1671875 0.0625 0.0375
0 0.59765625 0.184375 0.065625 0.03125
0 0.55859375 0.21171875 0.03671875 0.0265625
0 0.61953125 0.21640625 0.05078125 0.0296875
0 0.55703125 0.25625 0.03984375 0.03125
0 0.590625 0.30078125 0.05078125 0.0359375
0 0.6890625 0.30390625 0.05390625 0.0265625
0 0.74609375 0.3 0.05390625 0.034375
0 0.71171875 0.35625 0.059375 0.0375
0 0.6421875 0.35859375 0.0453125 0.0265625
0 0.77109375 0.36640625 0.059375 0.0265625
0 0.684375 0.403125 0.0625 0.040625
0 0.5125 0.3703125 0.0484375 0.01875
0 0.8109375 0.4953125 0.0484375 0.028125
0 0.784375 0.51640625 0.05703125 0.0296875
0 0.76015625 0.540625 0.05390625 0.03125
0 0.609375 0.609375 0.05390625 0.034375
0 0.653125 0.6 0.0453125 0.021875
0 0.3921875 0.64140625 0.03984375 0.0265625
0 0.48984375 0.51796875 0.0484375 0.0140625
0 0.1421875 0.5015625 0.05703125 0.025
0 0.21484375 0.571875 0.05390625 0.021875
0 0.21015625 0.43828125 0.05703125 0.0265625
0 0.26015625 0.31875 0.02578125 0.021875
0 0.1859375 0.31015625 0.04296875 0.0296875
0 0.08515625 0.1953125 0.05703125 0.034375
0 0.16796875 0.53984375 0.03984375 0.0265625
