0 0.184375 0.64375 0.1078125 0.15234375
0 0.2796875 0.47734375 0.1015625 0.1453125
0 0.40546875 0.63984375 0.08515625 0.11640625
0 0.63359375 0.9578125 0.05859375 0.0828125
0 0.6625 0.76953125 0.05 0.07265625
0 0.871875 0.78984375 0.0296875 0.0421875
0 0.74453125 0.42421875 0.05234375 0.0703125
0 0.675 0.62578125 0.05703125 0.084375
0 0.6625 0.53203125 0.0484375 0.0765625
0 0.37578125 0.83515625 0.04921875 0.078125
0 0.52734375 0.1078125 0.08046875 0.11953125
0 0.459375 0.21796875 0.0765625 0.11171875
0 0.33515625 0.07421875 0.0734375 0.1078125
0 0.2703125 0.21875 0.08984375 0.13515625
0 0.38515625 0.1515625 0.04375 0.09609375
0 0.53203125 0.54921875 0.0890625 0.12265625
0 0.46328125 0.54453125 0.0359375 0.05859375
