0 0.69921875 0.27421875 0.2015625 0.1609375
0 0.7234375 0.1015625 0.0875 0.078125
0 0.89609375 0.309375 0.1296875 0.134375
0 0.85625 0.61640625 0.246875 0.1734375
0 0.93828125 0.64765625 0.1234375 0.1453125
0 0.61015625 0.6390625 0.1171875 0.0875
0 0.42734375 0.41328125 0.1796875 0.1390625
0 0.2578125 0.453125 0.18125 0.128125
0 0.35234375 0.59453125 0.1109375 0.0859375
0 0.38125 0.65625 0.103125 0.06875
0 0.6640625 0.8734375 0.140625 0.103125
0 0.465625 0.7671875 0.059375 0.059375
0 0.278125 0.74609375 0.153125 0.1140625
0 0.28828125 0.85703125 0.1453125 0.1015625
0 0.0609375 0.20078125 0.096875 0.0921875
0 0.1171875 0.16953125 0.059375 0.0640625
0 0.04765625 0.0609375 0.0953125 0.103125
0 0.41484375 0.2796875 0.0578125 0.05625
0 0.16328125 0.04140625 0.0640625 0.0609375
