0 0.790625 0.1828125 0.08125 0.10625
0 0.6953125 0.1359375 0.04140625 0.0703125
0 0.4578125 0.2125 0.0796875 0.1359375
0 0.51328125 0.27265625 0.05078125 0.0625
0 0.55625 0.34765625 0.08515625 0.1265625
0 0.67578125 0.2921875 0.0875 0.1265625
0 0.7640625 0.44296875 0.08359375 0.11796875
0 0.91015625 0.5765625 0.05 0.059375
0 0.8703125 0.7015625 0.04609375 0.059375
0 0.796875 0.721875 0.03828125 0.04609375
0 0.80546875 0.6453125 0.0328125 0.04375
0 0.6578125 0.71875 0.059375 0.08984375
0 0.628125 0.7359375 0.04609375 0.09453125
0 0.62265625 0.6328125 0.0359375 0.065625
0 0.48828125 0.634375 0.06875 0.1109375
0 0.440625 0.56875 0.04140625 0.05234375
0 0.340625 0.55703125 0.0484375 0.0546875
0 0.3484375 0.615625 0.03828125 0.046875
0 0.2109375 0.5703125 0.05625 0.07421875
0 0.21953125 0.653125 0.0484375 0.06171875
0 0.275 0.74765625 0.0390625 0.0546875
0 0.21796875 0.778125 0.0375 0.0484375
0 0.20234375 0.74765625 0.04296875 0.04765625
0 0.03828125 0.5046875 0.0765625 0.10234375
0 0.16640625 0.29296875 0.053125 0.08046875
0 0.0421875 0.27421875 0.0484375 0.05546875
0 0.22890625 0.2796875 0.05 0.065625
