0 0.6265625 0.28046875 0.365625 0.2546875
0 0.3171875 0.2859375 0.26875 0.21875
0 0.95703125 0.5 0.0859375 0.1875
0 0.86328125 0.678125 0.1984375 0.146875
0 0.52578125 0.5578125 0.3796875 0.271875
0 0.209375 0.50546875 0.31875 0.1796875
0 0.13203125 0.409375 0.2265625 0.140625
0 0.17890625 0.690625 0.1984375 0.18125
0 0.0671875 0.67265625 0.134375 0.1859375
0 0.08125 0.95 0.1625 0.1
0 0.5234375 0.87109375 0.359375 0.2296875
0 0.7765625 0.92421875 0.228125 0.1515625
0 0.93984375 0.78671875 0.1203125 0.2015625
0 0.5578125 0.696875 0.2125 0.1
0 0.78828125 0.7984375 0.1859375 0.10625
0 0.72265625 0.6703125 0.1265625 0.10625
0 0.9546875 0.95390625 0.090625 0.0734375
0 0.9625 0.23359375 0.075 0.1515625
