0 0.76640625 0.71953125 0.10859375 0.05703125
0 0.9265625 0.6390625 0.065625 0.03125
0 0.89375 0.58828125 0.05859375 0.04609375
0 0.69375 0.50390625 0.08671875 0.04609375
0 0.246875 0.40078125 0.14375 0.05703125
0 0.08671875 0.32734375 0.1015625 0.084375
0 0.83671875 0.3125 0.13515625 0.05546875
0 0.69765625 0.34609375 0.08203125 0.040625
0 0.95234375 0.37265625 0.0953125 0.05
0 0.953125 0.33125 0.08671875 0.03984375
0 0.78671875 0.109375 0.09609375 0.05390625
0 0.28828125 0.13828125 0.09140625 0.0515625
0 0.98515625 0.17578125 0.0296875 0.05390625
