0 0.74296875 0.1609375 0.0484375 0.028125
0 0.5953125 0.18046875 0.05390625 0.0328125
0 0.5609375 0.21171875 0.0484375 0.0265625
0 0.6109375 0.2171875 0.03984375 0.028125
0 0.55390625 0.25390625 0.0453125 0.0328125
0 0.58515625 0.303125 0.05703125 0.040625
0 0.67578125 0.309375 0.0453125 0.025
0 0.74140625 0.3015625 0.03984375 0.025
0 0.66484375 0.28046875 0.03984375 0.0203125
0 0.70625 0.35234375 0.05390625 0.0390625
0 0.63515625 0.35703125 0.0484375 0.0296875
0 0.5125 0.36796875 0.05390625 0.0203125
0 0.67890625 0.4015625 0.06796875 0.034375
0 0.753125 0.41015625 0.03984375 0.0296875
0 0.77109375 0.36328125 0.059375 0.0265625
0 0.80546875 0.49296875 0.059375 0.0328125
0 0.77578125 0.5171875 0.05078125 0.028125
0 0.75546875 0.53828125 0.0453125 0.0265625
0 0.60078125 0.60546875 0.0484375 0.0359375
0 0.63671875 0.6015625 0.05078125 0.028125
0 0.596875 0.50078125 0.034375 0.0265625
0 0.48828125 0.5125 0.034375 0.021875
0 0.17578125 0.31171875 0.05703125 0.0328125
0 0.23046875 0.3078125 0.0453125 0.01875
0 0.20625 0.43359375 0.05390625 0.0359375
0 0.24296875 0.440625 0.05390625 0.025
0 0.14375 0.49921875 0.059375 0.0328125
0 0.203125 0.56171875 0.059375 0.0296875
0 0.078125 0.18984375 0.0484375 0.0359375
