0 0.8375 0.55703125 0.115625 0.1203125
0 0.79375 0.771875 0.134375 0.1375
0 0.946875 0.96875 0.103125 0.0625
0 0.60625 0.7578125 0.11875 0.10625
0 0.3265625 0.6875 0.090625 0.084375
0 0.07734375 0.74140625 0.0828125 0.0640625
0 0.71171875 0.71875 0.0859375 0.09375
0 0.62109375 0.1671875 0.04921875 0.04765625
0 0.55078125 0.18671875 0.065625 0.06484375
0 0.48125 0.184375 0.05390625 0.05859375
0 0.44453125 0.08046875 0.0578125 0.059375
0 0.3515625 0.03046875 0.0515625 0.05703125
0 0.5234375 0.2375 0.0328125 0.05234375
0 0.48671875 0.23359375 0.03984375 0.0484375
0 0.56953125 0.52109375 0.065625 0.0671875
0 0.7625 0.496875 0.0609375 0.0625
0 0.5484375 0.3859375 0.0640625 0.06171875
0 0.43984375 0.66875 0.08359375 0.0734375
0 0.51328125 0.6984375 0.08984375 0.078125
0 0.28046875 0.584375 0.078125 0.084375
0 0.20234375 0.58828125 0.06328125 0.053125
