0 0.503125 0.0765625 0.10625 0.153125
0 0.1953125 0.54765625 0.103125 0.1484375
0 0.78046875 0.79140625 0.0328125 0.0453125
0 0.42109375 0.2765625 0.1109375 0.165625
0 0.6 0.45234375 0.13125 0.1890625
0 0.48046875 0.48359375 0.1109375 0.1890625
0 0.434375 0.4265625 0.08125 0.134375
0 0.39296875 0.484375 0.0796875 0.11875
0 0.38984375 0.58359375 0.0953125 0.1140625
0 0.265625 0.6734375 0.09375 0.13125
0 0.2859375 0.76015625 0.090625 0.1046875
0 0.475 0.85625 0.109375 0.165625
0 0.51640625 0.9640625 0.1078125 0.071875
0 0.371875 0.90703125 0.065625 0.1015625
0 0.35 0.9625 0.065625 0.075
0 0.16171875 0.978125 0.0796875 0.04375
