0 0.978125 0.890625 0.04375 0.04375
0 0.9234375 0.878125 0.05859375 0.0375
0 0.903125 0.746875 0.09453125 0.05625
0 0.64609375 0.59921875 0.08046875 0.0546875
0 0.81640625 0.64140625 0.071875 0.0515625
0 0.5859375 0.56171875 0.071875 0.0484375
0 0.346875 0.54375 0.121875 0.05625
0 0.28203125 0.50390625 0.10859375 0.0546875
0 0.315625 0.76640625 0.0640625 0.0484375
0 0.29609375 0.859375 0.08046875 0.03125
0 0.35546875 0.79296875 0.06640625 0.0390625
0 0.76953125 0.38359375 0.09453125 0.0609375
0 0.67109375 0.37890625 0.0640625 0.0515625
0 0.67890625 0.221875 0.103125 0.040625
