0 0.65625 0.76171875 0.1203125 0.13984375
0 0.4546875 0.24921875 0.08125 0.09921875
0 0.68203125 0.65078125 0.1484375 0.18984375
0 0.53359375 0.28515625 0.078125 0.1125
0 0.7703125 0.24921875 0.0875 0.10625
0 0.61484375 0.2375 0.078125 0.0875
0 0.94765625 0.82109375 0.08125 0.0953125
0 0.8625 0.85 0.07734375 0.10625
0 0.8390625 0.21015625 0.07421875 0.07578125
0 0.96015625 0.51171875 0.0796875 0.0890625
0 0.85234375 0.51484375 0.04765625 0.07578125
0 0.82109375 0.30390625 0.05546875 0.0578125
0 0.7328125 0.58125 0.08125 0.10859375
0 0.9 0.48359375 0.07578125 0.0796875
0 0.7734375 0.34140625 0.0234375 0.05
0 0.61171875 0.93984375 0.01484375 0.02734375
0 0.81328125 0.953125 0.05703125 0.08515625
0 0.61953125 0.915625 0.0171875 0.025
0 0.78046875 0.78984375 0.0234375 0.03671875
0 0.590625 0.54375 0.125 0.14296875
