0 0.2453125 0.05234375 0.18359375 0.10234375
0 0.63359375 0.0578125 0.06953125 0.0703125
0 0.48359375 0.0921875 0.0765625 0.07734375
0 0.91328125 0.0609375 0.1234375 0.09375
0 0.91953125 0.15234375 0.1453125 0.1203125
0 0.690625 0.12109375 0.0609375 0.0671875
0 0.5234375 0.42734375 0.0390625 0.0625
0 0.25078125 0.346875 0.12421875 0.10859375
0 0.04453125 0.128125 0.0890625 0.1171875
0 0.959375 0.28515625 0.07890625 0.09765625
0 0.60078125 0.64609375 0.16328125 0.1328125
0 0.49296875 0.65625 0.09375 0.10546875
0 0.16015625 0.49140625 0.15 0.159375
0 0.115625 0.6609375 0.078125 0.06484375
0 0.10625 0.5984375 0.06640625 0.06328125
0 0.4890625 0.97109375 0.109375 0.0578125
