0 0.665625 0.25546875 0.209375 0.3390625
0 0.9109375 0.434375 0.1625 0.25
0 0.78046875 0.3984375 0.1265625 0.209375
0 0.63125 0.4640625 0.15625 0.196875
0 0.46875 0.37265625 0.11875 0.1796875
0 0.16171875 0.29765625 0.1171875 0.1703125
0 0.05078125 0.2609375 0.1015625 0.165625
0 0.228125 0.42734375 0.1 0.1265625
0 0.12578125 0.52734375 0.1359375 0.1859375
0 0.48125 0.5984375 0.10625 0.165625
0 0.41015625 0.61171875 0.0734375 0.1609375
0 0.240625 0.6796875 0.096875 0.15
0 0.3203125 0.81953125 0.128125 0.1796875
0 0.078125 0.82578125 0.15625 0.2078125
0 0.66328125 0.73203125 0.1578125 0.2546875
0 0.81484375 0.6671875 0.1671875 0.24375
0 0.56796875 0.77734375 0.0953125 0.1921875
0 0.8171875 0.88125 0.1375 0.15625
0 0.803125 0.97734375 0.13125 0.0453125
