0 0.146875 0.3109375 0.04375 0.078125
0 0.91484375 0.0375 0.0453125 0.075
0 0.66328125 0.37109375 0.0484375 0.0859375
0 0.6484375 0.4234375 0.046875 0.053125
0 0.17265625 0.434375 0.0390625 0.053125
0 0.39296875 0.0484375 0.0359375 0.08046875
0 0.553125 0.0484375 0.05 0.09453125
0 0.378125 0.50703125 0.028125 0.075
0 0.57109375 0.509375 0.0484375 0.0859375
0 0.46171875 0.553125 0.028125 0.06640625
0 0.10546875 0.6140625 0.0296875 0.05546875
0 0.42734375 0.69609375 0.0546875 0.1140625
0 0.171875 0.07890625 0.03125 0.046875
0 0.93046875 0.828125 0.0453125 0.08359375
0 0.72109375 0.90390625 0.0578125 0.06953125
0 0.57734375 0.95859375 0.0390625 0.071875
0 0.44609375 0.96640625 0.0453125 0.06640625
0 0.9109375 0.971875 0.04375 0.05546875
0 0.71640625 0.1140625 0.0390625 0.078125
0 0.58515625 0.1640625 0.0484375 0.08359375
0 0.7 0.1875 0.0375 0.05546875
0 0.48125 0.196875 0.04375 0.078125
0 0.15078125 0.20859375 0.0328125 0.0609375
