0 0.453125 0.4046875 0.165625 0.246875
0 0.3 0.55234375 0.18125 0.2609375
0 0.11328125 0.5296875 0.1921875 0.3125
0 0.4109375 0.7421875 0.10625 0.171875
0 0.34765625 0.75390625 0.0671875 0.1515625
0 0.26640625 0.76875 0.0859375 0.14375
0 0.196875 0.75234375 0.103125 0.1765625
0 0.09375 0.8734375 0.084375 0.171875
0 0.03984375 0.85 0.0796875 0.165625
0 0.4984375 0.58515625 0.140625 0.2140625
0 0.6140625 0.6015625 0.128125 0.2
0 0.79921875 0.5375 0.1453125 0.225
0 0.89296875 0.50859375 0.1140625 0.2296875
0 0.88203125 0.6265625 0.0796875 0.090625
0 0.94140625 0.34140625 0.0828125 0.1359375
0 0.80078125 0.36640625 0.0859375 0.1015625
0 0.69140625 0.29609375 0.0921875 0.1203125
0 0.665625 0.50546875 0.103125 0.1703125
0 0.67578125 0.66328125 0.0765625 0.1359375
0 0.590625 0.81953125 0.08125 0.1234375
0 0.40078125 0.890625 0.1046875 0.15
0 0.43515625 0.98515625 0.1140625 0.0296875
0 0.7671875 0.9265625 0.090625 0.125
