0 0.5296875 0.084375 0.16328125 0.1609375
0 0.57421875 0.278125 0.134375 0.1484375
0 0.91015625 0.446875 0.1484375 0.14765625
0 0.990625 0.6921875 0.0171875 0.0296875
0 0.9546875 0.8359375 0.0875 0.1484375
0 0.54296875 0.96875 0.11875 0.0625
0 0.41328125 0.096875 0.0671875 0.07890625
0 0.1734375 0.23984375 0.14375 0.1359375
0 0.10390625 0.18046875 0.05546875 0.06640625
0 0.32578125 0.45390625 0.17890625 0.19609375
0 0.15390625 0.46171875 0.17890625 0.121875
0 0.25390625 0.66484375 0.1875 0.19140625
0 0.10546875 0.81640625 0.1265625 0.1109375
