0 0.165625 0.86484375 0.075 0.0421875
0 0.25390625 0.77578125 0.05859375 0.0390625
0 0.16953125 0.74140625 0.0890625 0.0515625
0 0.11796875 0.73046875 0.053125 0.0484375
0 0.39140625 0.66171875 0.1 0.0546875
0 0.76796875 0.73828125 0.06953125 0.0421875
0 0.9140625 0.484375 0.08359375 0.053125
0 0.6234375 0.4859375 0.075 0.046875
0 0.2109375 0.39296875 0.1 0.0546875
0 0.140625 0.39375 0.05859375 0.053125
0 0.0734375 0.3953125 0.0859375 0.053125
0 0.8890625 0.359375 0.071875 0.04375
0 0.846875 0.328125 0.0890625 0.046875
0 0.81796875 0.39765625 0.06953125 0.0296875
0 0.35859375 0.334375 0.078125 0.05
0 0.3875 0.25625 0.0859375 0.046875
0 0.31796875 0.25234375 0.075 0.0484375
0 0.609375 0.184375 0.08046875 0.05
0 0.0625 0.271875 0.06953125 0.046875
0 0.078125 0.11953125 0.128125 0.0640625
