0 0.91953125 0.54375 0.08359375 0.13359375
0 0.96640625 0.84296875 0.06640625 0.1140625
0 0.775 0.58359375 0.07109375 0.08359375
0 0.72890625 0.6859375 0.08359375 0.1109375
0 0.69453125 0.79609375 0.08359375 0.103125
0 0.53671875 0.4484375 0.09765625 0.146875
0 0.52890625 0.55390625 0.07890625 0.096875
0 0.57109375 0.659375 0.08359375 0.10859375
0 0.50234375 0.753125 0.09140625 0.10546875
0 0.44453125 0.634375 0.09375 0.1140625
0 0.403125 0.56953125 0.09375 0.14453125
0 0.31171875 0.5609375 0.09375 0.14453125
0 0.346875 0.740625 0.10234375 0.1359375
0 0.32890625 0.88359375 0.1125 0.14453125
0 0.153125 0.82890625 0.12265625 0.14140625
0 0.11875 0.7 0.07890625 0.1390625
0 0.05234375 0.4125 0.1 0.14140625
0 0.12734375 0.23046875 0.06640625 0.1
0 0.13125 0.05859375 0.10390625 0.1109375
0 0.48671875 0.05703125 0.04375 0.053125
0 0.59453125 0.140625 0.03515625 0.04140625
0 0.87734375 0.21640625 0.025 0.0390625
0 0.89765625 0.675 0.0796875 0.109375
0 0.971875 0.66171875 0.053125 0.0953125
0 0.60078125 0.22578125 0.03203125 0.03203125
