0 0.115625 0.15625 0.23125 0.3
0 0.09765625 0.34296875 0.1953125 0.1546875
0 0.35078125 0.24453125 0.2078125 0.1953125
0 0.5765625 0.1171875 0.121875 0.140625
0 0.41640625 0.11953125 0.0765625 0.0984375
0 0.64140625 0.2734375 0.1265625 0.1375
0 0.53203125 0.221875 0.0671875 0.06875
0 0.4921875 0.2515625 0.059375 0.09375
0 0.54375 0.403125 0.146875 0.175
0 0.91484375 0.4125 0.1703125 0.203125
0 0.94296875 0.62109375 0.1140625 0.1703125
0 0.87578125 0.76875 0.1234375 0.11875
0 0.7109375 0.64609375 0.275 0.2515625
0 0.4484375 0.60234375 0.271875 0.2671875
0 0.33125 0.70625 0.184375 0.18125
0 0.434375 0.88046875 0.225 0.2234375
0 0.63125 0.871875 0.18125 0.140625
0 0.2203125 0.88515625 0.13125 0.1296875
0 0.253125 0.959375 0.146875 0.08125
0 0.9546875 0.23984375 0.090625 0.1015625
0 0.7640625 0.14921875 0.128125 0.0546875
0 0.921875 0.165625 0.071875 0.078125
