0 0.79296875 0.03515625 0.1046875 0.0703125
0 0.521875 0.10703125 0.115625 0.0984375
0 0.2734375 0.0875 0.15625 0.1375
0 0.49296875 0.3109375 0.1171875 0.090625
0 0.67578125 0.3078125 0.1046875 0.08125
0 0.70859375 0.384375 0.1109375 0.084375
0 0.7125 0.6203125 0.11875 0.1
0 0.75390625 0.47578125 0.1015625 0.0765625
0 0.59609375 0.4875 0.1171875 0.09375
0 0.61328125 0.57890625 0.1078125 0.0765625
0 0.48125 0.79765625 0.090625 0.0703125
0 0.503125 0.69609375 0.084375 0.0703125
0 0.4671875 0.7421875 0.0875 0.0625
0 0.0328125 0.9296875 0.065625 0.071875
0 0.01953125 0.88359375 0.0390625 0.0765625
0 0.09296875 0.8171875 0.0953125 0.06875
0 0.065625 0.721875 0.1 0.065625
0 0.21484375 0.52890625 0.0765625 0.0578125
0 0.15859375 0.52265625 0.0546875 0.0609375
0 0.20546875 0.33359375 0.0765625 0.0546875
0 0.096875 0.321875 0.078125 0.059375
0 0.01953125 0.35546875 0.0390625 0.0703125
0 0.7625 0.096875 0.078125 0.05625
0 0.6875 0.1421875 0.065625 0.059375
0 0.95859375 0.67265625 0.0703125 0.0546875
0 0.96796875 0.75390625 0.0578125 0.0453125
0 0.4859375 0.48359375 0.103125 0.0703125
0 0.528125 0.60234375 0.090625 0.0640625
0 0.53046875 0.5375 0.0828125 0.075
0 0.4046875 0.33671875 0.1 0.0953125
0 0.36484375 0.45546875 0.0796875 0.0609375
0 0.33203125 0.26015625 0.1078125 0.0671875
0 0.3953125 0.1984375 0.08125 0.08125
0 0.215625 0.28359375 0.0625 0.0546875
0 0.24296875 0.24921875 0.0703125 0.0453125
0 0.62265625 0.14140625 0.0703125 0.0515625
