0 0.4953125 0.14921875 0.25625 0.1984375
0 0.24296875 0.2203125 0.1765625 0.1375
0 0.07421875 0.19609375 0.1390625 0.1328125
0 0.03828125 0.1171875 0.0765625 0.128125
0 0.36640625 0.38515625 0.1453125 0.1328125
0 0.6640625 0.62265625 0.396875 0.3171875
0 0.9296875 0.43984375 0.1125 0.1015625
0 0.95546875 0.5375 0.0890625 0.11875
0 0.94765625 0.775 0.0984375 0.0875
0 0.89453125 0.72265625 0.0921875 0.0859375
0 0.33203125 0.615625 0.1234375 0.1125
0 0.22890625 0.76484375 0.1203125 0.0984375
0 0.05546875 0.78671875 0.1109375 0.1046875
0 0.290625 0.86953125 0.125 0.1046875
0 0.24453125 0.9640625 0.1390625 0.071875
0 0.66953125 0.95625 0.1015625 0.071875
0 0.69921875 0.8421875 0.0515625 0.046875
0 0.6359375 0.828125 0.084375 0.075
0 0.46953125 0.88984375 0.0921875 0.0953125
0 0.7625 0.96875 0.125 0.0625
0 0.434375 0.7171875 0.103125 0.084375
0 0.38125 0.89375 0.05625 0.05625
0 0.39140625 0.828125 0.0671875 0.05
0 0.534375 0.9359375 0.05625 0.046875
0 0.9625 0.9171875 0.05 0.046875
0 0.87890625 0.96640625 0.0765625 0.0453125
0 0.85078125 0.9265625 0.0796875 0.0625
0 0.64140625 0.08828125 0.1296875 0.1015625
