0 0.44921875 0.271875 0.1109375 0.125
0 0.9796875 0.05625 0.040625 0.1125
0 0.8734375 0.13828125 0.1125 0.1265625
0 0.725 0.215625 0.1125 0.14375
0 0.609375 0.234375 0.08125 0.14375
0 0.546875 0.2328125 0.053125 0.11875
0 0.82109375 0.36875 0.1484375 0.184375
0 0.94921875 0.41171875 0.1015625 0.1359375
0 0.56640625 0.60546875 0.1109375 0.1359375
0 0.67890625 0.63359375 0.0984375 0.1078125
0 0.4234375 0.63828125 0.1 0.1328125
0 0.32890625 0.6625 0.0921875 0.125
0 0.19375 0.75078125 0.084375 0.1078125
0 0.33203125 0.834375 0.0796875 0.109375
0 0.52265625 0.82421875 0.0796875 0.0703125
0 0.4890625 0.4921875 0.06875 0.115625
