0 0.9328125 0.01328125 0.0703125 0.02421875
0 0.9328125 0.33984375 0.11875 0.125
0 0.36015625 0.01796875 0.065625 0.03359375
0 0.38671875 0.04921875 0.03125 0.03359375
0 0.82890625 0.0296875 0.13203125 0.05703125
0 0.74921875 0.0859375 0.13984375 0.1296875
0 0.6890625 0.015625 0.05859375 0.03125
0 0.67890625 0.178125 0.0640625 0.0625
0 0.1609375 0.240625 0.12578125 0.09609375
0 0.01015625 0.03359375 0.0203125 0.065625
0 0.81015625 0.31171875 0.128125 0.08984375
0 0.52265625 0.36953125 0.125 0.1234375
0 0.8234375 0.4046875 0.13203125 0.13671875
0 0.56796875 0.4703125 0.06328125 0.06640625
0 0.04921875 0.45 0.0984375 0.15625
0 0.7875 0.71328125 0.121875 0.12109375
0 0.2703125 0.73203125 0.14375 0.14765625
0 0.0140625 0.64921875 0.028125 0.12578125
0 0.03203125 0.77578125 0.05390625 0.0546875
0 0.8234375 0.83046875 0.10546875 0.115625
0 0.315625 0.8484375 0.15234375 0.08203125
0 0.3640625 0.940625 0.12890625 0.11796875
0 0.20078125 0.95546875 0.1078125 0.0890625
