0 0.15859375 0.87265625 0.0390625 0.04296875
0 0.12109375 0.89765625 0.06640625 0.04453125
0 0.06796875 0.8796875 0.06171875 0.04453125
0 0.5203125 0.91015625 0.0796875 0.05703125
0 0.6328125 0.896875 0.08046875 0.04765625
0 0.771875 0.8484375 0.0703125 0.04375
0 0.946875 0.86171875 0.06171875 0.03125
0 0.95625 0.7875 0.0734375 0.04921875
0 0.97578125 0.7484375 0.0484375 0.03671875
0 0.0828125 0.71953125 0.06953125 0.05625
0 0.67890625 0.58828125 0.059375 0.040625
0 0.4984375 0.51171875 0.06875 0.05859375
0 0.81953125 0.546875 0.06875 0.025
0 0.04609375 0.50859375 0.0640625 0.034375
0 0.35546875 0.43203125 0.08046875 0.04921875
0 0.57578125 0.44296875 0.09609375 0.04609375
0 0.74296875 0.4296875 0.0546875 0.04921875
0 0.334375 0.3515625 0.08203125 0.0328125
0 0.340625 0.21015625 0.1046875 0.040625
0 0.81484375 0.203125 0.11484375 0.06015625
0 0.79140625 0.15234375 0.0984375 0.05625
0 0.71171875 0.15703125 0.09609375 0.07265625
