0 0.934375 0.08359375 0.13125 0.1671875
0 0.74453125 0.1109375 0.1390625 0.15625
0 0.69765625 0.2625 0.1859375 0.153125
0 0.8640625 0.37421875 0.11875 0.1015625
0 0.49375 0.346875 0.2375 0.1875
0 0.228125 0.078125 0.265625 0.15625
0 0.43984375 0.528125 0.2734375 0.25625
0 0.52890625 0.71328125 0.2453125 0.1984375
0 0.27421875 0.721875 0.2484375 0.221875
0 0.4359375 0.90625 0.2375 0.1875
0 0.56484375 0.83515625 0.0703125 0.0796875
0 0.15234375 0.79375 0.0859375 0.071875
0 0.1984375 0.59765625 0.115625 0.0765625
0 0.9 0.578125 0.075 0.05625
0 0.878125 0.52890625 0.06875 0.0484375
0 0.634375 0.83359375 0.0625 0.0640625
0 0.72890625 0.55625 0.0765625 0.046875
0 0.59296875 0.56640625 0.0671875 0.0640625
