0 0.19765625 0.40625 0.2046875 0.321875
0 0.1671875 0.621875 0.125 0.178125
0 0.071875 0.05234375 0.140625 0.1046875
0 0.17734375 0.196875 0.1265625 0.15
0 0.38828125 0.06328125 0.2078125 0.1265625
0 0.35078125 0.23125 0.1640625 0.24375
0 0.4140625 0.3953125 0.215625 0.346875
0 0.5046875 0.175 0.121875 0.25
0 0.603125 0.32578125 0.125 0.1953125
0 0.6671875 0.425 0.115625 0.184375
0 0.765625 0.37421875 0.090625 0.1515625
0 0.759375 0.621875 0.11875 0.16875
0 0.890625 0.725 0.125 0.18125
0 0.884375 0.5921875 0.10625 0.115625
0 0.6 0.63984375 0.109375 0.1640625
0 0.51640625 0.63203125 0.0859375 0.1515625
0 0.65 0.74453125 0.078125 0.1171875
0 0.75625 0.8296875 0.078125 0.103125
0 0.68125 0.840625 0.078125 0.11875
0 0.60625 0.86171875 0.08125 0.1265625
0 0.4625 0.91796875 0.121875 0.1640625
0 0.803125 0.96015625 0.08125 0.0796875
0 0.72890625 0.48984375 0.0796875 0.1046875
0 0.51640625 0.51015625 0.0921875 0.1546875
