0 0.7296875 0.03984375 0.059375 0.0796875
0 0.8390625 0.08046875 0.071875 0.0828125
0 0.69296875 0.17265625 0.0546875 0.0765625
0 0.684375 0.10390625 0.053125 0.0640625
0 0.88828125 0.2171875 0.0703125 0.0875
0 0.78515625 0.253125 0.0640625 0.06875
0 0.9734375 0.46640625 0.053125 0.1671875
0 0.9625 0.55234375 0.065625 0.1109375
0 0.73671875 0.4515625 0.0859375 0.1
0 0.79609375 0.54296875 0.0859375 0.1046875
0 0.5625 0.45625 0.05625 0.065625
0 0.4203125 0.53203125 0.14375 0.2109375
0 0.1453125 0.4703125 0.05625 0.090625
0 0.32265625 0.7390625 0.0640625 0.065625
0 0.50234375 0.69140625 0.1328125 0.1765625
0 0.63046875 0.77890625 0.1140625 0.1515625
0 0.76328125 0.7890625 0.0890625 0.096875
0 0.78828125 0.934375 0.0734375 0.0875
0 0.97890625 0.91953125 0.0421875 0.0796875
