0 0.5484375 0.3828125 0.184375 0.2
0 0.57109375 0.91796875 0.1453125 0.1609375
0 0.59765625 0.70234375 0.1703125 0.2234375
0 0.440625 0.6953125 0.178125 0.246875
0 0.40625 0.5 0.203125 0.284375
0 0.4984375 0.18515625 0.15 0.2203125
0 0.38515625 0.14375 0.1390625 0.209375
0 0.296875 0.13515625 0.075 0.1859375
0 0.22734375 0.15859375 0.1046875 0.1703125
0 0.18359375 0.31875 0.1046875 0.146875
0 0.2125 0.74296875 0.109375 0.1734375
0 0.3234375 0.47890625 0.10625 0.2359375
0 0.128125 0.38671875 0.0875 0.1296875
