0 0.55078125 0.0734375 0.1015625 0.146875
0 0.1578125 0.10234375 0.1375 0.1921875
0 0.30859375 0.22109375 0.0984375 0.1390625
0 0.4421875 0.2765625 0.071875 0.0875
0 0.44296875 0.19375 0.0578125 0.06875
0 0.39921875 0.3125 0.0515625 0.06875
0 0.38125 0.25703125 0.046875 0.0921875
0 0.3515625 0.30390625 0.053125 0.0734375
0 0.27421875 0.3265625 0.0828125 0.115625
0 0.19296875 0.27578125 0.0890625 0.0984375
0 0.0890625 0.44609375 0.178125 0.2609375
0 0.0328125 0.61484375 0.065625 0.1296875
0 0.40234375 0.45546875 0.0578125 0.1234375
0 0.35390625 0.4390625 0.0953125 0.1375
0 0.5359375 0.42890625 0.090625 0.1328125
0 0.57265625 0.25234375 0.0984375 0.1609375
0 0.55 0.296875 0.08125 0.11875
0 0.63984375 0.16171875 0.0859375 0.1046875
0 0.65546875 0.309375 0.1265625 0.184375
0 0.76484375 0.37578125 0.1515625 0.2265625
0 0.853125 0.41484375 0.1125 0.1640625
0 0.93203125 0.60546875 0.1359375 0.2140625
0 0.92265625 0.7875 0.1390625 0.140625
0 0.73359375 0.59921875 0.1265625 0.1796875
0 0.53515625 0.68515625 0.0890625 0.1359375
0 0.5984375 0.75625 0.078125 0.11875
0 0.6453125 0.6484375 0.071875 0.121875
0 0.46640625 0.665625 0.0703125 0.096875
0 0.35078125 0.675 0.0640625 0.053125
0 0.28125 0.7515625 0.0875 0.14375
0 0.36875 0.85625 0.0875 0.125
0 0.45390625 0.7859375 0.0765625 0.134375
0 0.503125 0.87421875 0.0875 0.1265625
0 0.73203125 0.95390625 0.0359375 0.0765625
0 0.559375 0.9625 0.103125 0.075
0 0.6296875 0.93984375 0.065625 0.0921875
0 0.48828125 0.97734375 0.0421875 0.0453125
0 0.33671875 0.92578125 0.0640625 0.0828125
0 0.79140625 0.8359375 0.0546875 0.06875
0 0.94140625 0.91953125 0.0703125 0.0796875
0 0.77265625 0.69140625 0.0609375 0.0609375
