0 0.85625 0.171875 0.096875 0.121875
0 0.62734375 0.22890625 0.0859375 0.1140625
0 0.68203125 0.40078125 0.0828125 0.0921875
0 0.55859375 0.39765625 0.0703125 0.0859375
0 0.6015625 0.353125 0.04375 0.05625
0 0.54375 0.25859375 0.059375 0.0859375
0 0.5828125 0.0984375 0.065625 0.084375
0 0.37109375 0.13828125 0.0703125 0.0921875
0 0.16328125 0.19609375 0.0984375 0.1265625
0 0.25625 0.21015625 0.071875 0.1015625
0 0.09921875 0.0453125 0.1296875 0.090625
0 0.06796875 0.2953125 0.0921875 0.103125
0 0.10234375 0.21953125 0.0640625 0.0921875
0 0.1953125 0.3453125 0.08125 0.1125
0 0.2515625 0.40546875 0.0375 0.0609375
0 0.3984375 0.4765625 0.046875 0.071875
0 0.4515625 0.43671875 0.040625 0.0515625
0 0.43359375 0.34765625 0.0390625 0.0453125
0 0.4015625 0.30546875 0.040625 0.0640625
0 0.4421875 0.28203125 0.040625 0.0515625
0 0.54765625 0.52890625 0.0484375 0.0578125
0 0.53359375 0.46875 0.0546875 0.05625
0 0.7328125 0.96171875 0.1 0.0765625
0 0.36015625 0.82578125 0.0828125 0.1078125
0 0.44375 0.634375 0.0625 0.090625
0 0.3875 0.5921875 0.065625 0.090625
0 0.621875 0.67109375 0.0453125 0.04140625
0 0.628125 0.621875 0.03203125 0.0359375
0 0.61015625 0.57890625 0.0375 0.040625
0 0.02578125 0.69921875 0.0515625 0.075
0 0.140625 0.7578125 0.04921875 0.0515625
0 0.25234375 0.4625 0.03984375 0.03203125
0 0.70546875 0.28359375 0.0515625 0.05703125
0 0.2171875 0.44453125 0.0375 0.0375
0 0.35 0.5328125 0.04140625 0.0515625
0 0.31015625 0.67578125 0.03125 0.03125
0 0.1125 0.6125 0.04453125 0.04375
