0 0.4640625 0.03984375 0.21875 0.0796875
0 0.571875 0.1421875 0.225 0.225
0 0.42421875 0.2875 0.2203125 0.221875
0 0.2125 0.375 0.209375 0.203125
0 0.4046875 0.48203125 0.184375 0.1828125
0 0.28046875 0.50859375 0.1453125 0.1671875
0 0.80078125 0.2296875 0.0734375 0.065625
0 0.96640625 0.51171875 0.0671875 0.1421875
0 0.9234375 0.6640625 0.13125 0.1375
0 0.78984375 0.678125 0.1359375 0.128125
0 0.84765625 0.7953125 0.1421875 0.109375
0 0.8546875 0.91875 0.115625 0.1125
0 0.6765625 0.84921875 0.140625 0.1390625
0 0.37265625 0.7078125 0.1578125 0.15
0 0.090625 0.80703125 0.175 0.1796875
0 0.0234375 0.86875 0.046875 0.18125
0 0.18203125 0.96328125 0.1484375 0.0734375
0 0.409375 0.8046875 0.059375 0.0625
0 0.5296875 0.90625 0.05625 0.053125
0 0.8015625 0.97109375 0.096875 0.0578125
