0 0.3921875 0.24296875 0.246875 0.2671875
0 0.26640625 0.075 0.1890625 0.15
0 0.6015625 0.0453125 0.30625 0.090625
0 0.765625 0.03828125 0.109375 0.0765625
0 0.8578125 0.22421875 0.11875 0.1171875
0 0.88203125 0.30546875 0.0796875 0.0703125
0 0.7203125 0.2234375 0.084375 0.121875
0 0.69453125 0.40078125 0.1828125 0.1296875
0 0.8046875 0.73984375 0.271875 0.2890625
0 0.5296875 0.6125 0.225 0.23125
0 0.4625 0.8296875 0.2125 0.23125
0 0.328125 0.57734375 0.184375 0.2515625
0 0.21796875 0.525 0.1359375 0.196875
0 0.06171875 0.615625 0.0953125 0.096875
0 0.85 0.95625 0.253125 0.0875
