0 0.52578125 0.37109375 0.3234375 0.3640625
0 0.7109375 0.56484375 0.3 0.2734375
0 0.92734375 0.40859375 0.1453125 0.2203125
0 0.98046875 0.58125 0.0390625 0.146875
0 0.4390625 0.6296875 0.24375 0.26875
0 0.63671875 0.9046875 0.2296875 0.190625
0 0.4078125 0.759375 0.209375 0.1625
0 0.078125 0.9234375 0.15625 0.153125
0 0.23359375 0.634375 0.1234375 0.159375
0 0.1671875 0.55078125 0.1125 0.1390625
0 0.04921875 0.621875 0.0984375 0.15625
0 0.89375 0.91015625 0.13125 0.1390625
0 0.30234375 0.24921875 0.1140625 0.1421875
