0 0.7125 0.83046875 0.10078125 0.08984375
0 0.834375 0.91484375 0.07578125 0.0625
0 0.80078125 0.825 0.0765625 0.07421875
0 0.64296875 0.615625 0.10703125 0.0828125
0 0.55859375 0.80078125 0.05390625 0.04375
0 0.23515625 0.5890625 0.06484375 0.0515625
0 0.36953125 0.5890625 0.0609375 0.04296875
0 0.38203125 0.5046875 0.0703125 0.05859375
0 0.87109375 0.37421875 0.14296875 0.12421875
0 0.95625 0.4125 0.08671875 0.11640625
0 0.56484375 0.4203125 0.10234375 0.078125
0 0.76796875 0.4015625 0.05546875 0.08828125
0 0.71796875 0.2171875 0.11328125 0.0921875
0 0.846875 0.24765625 0.14375 0.12734375
0 0.18984375 0.3875 0.06015625 0.04921875
0 0.22421875 0.1296875 0.05703125 0.04453125
