0 0.5421875 0.1640625 0.146875 0.2453125
0 0.76015625 0.21875 0.1265625 0.20234375
0 0.94140625 0.49375 0.11640625 0.24375
0 0.91328125 0.375 0.146875 0.2265625
0 0.76328125 0.4375 0.13984375 0.2203125
0 0.86015625 0.7828125 0.1734375 0.2796875
0 0.73984375 0.61796875 0.16328125 0.23203125
0 0.68359375 0.875 0.146875 0.2265625
0 0.628125 0.44921875 0.11640625 0.19609375
0 0.49140625 0.52109375 0.1703125 0.24375
0 0.6 0.76640625 0.1796875 0.23203125
0 0.4984375 0.9109375 0.18984375 0.16640625
0 0.4546875 0.7265625 0.15 0.2140625
0 0.303125 0.6546875 0.16640625 0.26171875
0 0.20390625 0.42421875 0.15 0.24375
0 0.359375 0.3734375 0.1703125 0.25
0 0.31328125 0.225 0.13984375 0.17890625
0 0.2046875 0.0890625 0.14296875 0.16640625
0 0.08359375 0.3484375 0.153125 0.19609375
0 0.15 0.628125 0.16015625 0.24375
0 0.1890625 0.9015625 0.16875 0.196875
0 0.07109375 0.82421875 0.13671875 0.2203125
0 0.44296875 0.10390625 0.1609375 0.2078125
0 0.9421875 0.10859375 0.115625 0.21640625
0 0.68828125 0.08359375 0.1171875 0.1671875
0 0.3296875 0.92421875 0.12421875 0.1515625
0 0.0609375 0.1859375 0.121875 0.128125
