0 0.96484375 0.29140625 0.065625 0.0359375
0 0.93359375 0.3984375 0.0484375 0.028125
0 0.825 0.3984375 0.0484375 0.028125
0 0.84765625 0.31328125 0.04296875 0.0328125
0 0.47890625 0.36484375 0.05390625 0.0328125
0 0.49296875 0.3890625 0.0484375 0.034375
0 0.60625 0.61171875 0.0484375 0.0265625
0 0.94296875 0.6421875 0.05703125 0.015625
0 0.425 0.55078125 0.05390625 0.0296875
0 0.5125 0.52265625 0.0484375 0.0328125
0 0.38046875 0.52734375 0.0625 0.0265625
0 0.4203125 0.43125 0.0625 0.028125
0 0.59765625 0.321875 0.05390625 0.028125
0 0.3125 0.33515625 0.0453125 0.0390625
0 0.2015625 0.6125 0.03984375 0.034375
