0 0.471875 0.14765625 0.115625 0.0703125
0 0.140625 0.16015625 0.128125 0.0890625
0 0.26640625 0.184375 0.1203125 0.0875
0 0.684375 0.35390625 0.13125 0.0953125
0 0.81171875 0.42265625 0.1640625 0.0890625
0 0.934375 0.53125 0.13125 0.115625
0 0.7828125 0.53203125 0.1625 0.1109375
0 0.91015625 0.63828125 0.1796875 0.1046875
0 0.709375 0.6453125 0.134375 0.08125
0 0.47890625 0.59140625 0.1578125 0.0984375
0 0.521875 0.4640625 0.140625 0.0875
0 0.66640625 0.509375 0.1078125 0.08125
0 0.6203125 0.465625 0.096875 0.084375
0 0.49296875 0.41484375 0.1015625 0.0609375
0 0.26328125 0.42890625 0.1546875 0.0765625
0 0.29921875 0.5234375 0.1296875 0.078125
0 0.37265625 0.6609375 0.1734375 0.090625
0 0.16953125 0.6796875 0.1671875 0.09375
0 0.08984375 0.6265625 0.1453125 0.08125
0 0.15859375 0.53046875 0.1265625 0.0953125
0 0.0734375 0.42421875 0.146875 0.0859375
0 0.13984375 0.31953125 0.1453125 0.0890625
0 0.4890625 0.26015625 0.10625 0.0734375
0 0.13828125 0.90234375 0.1765625 0.1140625
0 0.4 0.803125 0.121875 0.09375
0 0.5203125 0.81328125 0.13125 0.1015625
0 0.6515625 0.7171875 0.11875 0.0625
0 0.0859375 0.86640625 0.15 0.0890625
0 0.03359375 0.94140625 0.0671875 0.1015625
