0 0.24765625 0.20546875 0.1671875 0.2109375
0 0.4234375 0.1625 0.115625 0.196875
0 0.6765625 0.0484375 0.121875 0.096875
0 0.74296875 0.2578125 0.0984375 0.125
0 0.6234375 0.50078125 0.140625 0.2078125
0 0.35 0.4953125 0.15625 0.25
0 0.1765625 0.7421875 0.140625 0.2125
0 0.35078125 0.79609375 0.1203125 0.0953125
0 0.20078125 0.58125 0.1328125 0.178125
0 0.25390625 0.3828125 0.1609375 0.1875
0 0.1015625 0.43046875 0.084375 0.1578125
0 0.1125 0.5953125 0.078125 0.125
0 0.50234375 0.50625 0.0953125 0.125
0 0.54375 0.18515625 0.065625 0.1203125
