0 0.89140625 0.24921875 0.1765625 0.2765625
0 0.725 0.06796875 0.15 0.1359375
0 0.496875 0.05625 0.090625 0.1125
0 0.575 0.08203125 0.08125 0.1390625
0 0.50703125 0.1625 0.0734375 0.13125
0 0.334375 0.12109375 0.11875 0.1765625
0 0.2921875 0.29609375 0.115625 0.1859375
0 0.15859375 0.303125 0.1046875 0.153125
0 0.10390625 0.45546875 0.0828125 0.1390625
0 0.5390625 0.3515625 0.121875 0.2375
0 0.446875 0.35078125 0.0875 0.1765625
0 0.97890625 0.7234375 0.0421875 0.128125
0 0.9765625 0.4125 0.046875 0.0875
0 0.93515625 0.5703125 0.0890625 0.125
0 0.234375 0.81953125 0.115625 0.1640625
0 0.28046875 0.67109375 0.0890625 0.1546875
0 0.1953125 0.72109375 0.1 0.1609375
0 0.10859375 0.85 0.0828125 0.1125
0 0.1171875 0.5859375 0.065625 0.075
0 0.52265625 0.93203125 0.0765625 0.1359375
0 0.61171875 0.85546875 0.0640625 0.1265625
0 0.440625 0.6828125 0.078125 0.096875
0 0.55078125 0.6203125 0.0765625 0.109375
0 0.56015625 0.721875 0.0765625 0.090625
0 0.53203125 0.80625 0.0578125 0.109375
0 0.47109375 0.828125 0.0546875 0.084375
0 0.9015625 0.725 0.04375 0.05
0 0.73125 0.7140625 0.05625 0.05625
0 0.78359375 0.6375 0.0453125 0.053125
0 0.6609375 0.74765625 0.034375 0.0640625
