0 0.83359375 0.1359375 0.0421875 0.053125
0 0.78125 0.0953125 0.03125 0.04375
0 0.5921875 0.11953125 0.05 0.0484375
0 0.60390625 0.2359375 0.0453125 0.059375
0 0.365625 0.29375 0.053125 0.05625
0 0.390625 0.3921875 0.04609375 0.0703125
0 0.21484375 0.421875 0.0515625 0.05703125
0 0.2953125 0.371875 0.0359375 0.0421875
0 0.3 0.53046875 0.0484375 0.05859375
0 0.3046875 0.49296875 0.04296875 0.04375
0 0.32421875 0.46953125 0.03046875 0.0359375
0 0.41875 0.49140625 0.04765625 0.05859375
0 0.41953125 0.54375 0.0421875 0.0453125
0 0.42734375 0.60703125 0.0375 0.05390625
0 0.51875 0.5671875 0.0328125 0.0421875
0 0.4796875 0.471875 0.04609375 0.06015625
0 0.321875 0.6359375 0.0375 0.0515625
0 0.27421875 0.65546875 0.0328125 0.04453125
0 0.28125 0.7328125 0.04296875 0.05
0 0.50234375 0.6546875 0.0328125 0.05
0 0.16796875 0.6875 0.02890625 0.03203125
0 0.6328125 0.57890625 0.05234375 0.0609375
0 0.59453125 0.50859375 0.0515625 0.07421875
0 0.66875 0.44375 0.04140625 0.04921875
0 0.60859375 0.61796875 0.0296875 0.03828125
0 0.6 0.5671875 0.028125 0.04296875
0 0.5734375 0.54296875 0.028125 0.0328125
0 0.96328125 0.26640625 0.03515625 0.0484375
0 0.92421875 0.43203125 0.0421875 0.0625
0 0.9671875 0.45390625 0.034375 0.0453125
0 0.8734375 0.42421875 0.0390625 0.046875
0 0.86328125 0.40234375 0.03046875 0.03984375
0 0.809375 0.49921875 0.04140625 0.0453125
0 0.8203125 0.6421875 0.02890625 0.02890625
0 0.9265625 0.6375 0.0203125 0.02890625
0 0.72109375 0.80625 0.03515625 0.04140625
0 0.69140625 0.721875 0.028125 0.034375
0 0.64375 0.74921875 0.02890625 0.03046875
0 0.68359375 0.58359375 0.0359375 0.03828125
0 0.7015625 0.62890625 0.02890625 0.03359375
0 0.25078125 0.8375 0.0421875 0.04765625
0 0.38359375 0.759375 0.02890625 0.03671875
0 0.11328125 0.68984375 0.03125 0.03671875
0 0.08515625 0.68046875 0.028125 0.04375
0 0.12578125 0.65234375 0.02578125 0.0375
0 0.15234375 0.64375 0.028125 0.03515625
0 0.13125 0.74375 0.03046875 0.03671875
0 0.08984375 0.55859375 0.0375 0.0484375
0 0.1890625 0.4984375 0.0265625 0.03515625
0 0.21796875 0.48359375 0.0296875 0.03671875
0 0.02734375 0.625 0.03359375 0.03515625
0 0.75 0.53828125 0.0296875 0.03203125
0 0.8953125 0.4953125 0.03203125 0.0328125
