0 0.72265625 0.45703125 0.1078125 0.2265625
0 0.63125 0.5640625 0.103125 0.178125
0 0.5984375 0.61171875 0.084375 0.1546875
0 0.31875 0.62578125 0.11875 0.2109375
0 0.31484375 0.25234375 0.1046875 0.2046875
0 0.365625 0.30859375 0.1125 0.2015625
0 0.1765625 0.3890625 0.109375 0.18125
0 0.05703125 0.43828125 0.1140625 0.2265625
0 0.2515625 0.05625 0.13125 0.1125
0 0.18046875 0.11640625 0.1046875 0.1828125
0 0.2953125 0.8609375 0.121875 0.184375
0 0.2703125 0.77265625 0.190625 0.2015625
0 0.5375 0.90234375 0.13125 0.1953125
0 0.88125 0.93203125 0.11875 0.1359375
0 0.78203125 0.78125 0.0796875 0.16875
0 0.7734375 0.9390625 0.103125 0.121875
0 0.965625 0.921875 0.06875 0.15625
0 0.46171875 0.60390625 0.1109375 0.1109375
