0 0.6296875 0.38515625 0.06796875 0.140625
0 0.703125 0.43515625 0.075 0.125
0 0.909375 0.36953125 0.084375 0.13515625
0 0.7140625 0.75 0.05625 0.10390625
0 0.36484375 0.0625 0.0796875 0.125
0 0.49296875 0.37890625 0.05859375 0.1484375
0 0.471875 0.6078125 0.06640625 0.12734375
0 0.4078125 0.44296875 0.04296875 0.09375
0 0.521875 0.4390625 0.0546875 0.08046875
0 0.68046875 0.84609375 0.046875 0.11484375
0 0.6296875 0.85546875 0.05 0.09140625
0 0.13515625 0.89296875 0.0546875 0.09921875
0 0.9375 0.421875 0.075 0.10390625
0 0.79765625 0.37265625 0.06328125 0.15078125
