0 0.17265625 0.9171875 0.06796875 0.05546875
0 0.25390625 0.928125 0.0796875 0.05234375
0 0.43203125 0.90234375 0.0546875 0.04140625
0 0.7640625 0.74609375 0.07421875 0.0390625
0 0.4015625 0.82890625 0.07109375 0.04296875
0 0.12734375 0.659375 0.10625 0.046875
0 0.06953125 0.5671875 0.06640625 0.04140625
0 0.04453125 0.4046875 0.06875 0.04140625
0 0.35546875 0.3015625 0.09921875 0.05
0 0.3640625 0.02890625 0.0890625 0.04609375
0 0.04609375 0.134375 0.08984375 0.0484375
0 0.91953125 0.21171875 0.071875 0.034375
