0 0.97578125 0.315625 0.0484375 0.159375
0 0.7171875 0.20078125 0.0875 0.1484375
0 0.634375 0.24609375 0.1125 0.1546875
0 0.4921875 0.325 0.09375 0.1375
0 0.340625 0.3796875 0.121875 0.171875
0 0.25 0.3078125 0.09375 0.15625
0 0.1578125 0.3140625 0.1 0.159375
0 0.2015625 0.51171875 0.09375 0.1453125
0 0.3328125 0.53359375 0.1 0.1359375
0 0.65078125 0.6984375 0.1296875 0.190625
0 0.7625 0.64296875 0.109375 0.1796875
0 0.621875 0.903125 0.1 0.165625
0 0.69453125 0.7875 0.1171875 0.125
0 0.9703125 0.82109375 0.059375 0.1453125
