0 0.7140625 0.740625 0.06640625 0.03125
0 0.6640625 0.7109375 0.071875 0.04375
0 0.425 0.70625 0.071875 0.04375
0 0.17109375 0.4609375 0.09140625 0.04375
0 0.140625 0.38984375 0.096875 0.0484375
0 0.48359375 0.44140625 0.08359375 0.0359375
0 0.64453125 0.43125 0.08359375 0.046875
0 0.765625 0.56328125 0.05859375 0.0265625
0 0.96796875 0.41484375 0.0640625 0.0609375
0 0.37109375 0.2953125 0.08046875 0.05625
0 0.409375 0.33046875 0.053125 0.0484375
0 0.128125 0.165625 0.08359375 0.05625
0 0.8484375 0.33046875 0.053125 0.0453125
