0 0.53984375 0.08125 0.1984375 0.1625
0 0.06015625 0.0671875 0.1203125 0.1
0 0.05234375 0.0234375 0.1046875 0.046875
0 0.15234375 0.2546875 0.1734375 0.1625
0 0.73125 0.2796875 0.171875 0.196875
0 0.653125 0.36875 0.165625 0.209375
0 0.4140625 0.40546875 0.2125 0.1953125
0 0.553125 0.47265625 0.2 0.1796875
0 0.80703125 0.5265625 0.1359375 0.125
0 0.959375 0.47109375 0.08125 0.0515625
0 0.946875 0.73515625 0.103125 0.1421875
0 0.73671875 0.8796875 0.1484375 0.15625
0 0.5203125 0.6765625 0.16875 0.171875
0 0.4 0.740625 0.10625 0.109375
0 0.46484375 0.83671875 0.1421875 0.1265625
0 0.215625 0.9171875 0.09375 0.0875
0 0.04140625 0.934375 0.0828125 0.13125
