0 0.603125 0.321875 0.125 0.190625
0 0.76875 0.37421875 0.090625 0.1390625
0 0.665625 0.4203125 0.11875 0.165625
0 0.72578125 0.48984375 0.0859375 0.1078125
0 0.75390625 0.6203125 0.1078125 0.165625
0 0.88203125 0.59453125 0.0984375 0.1015625
0 0.890625 0.7265625 0.115625 0.18125
0 0.98203125 0.96640625 0.0359375 0.0671875
0 0.98671875 0.65390625 0.0265625 0.1171875
0 0.459375 0.91171875 0.115625 0.1609375
0 0.4875 0.83359375 0.09375 0.0890625
0 0.65 0.74296875 0.071875 0.1078125
0 0.759375 0.825 0.071875 0.1
0 0.6828125 0.83203125 0.06875 0.0984375
0 0.60703125 0.8625 0.0671875 0.121875
0 0.8 0.9640625 0.08125 0.071875
0 0.796875 0.70234375 0.078125 0.1046875
0 0.60234375 0.640625 0.1046875 0.16875
0 0.52109375 0.6265625 0.0953125 0.140625
0 0.5140625 0.50546875 0.084375 0.1546875
0 0.4140625 0.3953125 0.215625 0.346875
0 0.196875 0.40390625 0.203125 0.3140625
0 0.17578125 0.61640625 0.1359375 0.1734375
0 0.49921875 0.17265625 0.1265625 0.2515625
0 0.34375 0.22578125 0.15 0.2453125
0 0.3875 0.0578125 0.2 0.115625
0 0.1859375 0.19921875 0.15 0.1546875
0 0.07265625 0.05703125 0.1359375 0.1140625
0 0.54296875 0.04453125 0.0453125 0.0609375
