0 0.359375 0.496875 0.175 0.15
0 0.2125 0.42734375 0.165625 0.1390625
0 0.49921875 0.33984375 0.1546875 0.1046875
0 0.4890625 0.44296875 0.15625 0.1296875
0 0.63671875 0.46015625 0.1609375 0.1515625
0 0.7390625 0.56171875 0.1875 0.1484375
0 0.9015625 0.47578125 0.196875 0.1515625
0 0.85234375 0.25625 0.1609375 0.196875
0 0.73984375 0.07890625 0.1046875 0.1078125
0 0.69375 0.11875 0.090625 0.090625
0 0.48046875 0.615625 0.1234375 0.1
0 0.54609375 0.70625 0.1109375 0.090625
0 0.43125 0.728125 0.103125 0.1
0 0.57109375 0.80859375 0.1078125 0.1015625
0 0.44375 0.834375 0.140625 0.096875
0 0.52578125 0.875 0.1140625 0.078125
0 0.253125 0.64375 0.075 0.059375
0 0.2390625 0.54375 0.103125 0.090625
