0 0.49296875 0.20625 0.0484375 0.028125
0 0.51875 0.21875 0.02578125 0.025
0 0.3578125 0.23125 0.05703125 0.03125
0 0.37890625 0.259375 0.04296875 0.025
0 0.32265625 0.25546875 0.0484375 0.0234375
0 0.0640625 0.3609375 0.04296875 0.021875
0 0.0171875 0.35234375 0.034375 0.0203125
0 0.02578125 0.4734375 0.05078125 0.028125
0 0.0640625 0.4734375 0.04296875 0.025
0 0.05 0.5875 0.03125 0.028125
0 0.078125 0.55859375 0.05390625 0.0296875
0 0.33359375 0.29375 0.05390625 0.021875
0 0.36328125 0.33359375 0.0625 0.0359375
0 0.5015625 0.32734375 0.065625 0.0234375
0 0.44296875 0.33828125 0.05078125 0.0234375
0 0.47734375 0.3796875 0.05703125 0.03125
0 0.41328125 0.3828125 0.03671875 0.021875
0 0.4546875 0.4296875 0.05703125 0.034375
0 0.53828125 0.39140625 0.03125 0.0234375
0 0.58671875 0.5046875 0.059375 0.028125
0 0.72421875 0.55703125 0.0453125 0.0171875
0 0.565625 0.52890625 0.0453125 0.0265625
0 0.54375 0.55078125 0.05390625 0.0140625
0 0.31953125 0.534375 0.05390625 0.0125
0 0.35078125 0.54296875 0.04296875 0.0234375
0 0.4078125 0.61796875 0.05390625 0.0359375
0 0.453125 0.61015625 0.03671875 0.0234375
0 0.23125 0.65078125 0.03671875 0.0203125
