0 0.85859375 0.40234375 0.2234375 0.1703125
0 0.53203125 0.43515625 0.1671875 0.1421875
0 0.40390625 0.4828125 0.1671875 0.125
0 0.3421875 0.57265625 0.15 0.1078125
0 0.2171875 0.58984375 0.140625 0.1078125
0 0.08046875 0.66875 0.1328125 0.09375
0 0.02734375 0.6421875 0.0546875 0.084375
0 0.5296875 0.703125 0.096875 0.065625
0 0.61875 0.74140625 0.078125 0.0578125
0 0.709375 0.76171875 0.084375 0.0734375
0 0.7734375 0.82890625 0.08125 0.0640625
0 0.88984375 0.97578125 0.0890625 0.0484375
0 0.71640625 0.50859375 0.0796875 0.0640625
0 0.728125 0.36171875 0.125 0.1234375
