0 0.8734375 0.5578125 0.1828125 0.27109375
0 0.89765625 0.25703125 0.16171875 0.25390625
0 0.7453125 0.3953125 0.16875 0.27109375
0 0.596875 0.1328125 0.19375 0.23125
0 0.609375 0.415625 0.140625 0.2765625
0 0.7359375 0.678125 0.17578125 0.31640625
0 0.8171875 0.884375 0.18984375 0.2203125
0 0.63671875 0.8984375 0.17265625 0.1921875
0 0.57734375 0.68359375 0.16171875 0.2484375
0 0.4140625 0.61015625 0.17265625 0.27109375
0 0.3609375 0.76015625 0.1796875 0.25390625
0 0.46328125 0.3671875 0.17265625 0.30546875
0 0.29609375 0.36171875 0.16875 0.32734375
0 0.41015625 0.11875 0.15859375 0.21484375
0 0.209375 0.1328125 0.21484375 0.23125
0 0.125 0.38984375 0.15859375 0.2484375
0 0.1109375 0.64140625 0.18671875 0.29921875
0 0.2375 0.65 0.14453125 0.29375
0 0.77734375 0.1265625 0.16953125 0.23203125
0 0.95625 0.91953125 0.0875 0.16015625
0 0.08828125 0.875 0.1765625 0.25
0 0.46953125 0.88046875 0.1609375 0.2390625
