0 0.7484375 0.9453125 0.0703125 0.04375
0 0.0546875 0.75703125 0.10703125 0.06640625
0 0.4046875 0.6765625 0.1109375 0.0640625
0 0.62421875 0.81328125 0.08359375 0.0640625
0 0.875 0.72734375 0.078125 0.0375
0 0.44375 0.4578125 0.05546875 0.0375
0 0.48125 0.38828125 0.0640625 0.04140625
0 0.64375 0.39765625 0.1140625 0.04453125
0 0.6234375 0.35390625 0.09375 0.04921875
0 0.9671875 0.2765625 0.065625 0.06328125
0 0.4828125 0.240625 0.08984375 0.05390625
0 0.59296875 0.18359375 0.084375 0.05625
0 0.5078125 0.1765625 0.10625 0.07421875
0 0.4234375 0.1609375 0.08203125 0.06484375
0 0.71328125 0.0359375 0.06328125 0.0390625
0 0.809375 0.015625 0.071875 0.02890625
