0 0.22265625 0.271875 0.0640625 0.078125
0 0.1875 0.04453125 0.065625 0.0859375
0 0.02265625 0.484375 0.0453125 0.096875
0 0.490625 0.27265625 0.05625 0.0703125
0 0.46484375 0.3015625 0.0421875 0.06875
0 0.3671875 0.25546875 0.040625 0.0734375
0 0.2125 0.35078125 0.040625 0.0546875
0 0.71484375 0.11328125 0.0609375 0.0859375
0 0.9671875 0.03046875 0.05625 0.0609375
0 0.871875 0.19140625 0.053125 0.0640625
0 0.8171875 0.3328125 0.053125 0.071875
0 0.9765625 0.275 0.046875 0.065625
0 0.4484375 0.63359375 0.05 0.0609375
0 0.596875 0.23828125 0.05625 0.0921875
0 0.703125 0.39453125 0.053125 0.0609375
0 0.28984375 0.603125 0.0484375 0.078125
0 0.4 0.59375 0.04375 0.065625
