0 0.59921875 0.6484375 0.1265625 0.153125
0 0.13046875 0.634375 0.1296875 0.1625
0 0.3046875 0.8984375 0.13125 0.15625
0 0.93828125 0.76328125 0.1234375 0.1890625
0 0.7421875 0.7140625 0.1375 0.215625
0 0.60625 0.75859375 0.14375 0.1515625
0 0.5578125 0.6046875 0.121875 0.18125
0 0.18515625 0.55703125 0.1484375 0.1515625
0 0.23984375 0.6296875 0.0984375 0.084375
0 0.7625 0.31328125 0.109375 0.1265625
0 0.96328125 0.19609375 0.0734375 0.1421875
0 0.95546875 0.07890625 0.0890625 0.1140625
0 0.871875 0.0265625 0.078125 0.053125
0 0.69921875 0.5515625 0.0984375 0.121875
