0 0.39921875 0.190625 0.2796875 0.26875
0 0.4390625 0.4609375 0.23125 0.265625
0 0.18203125 0.78515625 0.2640625 0.3015625
0 0.25078125 0.5421875 0.2546875 0.221875
0 0.29140625 0.33984375 0.1109375 0.1796875
0 0.7203125 0.5890625 0.221875 0.25
0 0.91328125 0.56171875 0.1734375 0.1828125
0 0.93203125 0.43046875 0.1359375 0.1078125
0 0.72265625 0.43203125 0.2109375 0.1359375
0 0.771875 0.75078125 0.225 0.1984375
0 0.58203125 0.68828125 0.1546875 0.2515625
0 0.71171875 0.9734375 0.1734375 0.053125
0 0.54609375 0.9359375 0.1359375 0.128125
0 0.02890625 0.92890625 0.0578125 0.0796875
0 0.034375 0.659375 0.06875 0.075
0 0.02734375 0.50625 0.0546875 0.096875
0 0.078125 0.45625 0.06875 0.084375
0 0.93046875 0.77265625 0.0546875 0.1328125
