0 0.04296875 0.3640625 0.0859375 0.11875
0 0.1328125 0.57265625 0.096875 0.1015625
0 0.10625 0.465625 0.090625 0.09375
0 0.33046875 0.51484375 0.1296875 0.1453125
0 0.2390625 0.6078125 0.0875 0.096875
0 0.14375 0.76015625 0.0875 0.0890625
0 0.4765625 0.90390625 0.121875 0.1203125
0 0.71484375 0.82578125 0.1359375 0.1484375
0 0.84375 0.82421875 0.140625 0.1484375
0 0.84140625 0.559375 0.1984375 0.20625
0 0.7046875 0.42265625 0.171875 0.2078125
0 0.58828125 0.4953125 0.1203125 0.128125
0 0.496875 0.56875 0.134375 0.128125
0 0.41171875 0.60078125 0.1109375 0.1234375
