0 0.85234375 0.0640625 0.13671875 0.1203125
0 0.9203125 0.3921875 0.140625 0.13671875
0 0.97578125 0.49609375 0.046875 0.03203125
0 0.18828125 0.02734375 0.13671875 0.053125
0 0.0734375 0.01015625 0.0859375 0.01875
0 0.21484375 0.22109375 0.0609375 0.084375
0 0.27578125 0.35859375 0.16875 0.17109375
0 0.08828125 0.35234375 0.1375 0.14375
0 0.65546875 0.44453125 0.128125 0.1328125
0 0.3515625 0.51015625 0.1234375 0.11796875
0 0.459375 0.57890625 0.0890625 0.10625
0 0.38984375 0.6546875 0.128125 0.13515625
0 0.4109375 0.91796875 0.05390625 0.05859375
0 0.059375 0.74609375 0.0390625 0.034375
0 0.0609375 0.95625 0.05625 0.04296875
0 0.13125 0.9328125 0.03984375 0.05546875
