0 0.43359375 0.23515625 0.1921875 0.2703125
0 0.525 0.184375 0.171875 0.25
0 0.6375 0.478125 0.19375 0.25625
0 0.4625 0.40703125 0.184375 0.1984375
0 0.33515625 0.47421875 0.1421875 0.1984375
0 0.19921875 0.54765625 0.1046875 0.1265625
0 0.471875 0.61484375 0.2 0.2734375
0 0.6625 0.77578125 0.175 0.2640625
0 0.51328125 0.8765625 0.1734375 0.246875
0 0.41796875 0.8390625 0.1203125 0.203125
0 0.659375 0.9109375 0.134375 0.13125
0 0.3359375 0.64140625 0.1 0.1546875
0 0.04140625 0.02890625 0.0828125 0.0578125
0 0.325 0.13984375 0.065625 0.1171875
0 0.91953125 0.06484375 0.0578125 0.0765625
