0 0.928125 0.51484375 0.06953125 0.07421875
0 0.978125 0.89375 0.040625 0.11875
0 0.93125 0.95625 0.134375 0.078125
0 0.97578125 0.10078125 0.02265625 0.0203125
0 0.4109375 0.12578125 0.05390625 0.05859375
0 0.0609375 0.1640625 0.05625 0.04296875
0 0.13125 0.14140625 0.03984375 0.05546875
0 0.27265625 0.28203125 0.05078125 0.0484375
0 0.4671875 0.47734375 0.03828125 0.03984375
0 0.2796875 0.22890625 0.0328125 0.03203125
0 0.3296875 0.4125 0.04296875 0.0703125
0 0.01015625 0.37265625 0.0203125 0.06171875
0 0.13359375 0.5109375 0.05546875 0.125
0 0.01640625 0.5265625 0.03203125 0.07734375
0 0.4171875 0.371875 0.0296875 0.021875
0 0.4578125 0.8078125 0.16796875 0.1734375
0 0.5515625 0.91015625 0.0703125 0.0703125
0 0.39921875 0.90234375 0.1125 0.1078125
0 0.15859375 0.89609375 0.07109375 0.0890625
0 0.63359375 0.91328125 0.05859375 0.0734375
