0 0.028125 0.73203125 0.05 0.0453125
0 0.1125 0.76953125 0.06953125 0.0421875
0 0.18359375 0.646875 0.06640625 0.046875
0 0.24140625 0.64921875 0.06640625 0.0390625
0 0.628125 0.721875 0.08359375 0.046875
0 0.89140625 0.73125 0.06640625 0.053125
0 0.93203125 0.7625 0.075 0.0375
0 0.915625 0.596875 0.0859375 0.034375
0 0.72890625 0.45859375 0.0859375 0.0484375
0 0.89453125 0.446875 0.08359375 0.04375
0 0.41796875 0.4703125 0.09140625 0.05
0 0.628125 0.303125 0.09453125 0.046875
0 0.6484375 0.37890625 0.0859375 0.0359375
0 0.675 0.3421875 0.05546875 0.0375
0 0.034375 0.39375 0.0640625 0.059375
0 0.153125 0.25234375 0.11640625 0.0484375
0 0.159375 0.3265625 0.0640625 0.05
0 0.3875 0.1703125 0.0859375 0.04375
0 0.8375 0.38984375 0.096875 0.0484375
0 0.028125 0.85625 0.05546875 0.059375
0 0.396875 0.39609375 0.078125 0.0515625
0 0.84609375 0.56640625 0.0859375 0.0421875
0 0.8515625 0.30703125 0.075 0.0515625
