0 0.9390625 0.16328125 0.121875 0.1390625
0 0.74609375 0.72265625 0.1515625 0.1296875
0 0.13359375 0.09296875 0.2671875 0.1859375
0 0.23203125 0.23359375 0.2140625 0.1484375
0 0.4625 0.25234375 0.1875 0.1265625
0 0.5171875 0.05078125 0.171875 0.1015625
0 0.72421875 0.384375 0.1671875 0.103125
0 0.4046875 0.4265625 0.196875 0.15
0 0.26796875 0.7046875 0.1328125 0.125
0 0.39140625 0.76015625 0.1859375 0.1265625
0 0.4390625 0.896875 0.153125 0.10625
0 0.33828125 0.8984375 0.0671875 0.08125
0 0.61796875 0.8953125 0.1484375 0.096875
