0 0.85234375 0.04765625 0.2109375 0.0953125
0 0.721875 0.05 0.159375 0.1
0 0.64921875 0.15 0.2078125 0.2125
0 0.48046875 0.10625 0.1546875 0.128125
0 0.1640625 0.0765625 0.196875 0.153125
0 0.4078125 0.21953125 0.10625 0.1171875
0 0.78203125 0.26484375 0.0703125 0.0734375
0 0.98203125 0.15 0.0359375 0.0625
0 0.96796875 0.3640625 0.0640625 0.10625
0 0.875 0.39921875 0.075 0.0703125
0 0.80546875 0.36640625 0.0703125 0.0609375
0 0.8171875 0.4859375 0.0875 0.09375
0 0.740625 0.46015625 0.05625 0.0609375
0 0.634375 0.37421875 0.20625 0.1921875
0 0.59921875 0.62890625 0.2390625 0.2265625
0 0.6859375 0.4859375 0.09375 0.0625
0 0.871875 0.55546875 0.075 0.0546875
0 0.9703125 0.815625 0.059375 0.11875
0 0.88671875 0.92578125 0.0734375 0.0765625
0 0.84296875 0.83828125 0.0859375 0.0703125
0 0.5828125 0.90625 0.221875 0.1875
0 0.38046875 0.81484375 0.2546875 0.2328125
0 0.33984375 0.39453125 0.1015625 0.1171875
0 0.15625 0.6484375 0.121875 0.125
0 0.290625 0.95390625 0.14375 0.0921875
0 0.21875 0.78359375 0.109375 0.1390625
0 0.14609375 0.9125 0.1234375 0.115625
0 0.05234375 0.37265625 0.0765625 0.0671875
0 0.3234375 0.50625 0.1125 0.078125
