0 0.0984375 0.39453125 0.19375 0.2421875
0 0.39765625 0.24609375 0.2328125 0.2171875
0 0.86796875 0.14375 0.2171875 0.171875
0 0.10390625 0.7 0.2046875 0.203125
0 0.915625 0.3859375 0.16875 0.203125
0 0.8171875 0.5390625 0.215625 0.2125
0 0.57734375 0.146875 0.2109375 0.2
0 0.3265625 0.81171875 0.1875 0.1859375
0 0.50234375 0.01953125 0.2203125 0.0390625
0 0.5234375 0.41796875 0.21875 0.2296875
0 0.30234375 0.47734375 0.1953125 0.1703125
0 0.41875 0.61796875 0.2375 0.1984375
0 0.51796875 0.92109375 0.1640625 0.1578125
