0 0.77890625 0.096875 0.10859375 0.14453125
0 0.73046875 0.45390625 0.11640625 0.14140625
0 0.96015625 0.5859375 0.07890625 0.11640625
0 0.95 0.896875 0.08125 0.11640625
0 0.82265625 0.86640625 0.0875 0.128125
0 0.76796875 0.753125 0.08515625 0.128125
0 0.64609375 0.871875 0.0875 0.0890625
0 0.64140625 0.9453125 0.09140625 0.071875
0 0.52890625 0.775 0.10234375 0.1109375
0 0.44296875 0.646875 0.10625 0.15546875
0 0.359375 0.66796875 0.10625 0.146875
0 0.35546875 0.7625 0.13125 0.10859375
0 0.30703125 0.4859375 0.11015625 0.128125
0 0.59375 0.1015625 0.1 0.125
0 0.48515625 0.1234375 0.1125 0.146875
0 0.60234375 0.221875 0.10859375 0.1109375
0 0.57109375 0.38203125 0.05 0.053125
0 0.50078125 0.27109375 0.05625 0.08046875
0 0.42578125 0.37109375 0.03984375 0.046875
0 0.24140625 0.53203125 0.09140625 0.1359375
0 0.06640625 0.7140625 0.0875 0.11640625
0 0.10859375 0.9140625 0.08359375 0.121875
0 0.965625 0.7625 0.06875 0.15
0 0.76953125 0.2671875 0.090625 0.1015625
