0 0.68671875 0.2296875 0.1421875 0.20625
0 0.475 0.17109375 0.134375 0.2359375
0 0.278125 0.29765625 0.0875 0.1359375
0 0.13359375 0.0984375 0.1171875 0.153125
0 0.09921875 0.040625 0.1015625 0.08125
0 0.2296875 0.25546875 0.0875 0.1421875
0 0.55 0.47421875 0.128125 0.2171875
0 0.7875 0.61796875 0.15 0.2421875
0 0.87109375 0.83671875 0.1265625 0.2140625
0 0.746875 0.8453125 0.128125 0.2125
0 0.66484375 0.765625 0.0984375 0.153125
0 0.58671875 0.81953125 0.1421875 0.2078125
0 0.5421875 0.89765625 0.090625 0.1265625
0 0.35 0.7828125 0.16875 0.23125
0 0.18125 0.71640625 0.134375 0.1859375
0 0.0546875 0.7578125 0.109375 0.159375
0 0.115625 0.5375 0.125 0.184375
0 0.25859375 0.528125 0.1359375 0.190625
0 0.38671875 0.4671875 0.0828125 0.11875
0 0.4015625 0.5921875 0.10625 0.134375
0 0.4640625 0.47109375 0.06875 0.1671875
