0 0.56015625 0.03984375 0.0890625 0.0796875
0 0.48515625 0.05859375 0.0890625 0.1171875
0 0.51328125 0.20234375 0.0984375 0.1359375
0 0.41796875 0.16875 0.0921875 0.1375
0 0.54453125 0.29609375 0.0984375 0.1390625
0 0.4546875 0.3375 0.096875 0.14375
0 0.3078125 0.21484375 0.078125 0.1109375
0 0.2203125 0.184375 0.06875 0.1125
0 0.23359375 0.2875 0.0921875 0.121875
0 0.31328125 0.31484375 0.0859375 0.1359375
0 0.209375 0.359375 0.0875 0.128125
0 0.12734375 0.334375 0.0734375 0.115625
0 0.37109375 0.41484375 0.0890625 0.1328125
0 0.27890625 0.43359375 0.0734375 0.1234375
0 0.628125 0.4171875 0.109375 0.15625
0 0.49375 0.46875 0.1 0.146875
0 0.509375 0.565625 0.096875 0.11875
0 0.71171875 0.57421875 0.0984375 0.1515625
0 0.821875 0.55234375 0.09375 0.1453125
0 0.76015625 0.6234375 0.0921875 0.128125
0 0.6578125 0.59609375 0.071875 0.1453125
0 0.58359375 0.62421875 0.0828125 0.1328125
0 0.51171875 0.68125 0.0890625 0.115625
0 0.40703125 0.61015625 0.0921875 0.1078125
0 0.31640625 0.6265625 0.0890625 0.128125
0 0.21953125 0.6140625 0.0890625 0.125
0 0.19765625 0.7609375 0.0828125 0.14375
0 0.140625 0.6796875 0.06875 0.109375
0 0.2734375 0.73203125 0.1 0.1359375
0 0.371875 0.73828125 0.065625 0.1140625
0 0.6953125 0.8703125 0.053125 0.109375
0 0.65078125 0.8234375 0.0921875 0.134375
0 0.5921875 0.946875 0.0875 0.10625
0 0.515625 0.934375 0.075 0.13125
0 0.86640625 0.86796875 0.1046875 0.1359375
0 0.8 0.82265625 0.1 0.1171875
0 0.63046875 0.91171875 0.0953125 0.1015625
0 0.9375 0.6515625 0.096875 0.1125
