0 0.9609375 0.43671875 0.078125 0.0578125
0 0.9234375 0.65234375 0.0859375 0.0484375
0 0.828125 0.61484375 0.0890625 0.0453125
0 0.65 0.5921875 0.09453125 0.059375
0 0.5875 0.5484375 0.103125 0.0625
0 0.365625 0.5359375 0.09140625 0.05
0 0.17890625 0.71640625 0.09140625 0.0546875
0 0.0484375 0.72421875 0.05859375 0.0421875
0 0.2625 0.75 0.09140625 0.05
0 0.5359375 0.81328125 0.071875 0.0515625
0 0.5109375 0.91015625 0.06640625 0.0359375
0 0.18203125 0.2703125 0.0640625 0.046875
0 0.0640625 0.28203125 0.09453125 0.0609375
0 0.66796875 0.01640625 0.096875 0.0328125
