0 0.97890625 0.403125 0.04140625 0.09453125
0 0.91015625 0.67890625 0.04609375 0.0640625
0 0.96171875 0.89453125 0.0625 0.0890625
0 0.7375 0.7734375 0.06484375 0.09140625
0 0.7796875 0.3375 0.065625 0.0640625
0 0.75546875 0.1734375 0.04765625 0.0859375
0 0.77265625 0.071875 0.0625 0.096875
0 0.70078125 0.1484375 0.08125 0.10859375
0 0.66328125 0.35 0.08125 0.10546875
0 0.59765625 0.28046875 0.09140625 0.121875
0 0.56328125 0.4953125 0.08515625 0.1109375
0 0.60234375 0.54140625 0.05 0.078125
0 0.584375 0.646875 0.07265625 0.0890625
0 0.50234375 0.56796875 0.0875 0.0859375
0 0.471875 0.64609375 0.05625 0.08046875
0 0.496875 0.75 0.03125 0.04453125
0 0.45859375 0.49453125 0.075 0.11640625
0 0.37421875 0.46953125 0.08515625 0.121875
0 0.30625 0.546875 0.07109375 0.09453125
0 0.23203125 0.5125 0.08125 0.103125
0 0.15546875 0.51796875 0.06875 0.096875
0 0.01328125 0.559375 0.02265625 0.046875
0 0.13828125 0.6125 0.01484375 0.025
0 0.23671875 0.9625 0.06015625 0.06953125
0 0.04140625 0.946875 0.05859375 0.0890625
0 0.43828125 0.09609375 0.04375 0.053125
0 0.44453125 0.034375 0.03984375 0.046875
0 0.40703125 0.025 0.03984375 0.04453125
0 0.32265625 0.62890625 0.053125 0.06328125
0 0.3921875 0.16171875 0.04375 0.05234375
