0 0.02890625 0.7625 0.05546875 0.05703125
0 0.35390625 0.68125 0.115625 0.06171875
0 0.56953125 0.82109375 0.10078125 0.06171875
0 0.82890625 0.73515625 0.071875 0.04296875
0 0.70390625 0.95390625 0.08203125 0.04765625
0 0.96640625 0.93671875 0.0671875 0.0578125
0 0.39375 0.4640625 0.05625 0.03984375
0 0.59609375 0.4078125 0.11796875 0.04296875
0 0.56171875 0.36015625 0.071875 0.05
0 0.9734375 0.27421875 0.053125 0.0515625
0 0.909375 0.2828125 0.0765625 0.05625
0 0.42421875 0.25 0.0796875 0.05078125
0 0.20625 0.30234375 0.0265625 0.02421875
0 0.54296875 0.19375 0.08046875 0.0484375
0 0.44609375 0.1859375 0.103125 0.07265625
0 0.35859375 0.1765625 0.07578125 0.05390625
0 0.6484375 0.04765625 0.06875 0.0421875
0 0.7484375 0.021875 0.08046875 0.03515625
