0 0.10703125 0.1203125 0.2140625 0.240625
0 0.346875 0.17734375 0.18125 0.2734375
0 0.57890625 0.096875 0.1921875 0.19375
0 0.61171875 0.28203125 0.1328125 0.1796875
0 0.65859375 0.35 0.1140625 0.15625
0 0.39921875 0.37890625 0.1078125 0.1546875
0 0.49375 0.659375 0.128125 0.171875
0 0.4515625 0.8140625 0.109375 0.153125
0 0.365625 0.82578125 0.075 0.1546875
0 0.7109375 0.765625 0.078125 0.121875
0 0.6390625 0.778125 0.0875 0.10625
0 0.6109375 0.8421875 0.084375 0.08125
0 0.565625 0.940625 0.078125 0.09375
