0 0.76875 0.27890625 0.125 0.2109375
0 0.88515625 0.38671875 0.1671875 0.2265625
0 0.3828125 0.1671875 0.140625 0.190625
0 0.284375 0.24921875 0.1 0.1828125
0 0.1265625 0.31640625 0.14375 0.2390625
0 0.11640625 0.45234375 0.1359375 0.0734375
0 0.3015625 0.51015625 0.140625 0.1859375
0 0.2734375 0.66796875 0.103125 0.1171875
0 0.42578125 0.5875 0.1296875 0.221875
0 0.5328125 0.49921875 0.10625 0.1515625
0 0.66171875 0.51328125 0.1171875 0.1765625
0 0.6390625 0.3703125 0.096875 0.1
0 0.5125 0.36640625 0.0875 0.0859375
0 0.90234375 0.61953125 0.1453125 0.2203125
0 0.88359375 0.809375 0.1296875 0.175
0 0.528125 0.7046875 0.15625 0.209375
0 0.71328125 0.625 0.1140625 0.08125
0 0.49609375 0.98359375 0.0953125 0.0328125
