0 0.06484375 0.73046875 0.1296875 0.2171875
0 0.92109375 0.07734375 0.1578125 0.1546875
0 0.59140625 0.79609375 0.2765625 0.3953125
0 0.6796875 0.08671875 0.09296875 0.08671875
0 0.8765625 0.80859375 0.24140625 0.33359375
0 0.76875 0.81796875 0.09609375 0.3640625
0 0.35234375 0.82109375 0.221875 0.33359375
0 0.12421875 0.85703125 0.2484375 0.2828125
0 0.34453125 0.0953125 0.1796875 0.190625
0 0.80546875 0.1296875 0.1640625 0.16015625
0 0.13515625 0.1546875 0.25703125 0.29609375
0 0.3859375 0.265625 0.23828125 0.3578125
0 0.81328125 0.271875 0.14765625 0.28359375
0 0.07421875 0.31796875 0.14140625 0.33984375
0 0.53828125 0.32109375 0.10625 0.3578125
0 0.6609375 0.3484375 0.24140625 0.4875
0 0.91796875 0.34921875 0.15078125 0.43203125
0 0.20078125 0.475 0.13203125 0.29609375
0 0.26015625 0.6015625 0.25078125 0.3515625
0 0.51484375 0.6140625 0.1796875 0.228125
0 0.5484375 0.0765625 0.19296875 0.15234375
