0 0.84609375 0.265625 0.2359375 0.23125
0 0.8828125 0.42109375 0.209375 0.1921875
0 0.7375 0.3875 0.196875 0.196875
0 0.78359375 0.56171875 0.2359375 0.1421875
0 0.57734375 0.428125 0.2390625 0.228125
0 0.54765625 0.15625 0.2140625 0.259375
0 0.7140625 0.071875 0.209375 0.14375
0 0.915625 0.01875 0.1625 0.0375
0 0.37265625 0.046875 0.2078125 0.09375
0 0.48203125 0.328125 0.1828125 0.203125
0 0.32421875 0.36171875 0.2328125 0.2640625
0 0.1203125 0.44765625 0.2 0.1859375
0 0.03125 0.53203125 0.0625 0.2328125
0 0.1359375 0.6484375 0.228125 0.21875
0 0.478125 0.62734375 0.246875 0.2359375
0 0.34765625 0.76953125 0.1734375 0.2140625
0 0.5296875 0.778125 0.221875 0.203125
0 0.84609375 0.8125 0.1921875 0.15625
0 0.7453125 0.90078125 0.18125 0.1984375
0 0.64765625 0.98203125 0.1984375 0.0359375
0 0.6734375 0.6703125 0.1125 0.159375
