0 0.62109375 0.9578125 0.103125 0.06796875
0 0.865625 0.97890625 0.040625 0.0296875
0 0.771875 0.2125 0.08046875 0.06640625
0 0.61640625 0.23828125 0.08046875 0.0578125
0 0.34453125 0.25390625 0.06640625 0.04296875
0 0.7203125 0.2859375 0.05 0.059375
0 0.65 0.2875 0.06953125 0.06328125
0 0.74296875 0.3625 0.0859375 0.053125
0 0.64921875 0.409375 0.1 0.05859375
0 0.578125 0.4515625 0.090625 0.0578125
0 0.01796875 0.50703125 0.0359375 0.046875
0 0.30703125 0.50703125 0.075 0.04765625
0 0.51328125 0.553125 0.04296875 0.03203125
0 0.03515625 0.58515625 0.0703125 0.0484375
0 0.64765625 0.6078125 0.07109375 0.046875
0 0.959375 0.62265625 0.08046875 0.0875
0 0.4734375 0.6265625 0.0640625 0.04609375
0 0.871875 0.63046875 0.140625 0.09375
0 0.6859375 0.6359375 0.06953125 0.0421875
0 0.36015625 0.753125 0.04609375 0.03671875
0 0.29921875 0.75625 0.04609375 0.04140625
0 0.853125 0.825 0.0859375 0.0515625
0 0.5015625 0.84921875 0.04453125 0.03671875
0 0.72890625 0.90703125 0.10546875 0.084375
