0 0.4375 0.23125 0.31875 0.4625
0 0.20234375 0.53359375 0.3328125 0.4453125
0 0.53828125 0.6125 0.2828125 0.41875
0 0.52578125 0.91328125 0.1390625 0.1734375
0 0.69765625 0.69765625 0.1453125 0.2890625
0 0.81171875 0.8296875 0.2515625 0.340625
0 0.92734375 0.759375 0.1421875 0.253125
0 0.946875 0.9203125 0.096875 0.128125
0 0.28203125 0.8703125 0.0453125 0.053125
0 0.18203125 0.78984375 0.0453125 0.0421875
0 0.88359375 0.08125 0.0359375 0.05625
0 0.9203125 0.0453125 0.040625 0.040625
0 0.67109375 0.115625 0.0421875 0.040625
