0 0.1640625 0.42890625 0.140625 0.1796875
0 0.09375 0.08671875 0.1875 0.1734375
0 0.184375 0.63359375 0.11875 0.1390625
0 0.12890625 0.5140625 0.1109375 0.115625
0 0.5328125 0.63984375 0.109375 0.1578125
0 0.4515625 0.51640625 0.078125 0.0828125
0 0.78984375 0.45 0.1265625 0.165625
0 0.68203125 0.41953125 0.0890625 0.1265625
0 0.7671875 0.63359375 0.115625 0.1765625
0 0.66953125 0.5734375 0.0796875 0.109375
0 0.684375 0.68515625 0.103125 0.1390625
0 0.78203125 0.8625 0.0921875 0.1625
0 0.6875 0.87734375 0.109375 0.1609375
0 0.62734375 0.49140625 0.0421875 0.0640625
