0 0.590625 0.05234375 0.09375 0.1046875
0 0.59296875 0.1484375 0.0921875 0.103125
0 0.6640625 0.15234375 0.06875 0.0984375
0 0.1984375 0.05078125 0.090625 0.1015625
0 0.41171875 0.1625 0.0796875 0.096875
0 0.35703125 0.19609375 0.0796875 0.0953125
0 0.18515625 0.18359375 0.0828125 0.1015625
0 0.09453125 0.16015625 0.0796875 0.0671875
0 0.26875 0.2984375 0.075 0.078125
0 0.4625 0.37109375 0.06875 0.0859375
0 0.41640625 0.30703125 0.0671875 0.0671875
0 0.55859375 0.2328125 0.0421875 0.078125
0 0.51171875 0.22890625 0.0765625 0.0828125
0 0.8171875 0.25546875 0.096875 0.1171875
0 0.928125 0.3453125 0.09375 0.090625
0 0.6875 0.35859375 0.0625 0.0921875
0 0.6359375 0.34453125 0.071875 0.0984375
0 0.40390625 0.3953125 0.0546875 0.084375
0 0.35859375 0.41015625 0.0546875 0.0828125
0 0.325 0.42734375 0.04375 0.0703125
0 0.25625 0.4703125 0.0625 0.084375
0 0.1359375 0.58125 0.065625 0.084375
0 0.09296875 0.5453125 0.0796875 0.078125
0 0.1875 0.5921875 0.0625 0.0875
0 0.35 0.628125 0.065625 0.084375
0 0.41953125 0.54140625 0.0609375 0.0671875
0 0.3578125 0.5078125 0.05625 0.071875
0 0.946875 0.56796875 0.034375 0.0609375
0 0.90703125 0.50078125 0.0734375 0.0796875
0 0.87578125 0.55703125 0.0484375 0.0484375
0 0.7875 0.50390625 0.078125 0.0796875
0 0.73359375 0.6375 0.0609375 0.06875
0 0.66796875 0.640625 0.0640625 0.078125
0 0.66015625 0.740625 0.0640625 0.065625
0 0.609375 0.725 0.059375 0.065625
0 0.5578125 0.678125 0.053125 0.0625
0 0.63359375 0.90390625 0.0703125 0.0734375
0 0.61171875 0.84453125 0.0640625 0.0671875
0 0.84609375 0.69921875 0.0734375 0.0671875
0 0.91640625 0.7984375 0.0546875 0.05625
0 0.753125 0.73046875 0.065625 0.0703125
0 0.18984375 0.740625 0.0734375 0.08125
0 0.04765625 0.79921875 0.0578125 0.0515625
0 0.04296875 0.75078125 0.0671875 0.0640625
0 0.3171875 0.89140625 0.06875 0.0734375
0 0.51328125 0.8890625 0.0546875 0.05
0 0.43984375 0.89375 0.0515625 0.053125
0 0.61796875 0.50546875 0.0515625 0.0609375
0 0.56640625 0.503125 0.0640625 0.0875
0 0.47109375 0.4578125 0.0609375 0.075
0 0.453125 0.83671875 0.065625 0.0671875
0 0.728125 0.5703125 0.05625 0.05
