0 0.92578125 0.05 0.07734375 0.1
0 0.74609375 0.03203125 0.10859375 0.0640625
0 0.85234375 0.125 0.08359375 0.115625
0 0.8390625 0.33203125 0.090625 0.1453125
0 0.9390625 0.45859375 0.09296875 0.1328125
0 0.98359375 0.5328125 0.0328125 0.13125
0 0.88046875 0.509375 0.05703125 0.09375
0 0.8765625 0.6359375 0.109375 0.14375
0 0.93203125 0.9109375 0.09140625 0.15
0 0.8484375 0.8328125 0.090625 0.159375
0 0.78984375 0.71953125 0.065625 0.1265625
0 0.74609375 0.7078125 0.06015625 0.115625
0 0.63984375 0.48828125 0.096875 0.1578125
0 0.56953125 0.56015625 0.09921875 0.1484375
0 0.59296875 0.62890625 0.10078125 0.1328125
0 0.61328125 0.7140625 0.06953125 0.08125
0 0.54921875 0.7734375 0.10703125 0.16875
0 0.4515625 0.79921875 0.096875 0.1453125
0 0.60390625 0.83515625 0.078125 0.1203125
0 0.56640625 0.94296875 0.08828125 0.1140625
0 0.42109375 0.66953125 0.09765625 0.1453125
0 0.51796875 0.3578125 0.09296875 0.15
0 0.4890625 0.49453125 0.09453125 0.1296875
0 0.38046875 0.528125 0.09765625 0.14375
0 0.37421875 0.40078125 0.09296875 0.1265625
0 0.4421875 0.24140625 0.10703125 0.1640625
0 0.38515625 0.1671875 0.09765625 0.14375
0 0.55546875 0.146875 0.08671875 0.121875
0 0.68828125 0.04296875 0.08046875 0.0859375
0 0.1546875 0.04296875 0.09921875 0.0859375
0 0.28359375 0.0875 0.09453125 0.140625
0 0.40703125 0.04453125 0.065625 0.0890625
0 0.25703125 0.47109375 0.10234375 0.1609375
0 0.12421875 0.28203125 0.05546875 0.0890625
0 0.31796875 0.95 0.05 0.075
0 0.18515625 0.178125 0.04140625 0.06484375
0 0.1484375 0.18359375 0.03828125 0.075
0 0.01875 0.0640625 0.0375 0.08125
