0 0.79140625 0.63671875 0.0796875 0.1140625
0 0.34140625 0.09609375 0.1390625 0.1765625
0 0.43828125 0.24921875 0.1015625 0.1390625
0 0.265625 0.55859375 0.11875 0.1671875
0 0.15859375 0.5140625 0.1046875 0.15
0 0.02734375 0.74296875 0.0546875 0.1546875
0 0.06796875 0.82734375 0.0921875 0.1328125
0 0.5625 0.521875 0.096875 0.1375
0 0.4765625 0.52578125 0.0875 0.1203125
0 0.04453125 0.20625 0.0640625 0.1
0 0.3 0.2703125 0.071875 0.09375
0 0.1359375 0.2890625 0.06875 0.09375
0 0.075 0.02890625 0.071875 0.0578125
0 0.4765625 0.1078125 0.053125 0.065625
0 0.46015625 0.05390625 0.0578125 0.0703125
0 0.1640625 0.04765625 0.05 0.0703125
0 0.1609375 0.15234375 0.040625 0.0984375
