0 0.7953125 0.49296875 0.13125 0.1953125
0 0.8921875 0.46640625 0.109375 0.2109375
0 0.67734375 0.60625 0.0671875 0.128125
0 0.6140625 0.55234375 0.109375 0.1796875
0 0.49296875 0.53515625 0.1328125 0.1859375
0 0.4546875 0.36640625 0.15625 0.2171875
0 0.3 0.5109375 0.178125 0.246875
0 0.11171875 0.48671875 0.1953125 0.2765625
0 0.40859375 0.68125 0.1109375 0.146875
0 0.2703125 0.70546875 0.075 0.1296875
0 0.1953125 0.69296875 0.1 0.1546875
0 0.1 0.79765625 0.078125 0.1609375
0 0.03828125 0.7734375 0.0765625 0.14375
0 0.43359375 0.9453125 0.1265625 0.109375
0 0.33046875 0.95 0.0890625 0.1
0 0.4 0.82109375 0.090625 0.1296875
0 0.5875 0.75078125 0.075 0.1015625
0 0.76640625 0.84453125 0.0890625 0.0984375
0 0.5828125 0.9671875 0.075 0.065625
0 0.93828125 0.31171875 0.0734375 0.1078125
0 0.7984375 0.33203125 0.078125 0.0953125
0 0.6890625 0.26875 0.0875 0.109375
