0 0.884375 0.15625 0.23125 0.3
0 0.90234375 0.34296875 0.1953125 0.1546875
0 0.64921875 0.24453125 0.2078125 0.1953125
0 0.4234375 0.1171875 0.121875 0.140625
0 0.58359375 0.11953125 0.0765625 0.0984375
0 0.35859375 0.2734375 0.1265625 0.1375
0 0.46796875 0.221875 0.0671875 0.06875
0 0.5078125 0.2515625 0.059375 0.09375
0 0.45625 0.403125 0.146875 0.175
0 0.08515625 0.4125 0.1703125 0.203125
0 0.05703125 0.62109375 0.1140625 0.1703125
0 0.12421875 0.76875 0.1234375 0.11875
0 0.2890625 0.64609375 0.275 0.2515625
0 0.5515625 0.60234375 0.271875 0.2671875
0 0.66875 0.70625 0.184375 0.18125
0 0.565625 0.88046875 0.225 0.2234375
0 0.36875 0.871875 0.18125 0.140625
0 0.7796875 0.88515625 0.13125 0.1296875
0 0.746875 0.959375 0.146875 0.08125
0 0.0453125 0.23984375 0.090625 0.1015625
0 0.2359375 0.14921875 0.128125 0.0546875
0 0.078125 0.165625 0.071875 0.078125