0 0.63203125 0.14453125 0.1140625 0.1421875
0 0.73515625 0.06484375 0.0921875 0.1140625
0 0.78359375 0.1328125 0.0828125 0.09375
0 0.86796875 0.04296875 0.0765625 0.0859375
0 0.50078125 0.03515625 0.0890625 0.0703125
0 0.67109375 0.29765625 0.1171875 0.1453125
0 0.603125 0.353125 0.075 0.096875
0 0.49140625 0.31328125 0.0671875 0.0828125
0 0.38828125 0.3828125 0.0859375 0.103125
0 0.83984375 0.39609375 0.0796875 0.0984375
0 0.73515625 0.553125 0.1046875 0.11875
0 0.75 0.4765625 0.078125 0.1
0 0.6453125 0.63828125 0.125 0.1515625
0 0.7078125 0.796875 0.11875 0.13125
0 0.35 0.690625 0.084375 0.10625
0 0.403125 0.7578125 0.078125 0.096875
0 0.3265625 0.765625 0.0875 0.090625
0 0.15 0.7828125 0.0625 0.08125
0 0.17109375 0.9109375 0.0859375 0.125
0 0.27578125 0.92578125 0.0828125 0.0984375
0 0.2859375 0.9828125 0.0875 0.034375
0 0.20078125 0.9796875 0.0796875 0.040625
0 0.4484375 0.96796875 0.04375 0.0640625
0 0.52890625 0.85859375 0.0671875 0.0828125
0 0.246875 0.35234375 0.05 0.0546875
0 0.07890625 0.3515625 0.0453125 0.05625
0 0.0296875 0.49765625 0.05 0.0578125
0 0.0171875 0.62109375 0.034375 0.0828125
0 0.27578125 0.5796875 0.0734375 0.08125
0 0.43359375 0.54921875 0.0703125 0.0859375
0 0.25390625 0.4953125 0.0765625 0.075
0 0.25390625 0.5 0.0765625 0.078125
0 0.69296875 0.89765625 0.0640625 0.0671875
0 0.55625 0.8125 0.0625 0.071875
0 0.83828125 0.13359375 0.0421875 0.0984375
0 0.178125 0.4328125 0.04375 0.040625