0 0.14765625 0.0640625 0.13671875 0.1203125
0 0.0796875 0.3921875 0.140625 0.13671875
0 0.02421875 0.49609375 0.046875 0.03203125
0 0.81171875 0.02734375 0.13671875 0.053125
0 0.9265625 0.01015625 0.0859375 0.01875
0 0.78515625 0.22109375 0.0609375 0.084375
0 0.72421875 0.35859375 0.16875 0.17109375
0 0.91171875 0.35234375 0.1375 0.14375
0 0.34453125 0.44453125 0.128125 0.1328125
0 0.6484375 0.51015625 0.1234375 0.11796875
0 0.540625 0.57890625 0.0890625 0.10625
0 0.61015625 0.6546875 0.128125 0.13515625
0 0.5890625 0.91796875 0.05390625 0.05859375
0 0.940625 0.74609375 0.0390625 0.034375
0 0.9390625 0.95625 0.05625 0.04296875
0 0.86875 0.9328125 0.03984375 0.05546875