0 0.0546875 0.18046875 0.109375 0.1453125
0 0.190625 0.03203125 0.1 0.0640625
0 0.06015625 0.03359375 0.1203125 0.0671875
0 0.36953125 0.19609375 0.1484375 0.1546875
0 0.2203125 0.2546875 0.178125 0.128125
0 0.759375 0.04375 0.23125 0.0875
0 0.67734375 0.1875 0.1609375 0.15625
0 0.5140625 0.40390625 0.175 0.1546875
0 0.115625 0.56015625 0.228125 0.2484375
0 0.084375 0.4390625 0.15625 0.075
0 0.3390625 0.36328125 0.15 0.1640625
0 0.2203125 0.4046875 0.103125 0.13125
0 0.7359375 0.3203125 0.165625 0.15
0 0.53125 0.2984375 0.14375 0.1125
0 0.6359375 0.51015625 0.15625 0.1578125
0 0.50546875 0.6828125 0.2078125 0.221875
0 0.284375 0.86015625 0.165625 0.1765625
0 0.37890625 0.95859375 0.1734375 0.0828125
0 0.67265625 0.7421875 0.1609375 0.171875
0 0.44921875 0.8125 0.1546875 0.1375
0 0.62421875 0.86484375 0.1671875 0.1234375
0 0.66796875 0.96640625 0.1265625 0.0671875
0 0.853125 0.73203125 0.171875 0.1828125
0 0.84453125 0.84765625 0.1671875 0.1078125
0 0.9671875 0.703125 0.065625 0.1375
0 0.946875 0.48671875 0.10625 0.2234375
0 0.94140625 0.32265625 0.1171875 0.1546875