0 0.57890625 0.32421875 0.4796875 0.5359375
0 0.83359375 0.6125 0.3328125 0.428125
0 0.946875 0.440625 0.10625 0.375
0 0.9484375 0.24375 0.065625 0.075
0 0.9640625 0.8625 0.071875 0.275
0 0.8421875 0.846875 0.2375 0.20625
0 0.52890625 0.73671875 0.3328125 0.3171875
0 0.58203125 0.878125 0.0984375 0.078125
0 0.38671875 0.9609375 0.2296875 0.078125
0 0.1625 0.76796875 0.325 0.3359375
0 0.3078125 0.534375 0.375 0.40625
0 0.33828125 0.07734375 0.0890625 0.1015625
0 0.4578125 0.04140625 0.0875 0.0828125
0 0.24296875 0.27734375 0.0453125 0.0390625
0 0.23125 0.225 0.059375 0.053125
0 0.353125 0.19296875 0.04375 0.0453125
0 0.26875 0.2609375 0.05 0.05
0 0.103125 0.496875 0.053125 0.065625