0 0.0671875 0.55390625 0.13203125 0.1484375
0 0.25625 0.51796875 0.1546875 0.159375
0 0.35234375 0.55546875 0.06875 0.07890625
0 0.27265625 0.61875 0.1328125 0.0875
0 0.58046875 0.26796875 0.159375 0.18828125
0 0.7390625 0.2640625 0.1796875 0.19609375
0 0.959375 0.0515625 0.08125 0.10078125
0 0.8953125 0.18984375 0.078125 0.1140625
0 0.58671875 0.64140625 0.17890625 0.178125
0 0.7265625 0.5109375 0.1640625 0.1859375
0 0.178125 0.96796875 0.04765625 0.06328125
0 0.74296875 0.7609375 0.12109375 0.146875