0 0.034375 0.921875 0.06875 0.15
0 0.25390625 0.74765625 0.0859375 0.1421875
0 0.41953125 0.80234375 0.1203125 0.1671875
0 0.775 0.88828125 0.090625 0.1578125
0 0.89765625 0.91796875 0.1078125 0.1390625
0 0.87734375 0.7859375 0.0859375 0.1375
0 0.965625 0.73359375 0.06875 0.1078125
0 0.915625 0.66328125 0.071875 0.0921875
0 0.98515625 0.521875 0.0296875 0.10625
0 0.7828125 0.55859375 0.115625 0.1578125
0 0.78828125 0.41953125 0.1046875 0.1296875
0 0.88359375 0.47578125 0.0828125 0.1265625
0 0.9515625 0.35 0.096875 0.125
0 0.73125 0.2125 0.103125 0.146875
0 0.7484375 0.140625 0.1 0.103125
0 0.83671875 0.1375 0.1046875 0.140625
0 0.91328125 0.09140625 0.1078125 0.1359375
0 0.79453125 0.0359375 0.1109375 0.071875
0 0.67734375 0.01875 0.1078125 0.0375
0 0.6328125 0.23046875 0.075 0.1421875
0 0.66328125 0.309375 0.0953125 0.13125
0 0.6421875 0.4890625 0.096875 0.1375
0 0.47734375 0.5703125 0.1078125 0.171875
0 0.3328125 0.53203125 0.096875 0.1421875
0 0.428125 0.5171875 0.1 0.153125
0 0.31015625 0.403125 0.1078125 0.159375
0 0.39140625 0.3046875 0.0859375 0.15
0 0.19140625 0.4625 0.1234375 0.146875
0 0.078125 0.39296875 0.1 0.1421875
0 0.025 0.471875 0.05 0.11875
0 0.04453125 0.2265625 0.0890625 0.159375
0 0.13671875 0.05703125 0.1421875 0.1140625
0 0.203125 0.18515625 0.096875 0.1359375
0 0.33515625 0.12578125 0.0796875 0.1078125
0 0.36640625 0.06328125 0.1015625 0.1265625
0 0.478125 0.12265625 0.075 0.1015625
0 0.52578125 0.2015625 0.1015625 0.1375