0 0.5234375 0.19765625 0.203125 0.1609375
0 0.7484375 0.17109375 0.1375 0.1265625
0 0.84765625 0.10390625 0.1359375 0.1234375
0 0.62265625 0.040625 0.1421875 0.08125
0 0.34453125 0.096875 0.1734375 0.15
0 0.090625 0.05703125 0.1375 0.1109375
0 0.22421875 0.30078125 0.1296875 0.1015625
0 0.34921875 0.26171875 0.1234375 0.1171875
0 0.2265625 0.62109375 0.2375 0.2046875
0 0.57265625 0.86796875 0.3015625 0.2453125
0 0.5453125 0.61640625 0.1125 0.0765625
0 0.38671875 0.6515625 0.0859375 0.0875
0 0.8 0.76328125 0.090625 0.0734375
0 0.66171875 0.41015625 0.0765625 0.0734375
0 0.72109375 0.34609375 0.0671875 0.0671875
0 0.08828125 0.93515625 0.1234375 0.0984375
0 0.68359375 0.9515625 0.1265625 0.096875
0 0.57421875 0.275 0.1265625 0.06875