0 0.1140625 0.09609375 0.228125 0.1921875
0 0.4734375 0.0765625 0.190625 0.153125
0 0.68359375 0.046875 0.2359375 0.09375
0 0.815625 0.084375 0.19375 0.16875
0 0.5109375 0.16640625 0.14375 0.0890625
0 0.18359375 0.3421875 0.3671875 0.290625
0 0.7703125 0.3328125 0.34375 0.275
0 0.49453125 0.3625 0.2671875 0.209375
0 0.48828125 0.653125 0.3640625 0.30625
0 0.084375 0.58671875 0.16875 0.2078125
0 0.88984375 0.53203125 0.2203125 0.2109375
0 0.72578125 0.72109375 0.1421875 0.1578125
0 0.67265625 0.5046875 0.1796875 0.14375