0 0.396875 0.321875 0.125 0.190625
0 0.23125 0.37421875 0.090625 0.1390625
0 0.334375 0.4203125 0.11875 0.165625
0 0.27421875 0.48984375 0.0859375 0.1078125
0 0.24609375 0.6203125 0.1078125 0.165625
0 0.11796875 0.59453125 0.0984375 0.1015625
0 0.109375 0.7265625 0.115625 0.18125
0 0.01796875 0.96640625 0.0359375 0.0671875
0 0.01328125 0.65390625 0.0265625 0.1171875
0 0.540625 0.91171875 0.115625 0.1609375
0 0.5125 0.83359375 0.09375 0.0890625
0 0.35 0.74296875 0.071875 0.1078125
0 0.240625 0.825 0.071875 0.1
0 0.3171875 0.83203125 0.06875 0.0984375
0 0.39296875 0.8625 0.0671875 0.121875
0 0.2 0.9640625 0.08125 0.071875
0 0.203125 0.70234375 0.078125 0.1046875
0 0.39765625 0.640625 0.1046875 0.16875
0 0.47890625 0.6265625 0.0953125 0.140625
0 0.4859375 0.50546875 0.084375 0.1546875
0 0.5859375 0.3953125 0.215625 0.346875
0 0.803125 0.40390625 0.203125 0.3140625
0 0.82421875 0.61640625 0.1359375 0.1734375
0 0.50078125 0.17265625 0.1265625 0.2515625
0 0.65625 0.22578125 0.15 0.2453125
0 0.6125 0.0578125 0.2 0.115625
0 0.8140625 0.19921875 0.15 0.1546875
0 0.92734375 0.05703125 0.1359375 0.1140625
0 0.45703125 0.04453125 0.0453125 0.0609375