0 0.5046875 0.14921875 0.25625 0.1984375
0 0.75703125 0.2203125 0.1765625 0.1375
0 0.92578125 0.19609375 0.1390625 0.1328125
0 0.96171875 0.1171875 0.0765625 0.128125
0 0.63359375 0.38515625 0.1453125 0.1328125
0 0.3359375 0.62265625 0.396875 0.3171875
0 0.0703125 0.43984375 0.1125 0.1015625
0 0.04453125 0.5375 0.0890625 0.11875
0 0.05234375 0.775 0.0984375 0.0875
0 0.10546875 0.72265625 0.0921875 0.0859375
0 0.66796875 0.615625 0.1234375 0.1125
0 0.77109375 0.76484375 0.1203125 0.0984375
0 0.94453125 0.78671875 0.1109375 0.1046875
0 0.709375 0.86953125 0.125 0.1046875
0 0.75546875 0.9640625 0.1390625 0.071875
0 0.33046875 0.95625 0.1015625 0.071875
0 0.30078125 0.8421875 0.0515625 0.046875
0 0.3640625 0.828125 0.084375 0.075
0 0.53046875 0.88984375 0.0921875 0.0953125
0 0.2375 0.96875 0.125 0.0625
0 0.565625 0.7171875 0.103125 0.084375
0 0.61875 0.89375 0.05625 0.05625
0 0.60859375 0.828125 0.0671875 0.05
0 0.465625 0.9359375 0.05625 0.046875
0 0.0375 0.9171875 0.05 0.046875
0 0.12109375 0.96640625 0.0765625 0.0453125
0 0.14921875 0.9265625 0.0796875 0.0625
0 0.35859375 0.08828125 0.1296875 0.1015625