0 0.29921875 0.1171875 0.1171875 0.15625
0 0.409375 0.1734375 0.134375 0.165625
0 0.59453125 0.11015625 0.0765625 0.0859375
0 0.9234375 0.1171875 0.078125 0.159375
0 0.61796875 0.42578125 0.2078125 0.2328125
0 0.8203125 0.5734375 0.1875 0.184375
0 0.71796875 0.65859375 0.1734375 0.1640625
0 0.73203125 0.7609375 0.1484375 0.10625
0 0.55546875 0.90546875 0.1578125 0.1140625
0 0.41015625 0.84609375 0.0796875 0.0796875
0 0.1 0.68828125 0.1125 0.0984375
0 0.29921875 0.57109375 0.1234375 0.1234375
0 0.41171875 0.46484375 0.1390625 0.1703125
0 0.30625 0.3953125 0.090625 0.10625
0 0.20546875 0.4375 0.1203125 0.084375