0 0.14140625 0.40234375 0.2234375 0.1703125
0 0.46796875 0.43515625 0.1671875 0.1421875
0 0.59609375 0.4828125 0.1671875 0.125
0 0.6578125 0.57265625 0.15 0.1078125
0 0.7828125 0.58984375 0.140625 0.1078125
0 0.91953125 0.66875 0.1328125 0.09375
0 0.97265625 0.6421875 0.0546875 0.084375
0 0.4703125 0.703125 0.096875 0.065625
0 0.38125 0.74140625 0.078125 0.0578125
0 0.290625 0.76171875 0.084375 0.0734375
0 0.2265625 0.82890625 0.08125 0.0640625
0 0.11015625 0.97578125 0.0890625 0.0484375
0 0.28359375 0.50859375 0.0796875 0.0640625
0 0.271875 0.36171875 0.125 0.1234375