0 0.3734375 0.1953125 0.14375 0.159375
0 0.67734375 0.18984375 0.1609375 0.1671875
0 0.75234375 0.04765625 0.2109375 0.0953125
0 0.940625 0.3171875 0.11875 0.15625
0 0.94375 0.490625 0.1125 0.2375
0 0.96328125 0.70703125 0.0734375 0.1453125
0 0.85 0.746875 0.175 0.19375
0 0.6671875 0.74296875 0.175 0.1859375
0 0.6234375 0.8609375 0.165625 0.14375
0 0.6859375 0.9625 0.1875 0.075
0 0.3796875 0.9546875 0.178125 0.090625
0 0.28515625 0.8609375 0.1734375 0.184375
0 0.44765625 0.80703125 0.1578125 0.1453125
0 0.11796875 0.55703125 0.2359375 0.2453125
0 0.33515625 0.36484375 0.1578125 0.1671875
0 0.5125 0.4109375 0.178125 0.1875
0 0.6375 0.51171875 0.15625 0.1703125
0 0.7359375 0.315625 0.18125 0.15
0 0.53046875 0.29765625 0.1453125 0.1171875
0 0.05703125 0.1765625 0.1140625 0.16875
0 0.04296875 0.325 0.0859375 0.14375
0 0.27109375 0.253125 0.1015625 0.1375
0 0.21953125 0.40390625 0.0984375 0.1453125
0 0.190625 0.03671875 0.103125 0.0734375
0 0.84375 0.86484375 0.1625 0.1203125