0 0.31328125 0.2296875 0.1421875 0.20625
0 0.525 0.17109375 0.134375 0.2359375
0 0.721875 0.29765625 0.0875 0.1359375
0 0.86640625 0.0984375 0.1171875 0.153125
0 0.90078125 0.040625 0.1015625 0.08125
0 0.7703125 0.25546875 0.0875 0.1421875
0 0.45 0.47421875 0.128125 0.2171875
0 0.2125 0.61796875 0.15 0.2421875
0 0.12890625 0.83671875 0.1265625 0.2140625
0 0.253125 0.8453125 0.128125 0.2125
0 0.33515625 0.765625 0.0984375 0.153125
0 0.41328125 0.81953125 0.1421875 0.2078125
0 0.4578125 0.89765625 0.090625 0.1265625
0 0.65 0.7828125 0.16875 0.23125
0 0.81875 0.71640625 0.134375 0.1859375
0 0.9453125 0.7578125 0.109375 0.159375
0 0.884375 0.5375 0.125 0.184375
0 0.74140625 0.528125 0.1359375 0.190625
0 0.61328125 0.4671875 0.0828125 0.11875
0 0.5984375 0.5921875 0.10625 0.134375
0 0.5359375 0.47109375 0.06875 0.1671875