0 0.19453125 0.06953125 0.18046875 0.1390625
0 0.26015625 0.1796875 0.07734375 0.0953125
0 0.06796875 0.34296875 0.13359375 0.13125
0 0.178125 0.6734375 0.0703125 0.0609375
0 0.3171875 0.58125 0.078125 0.11328125
0 0.14921875 0.40625 0.034375 0.0453125
0 0.025 0.7578125 0.040625 0.1078125
0 0.9078125 0.01953125 0.0390625 0.0375
0 0.5921875 0.21953125 0.16015625 0.17109375
0 0.784375 0.36640625 0.0578125 0.0546875
0 0.821875 0.2609375 0.0484375 0.05390625
0 0.64453125 0.409375 0.15 0.15546875
0 0.79609375 0.6671875 0.04609375 0.0578125
0 0.52578125 0.584375 0.16328125 0.153125
0 0.56796875 0.753125 0.14140625 0.1453125
0 0.41953125 0.9140625 0.14375 0.1390625
0 0.65390625 0.82421875 0.059375 0.0296875
0 0.36484375 0.97421875 0.07109375 0.0515625
0 0.47578125 0.96015625 0.14453125 0.0796875
0 0.60546875 0.9984375 0.03125 0.003125
0 0.4546875 0.29375 0.17109375 0.125