0 0.02421875 0.315625 0.0484375 0.159375
0 0.2828125 0.20078125 0.0875 0.1484375
0 0.365625 0.24609375 0.1125 0.1546875
0 0.5078125 0.325 0.09375 0.1375
0 0.659375 0.3796875 0.121875 0.171875
0 0.75 0.3078125 0.09375 0.15625
0 0.8421875 0.3140625 0.1 0.159375
0 0.7984375 0.51171875 0.09375 0.1453125
0 0.6671875 0.53359375 0.1 0.1359375
0 0.34921875 0.6984375 0.1296875 0.190625
0 0.2375 0.64296875 0.109375 0.1796875
0 0.378125 0.903125 0.1 0.165625
0 0.30546875 0.7875 0.1171875 0.125
0 0.0296875 0.82109375 0.059375 0.1453125