0 0.1 0.109375 0.1859375 0.1875
0 0.04921875 0.4890625 0.096875 0.1671875
0 0.26171875 0.0328125 0.1484375 0.06328125
0 0.39375 0.2140625 0.1203125 0.159375
0 0.74296875 0.3625 0.13125 0.1296875
0 0.8859375 0.33984375 0.08203125 0.1015625
0 0.79609375 0.7328125 0.0875 0.1203125
0 0.56953125 0.76171875 0.04609375 0.0703125
0 0.35625 0.71171875 0.1765625 0.16015625
0 0.22578125 0.846875 0.165625 0.1609375
0 0.3296875 0.840625 0.1015625 0.1625
0 0.4140625 0.9453125 0.1625 0.109375
0 0.9484375 0.95859375 0.103125 0.0828125