0 0.096875 0.0515625 0.19375 0.103125
0 0.18515625 0.60390625 0.1890625 0.18046875
0 0.56875 0.609375 0.21484375 0.32265625
0 0.725 0.71484375 0.1625 0.17109375
0 0.0453125 0.75703125 0.090625 0.24609375
0 0.38828125 0.7875 0.1671875 0.278125
0 0.8953125 0.79453125 0.19765625 0.27421875
0 0.5578125 0.85234375 0.17109375 0.1640625
0 0.17109375 0.8578125 0.17421875 0.284375
0 0.32265625 0.09609375 0.21171875 0.1921875
0 0.7171875 0.90546875 0.19921875 0.18828125
0 0.5234375 0.96015625 0.17421875 0.065625
0 0.77734375 0.10625 0.1671875 0.2125
0 0.5125 0.11484375 0.15234375 0.13125
0 0.88515625 0.17578125 0.17578125 0.24375
0 0.15234375 0.21328125 0.18203125 0.196875
0 0.68515625 0.275 0.09453125 0.21328125
0 0.34375 0.27890625 0.134375 0.153125
0 0.54765625 0.28984375 0.16328125 0.2625
0 0.6421875 0.03515625 0.134375 0.0703125
0 0.21015625 0.4234375 0.178125 0.259375
0 0.77109375 0.459375 0.1453125 0.3171875
0 0.05078125 0.46484375 0.09453125 0.30625
0 0.90703125 0.4890625 0.17265625 0.303125
0 0.3953125 0.49296875 0.171875 0.2546875