0 0.75234375 0.20546875 0.1671875 0.2109375
0 0.5765625 0.1625 0.115625 0.196875
0 0.3234375 0.0484375 0.121875 0.096875
0 0.25703125 0.2578125 0.0984375 0.125
0 0.3765625 0.50078125 0.140625 0.2078125
0 0.65 0.4953125 0.15625 0.25
0 0.8234375 0.7421875 0.140625 0.2125
0 0.64921875 0.79609375 0.1203125 0.0953125
0 0.79921875 0.58125 0.1328125 0.178125
0 0.74609375 0.3828125 0.1609375 0.1875
0 0.8984375 0.43046875 0.084375 0.1578125
0 0.8875 0.5953125 0.078125 0.125
0 0.49765625 0.50625 0.0953125 0.125
0 0.45625 0.18515625 0.065625 0.1203125