0 0.4859375 0.1515625 0.125 0.24375
0 0.703125 0.153125 0.128125 0.221875
0 0.24765625 0.340625 0.1546875 0.2625
0 0.39375 0.33828125 0.115625 0.2359375
0 0.47734375 0.33359375 0.0828125 0.2328125
0 0.56640625 0.321875 0.1046875 0.2125
0 0.68203125 0.40234375 0.1078125 0.1859375
0 0.79375 0.40234375 0.09375 0.1671875
0 0.3125 0.6109375 0.153125 0.271875
0 0.1984375 0.7859375 0.140625 0.24375
0 0.0390625 0.903125 0.078125 0.19375
0 0.5484375 0.853125 0.140625 0.2625
0 0.93515625 0.95234375 0.0671875 0.0953125
0 0.70703125 0.61953125 0.1078125 0.1671875