0 0.0625 0.06171875 0.059375 0.065625
0 0.17578125 0.0953125 0.09296875 0.16015625
0 0.26953125 0.103125 0.17265625 0.171875
0 0.67578125 0.128125 0.06640625 0.06875
0 0.4515625 0.3296875 0.175 0.18046875
0 0.871875 0.26015625 0.15234375 0.16015625
0 0.95390625 0.340625 0.0921875 0.140625
0 0.69375 0.42109375 0.128125 0.13671875
0 0.8140625 0.4421875 0.1390625 0.15546875
0 0.89140625 0.5484375 0.1390625 0.12890625
0 0.10078125 0.66484375 0.1453125 0.16328125
0 0.3078125 0.57109375 0.05625 0.0734375
0 0.07421875 0.7609375 0.13671875 0.0796875
0 0.19375 0.725 0.08203125 0.0671875
0 0.26875 0.69453125 0.140625 0.11640625
0 0.5703125 0.84765625 0.0796875 0.0953125
0 0.63359375 0.8390625 0.1125 0.10234375
0 0.503125 0.88359375 0.04609375 0.04765625
0 0.70546875 0.81328125 0.0828125 0.12421875
0 0.83046875 0.8734375 0.13203125 0.1359375
0 0.83359375 0.778125 0.12578125 0.0859375
0 0.40859375 0.99375 0.096875 0.01171875
0 0.884375 0.96875 0.05390625 0.0625
0 0.9671875 0.2328125 0.065625 0.08203125