0 0.04375 0.0984375 0.0875 0.19375
0 0.72265625 0.6 0.2453125 0.2390625
0 0.2984375 0.6796875 0.259375 0.25546875
0 0.54296875 0.34140625 0.2390625 0.2296875
0 0.4296875 0.14765625 0.27578125 0.24375
0 0.36953125 0.3171875 0.1921875 0.21640625
0 0.43515625 0.4515625 0.20078125 0.1671875
0 0.61484375 0.1125 0.17265625 0.2109375
0 0.68359375 0.03125 0.1921875 0.0625
0 0.88671875 0.384375 0.2265625 0.253125
0 0.7234375 0.60390625 0.265625 0.271875
0 0.30703125 0.684375 0.28828125 0.28515625
0 0.16875 0.440625 0.2578125 0.21796875
0 0.125 0.7359375 0.17890625 0.17890625
0 0.421875 0.596875 0.14765625 0.17890625
0 0.62890625 0.75078125 0.16953125 0.1671875