0 0.5765625 0.128125 0.209375 0.178125
0 0.29453125 0.13984375 0.2234375 0.1921875
0 0.3109375 0.03515625 0.2 0.0703125
0 0.31171875 0.50390625 0.2671875 0.2109375
0 0.62421875 0.47890625 0.2390625 0.2015625
0 0.61015625 0.7609375 0.1703125 0.134375
0 0.453125 0.74765625 0.1625 0.1046875
0 0.25703125 0.89296875 0.1921875 0.1765625
0 0.94375 0.315625 0.078125 0.0625
0 0.78984375 0.31640625 0.0703125 0.0546875
0 0.09921875 0.3984375 0.0953125 0.0625
0 0.93671875 0.9625 0.0578125 0.05
0 0.88515625 0.88359375 0.0609375 0.0453125
0 0.29609375 0.63046875 0.1921875 0.1046875
0 0.83125 0.8421875 0.05625 0.04375
0 0.84765625 0.39765625 0.0703125 0.0578125