0 0.95703125 0.3640625 0.0859375 0.11875
0 0.8671875 0.57265625 0.096875 0.1015625
0 0.89375 0.465625 0.090625 0.09375
0 0.66953125 0.51484375 0.1296875 0.1453125
0 0.7609375 0.6078125 0.0875 0.096875
0 0.85625 0.76015625 0.0875 0.0890625
0 0.5234375 0.90390625 0.121875 0.1203125
0 0.28515625 0.82578125 0.1359375 0.1484375
0 0.15625 0.82421875 0.140625 0.1484375
0 0.15859375 0.559375 0.1984375 0.20625
0 0.2953125 0.42265625 0.171875 0.2078125
0 0.41171875 0.4953125 0.1203125 0.128125
0 0.503125 0.56875 0.134375 0.128125
0 0.58828125 0.60078125 0.1109375 0.1234375