0 0.4703125 0.084375 0.16328125 0.1609375
0 0.42578125 0.278125 0.134375 0.1484375
0 0.08984375 0.446875 0.1484375 0.14765625
0 0.009375 0.6921875 0.0171875 0.0296875
0 0.0453125 0.8359375 0.0875 0.1484375
0 0.45703125 0.96875 0.11875 0.0625
0 0.58671875 0.096875 0.0671875 0.07890625
0 0.8265625 0.23984375 0.14375 0.1359375
0 0.89609375 0.18046875 0.05546875 0.06640625
0 0.67421875 0.45390625 0.17890625 0.19609375
0 0.84609375 0.46171875 0.17890625 0.121875
0 0.74609375 0.66484375 0.1875 0.19140625
0 0.89453125 0.81640625 0.1265625 0.1109375