0 0.209375 0.1828125 0.08125 0.10625
0 0.3046875 0.1359375 0.04140625 0.0703125
0 0.5421875 0.2125 0.0796875 0.1359375
0 0.48671875 0.27265625 0.05078125 0.0625
0 0.44375 0.34765625 0.08515625 0.1265625
0 0.32421875 0.2921875 0.0875 0.1265625
0 0.2359375 0.44296875 0.08359375 0.11796875
0 0.08984375 0.5765625 0.05 0.059375
0 0.1296875 0.7015625 0.04609375 0.059375
0 0.203125 0.721875 0.03828125 0.04609375
0 0.19453125 0.6453125 0.0328125 0.04375
0 0.3421875 0.71875 0.059375 0.08984375
0 0.371875 0.7359375 0.04609375 0.09453125
0 0.37734375 0.6328125 0.0359375 0.065625
0 0.51171875 0.634375 0.06875 0.1109375
0 0.559375 0.56875 0.04140625 0.05234375
0 0.659375 0.55703125 0.0484375 0.0546875
0 0.6515625 0.615625 0.03828125 0.046875
0 0.7890625 0.5703125 0.05625 0.07421875
0 0.78046875 0.653125 0.0484375 0.06171875
0 0.725 0.74765625 0.0390625 0.0546875
0 0.78203125 0.778125 0.0375 0.0484375
0 0.79765625 0.74765625 0.04296875 0.04765625
0 0.96171875 0.5046875 0.0765625 0.10234375
0 0.83359375 0.29296875 0.053125 0.08046875
0 0.9578125 0.27421875 0.0484375 0.05546875
0 0.77109375 0.2796875 0.05 0.065625