0 0.915625 0.3578125 0.04375 0.078125
0 0.14765625 0.084375 0.0453125 0.075
0 0.39921875 0.41796875 0.0484375 0.0859375
0 0.4140625 0.4703125 0.046875 0.053125
0 0.88984375 0.48125 0.0390625 0.053125
0 0.66953125 0.0953125 0.0359375 0.08046875
0 0.509375 0.0953125 0.05 0.09453125
0 0.684375 0.55390625 0.028125 0.075
0 0.49140625 0.55625 0.0484375 0.0859375
0 0.60078125 0.6 0.028125 0.06640625
0 0.95703125 0.6609375 0.0296875 0.05546875
0 0.63515625 0.74296875 0.0546875 0.1140625
0 0.890625 0.12578125 0.03125 0.046875
0 0.13203125 0.875 0.0453125 0.08359375
0 0.34140625 0.95078125 0.0578125 0.06953125
0 0.48515625 1 0.0390625 0.071875
0 0.61640625 1 0.0453125 0.06640625
0 0.1515625 1 0.04375 0.05546875
0 0.34609375 0.1609375 0.0390625 0.078125
0 0.47734375 0.2109375 0.0484375 0.08359375
0 0.3625 0.234375 0.0375 0.05546875
0 0.58125 0.24375 0.04375 0.078125
0 0.91171875 0.25546875 0.0328125 0.0609375
