0 0.246875 0.3328125 0.05703125 0.040625
0 0.23984375 0.375 0.08828125 0.04375
0 0.315625 0.409375 0.05703125 0.040625
0 0.33125 0.45390625 0.065625 0.0265625
0 0.39375 0.4515625 0.065625 0.03125
0 0.44765625 0.40546875 0.059375 0.0328125
0 0.45625 0.37578125 0.059375 0.0359375
0 0.38515625 0.32421875 0.059375 0.0265625
0 0.40234375 0.4875 0.065625 0.040625
0 0.47578125 0.59375 0.08828125 0.046875
0 0.503125 0.61953125 0.07421875 0.0234375
0 0.51171875 0.65078125 0.0796875 0.0421875
0 0.96171875 0.54765625 0.065625 0.0484375
0 0.86484375 0.32265625 0.07109375 0.0328125
0 0.6734375 0.36015625 0.0796875 0.0328125
0 0.89765625 0.42421875 0.07421875 0.0453125
0 0.80078125 0.421875 0.0625 0.034375
0 1 0.35234375 0.07109375 0.0390625
0 0.9671875 0.240625 0.08203125 0.034375
0 0.95625 0.20859375 0.08828125 0.0421875
