0 0.2125 0.12265625 0.253125 0.1515625
0 0.2078125 0.25625 0.225 0.153125
0 0.3390625 0.2796875 0.15625 0.153125
0 0.41171875 0.36875 0.2109375 0.175
0 0.903125 0.3015625 0.19375 0.15
0 0.58984375 0.3421875 0.1421875 0.090625
0 0.64921875 0.42421875 0.1109375 0.0890625
0 0.4265625 0.55078125 0.2125 0.1671875
0 0.90625 0.76640625 0.115625 0.1046875
0 0.46484375 0.75703125 0.2421875 0.2078125
0 0.68046875 0.90546875 0.2515625 0.1984375
0 0.4765625 0.97109375 0.221875 0.1515625
0 0.77890625 1 0.1640625 0.0796875
0 0.8359375 0.8765625 0.11875 0.10625
0 0.0953125 0.54296875 0.065625 0.1046875
0 0.090625 0.89765625 0.05625 0.0890625
0 0.28125 0.4640625 0.075 0.05
0 0.84609375 0.1421875 0.1265625 0.10625
0 0.72421875 0.5609375 0.0984375 0.096875
0 0.18671875 0.57109375 0.0734375 0.0640625
0 0.2421875 0.6421875 0.096875 0.075
