0 0.50390625 0.24609375 0.05390625 0.0265625
0 0.640625 0.26953125 0.0484375 0.0265625
0 0.6734375 0.29140625 0.05078125 0.0234375
0 0.628125 0.30234375 0.05078125 0.0234375
0 0.6734375 0.33203125 0.05078125 0.0265625
0 0.63203125 0.37578125 0.05390625 0.0265625
0 0.55390625 0.37890625 0.03984375 0.0296875
0 0.5 0.37265625 0.03984375 0.0328125
0 0.51953125 0.4234375 0.06796875 0.03125
0 0.58359375 0.42578125 0.03671875 0.0234375
0 0.54375 0.471875 0.0765625 0.0375
0 0.465625 0.4296875 0.03984375 0.021875
0 0.68203125 0.440625 0.05078125 0.01875
0 0.471875 0.47265625 0.03984375 0.0328125
0 0.409375 0.55078125 0.05703125 0.0328125
0 0.4375 0.57265625 0.03984375 0.0296875
0 0.45 0.5953125 0.03671875 0.025
0 0.2640625 0.6046875 0.05078125 0.025
0 0.68203125 0.5796875 0.05078125 0.028125
0 0.596875 0.6671875 0.0625 0.034375
0 0.55859375 0.6546875 0.059375 0.025
0 0.61328125 0.559375 0.05703125 0.025
0 1 0.390625 0.05390625 0.03125
0 0.95859375 0.39609375 0.05390625 0.0234375
0 0.9875 0.51640625 0.059375 0.0296875
0 0.9359375 0.5140625 0.04296875 0.01875
0 1 0.57734375 0.0453125 0.0265625
0 0.93203125 0.59453125 0.03984375 0.0234375
0 0.96171875 0.63046875 0.07109375 0.0265625
