0 0.609375 0.4515625 0.165625 0.246875
0 0.7625 0.59921875 0.18125 0.2609375
0 0.94921875 0.5765625 0.1921875 0.3125
0 0.6515625 0.7890625 0.10625 0.171875
0 0.71484375 0.80078125 0.0671875 0.1515625
0 0.79609375 0.815625 0.0859375 0.14375
0 0.865625 0.79921875 0.103125 0.1765625
0 0.96875 0.9203125 0.084375 0.171875
0 1 0.896875 0.0796875 0.165625
0 0.5640625 0.63203125 0.140625 0.2140625
0 0.4484375 0.6484375 0.128125 0.2
0 0.26328125 0.584375 0.1453125 0.225
0 0.16953125 0.55546875 0.1140625 0.2296875
0 0.18046875 0.6734375 0.0796875 0.090625
0 0.12109375 0.38828125 0.0828125 0.1359375
0 0.26171875 0.41328125 0.0859375 0.1015625
0 0.37109375 0.34296875 0.0921875 0.1203125
0 0.396875 0.55234375 0.103125 0.1703125
0 0.38671875 0.71015625 0.0765625 0.1359375
0 0.471875 0.86640625 0.08125 0.1234375
0 0.66171875 0.9375 0.1046875 0.15
0 0.62734375 1 0.1140625 0.0296875
0 0.2953125 0.9734375 0.090625 0.125
