0 0.3328125 0.4984375 0.11171875 0.1546875
0 0.54375 0.5015625 0.121875 0.16484375
0 0.39375 0.6125 0.1171875 0.1578125
0 0.9953125 0.9671875 0.1328125 0.15625
0 0.9171875 0.91640625 0.11015625 0.15390625
0 0.62421875 0.9375 0.11171875 0.16328125
0 0.6484375 0.54765625 0.1015625 0.11640625
0 0.7546875 0.9359375 0.090625 0.1390625
0 0.69609375 0.909375 0.0953125 0.146875
0 0.5171875 0.6296875 0.13515625 0.12578125
0 0.4328125 0.51640625 0.1078125 0.16484375
0 0.5890625 0.7625 0.1234375 0.1046875
0 0.6015625 0.68828125 0.11328125 0.14453125
0 0.5109375 0.75546875 0.08359375 0.103125
