0 0.50234375 0.08671875 0.0890625 0.0796875
0 0.57734375 0.10546875 0.0890625 0.1171875
0 0.54921875 0.24921875 0.0984375 0.1359375
0 0.64453125 0.215625 0.0921875 0.1375
0 0.51796875 0.34296875 0.0984375 0.1390625
0 0.6078125 0.384375 0.096875 0.14375
0 0.7546875 0.26171875 0.078125 0.1109375
0 0.8421875 0.23125 0.06875 0.1125
0 0.82890625 0.334375 0.0921875 0.121875
0 0.74921875 0.36171875 0.0859375 0.1359375
0 0.853125 0.40625 0.0875 0.128125
0 0.93515625 0.38125 0.0734375 0.115625
0 0.69140625 0.46171875 0.0890625 0.1328125
0 0.78359375 0.48046875 0.0734375 0.1234375
0 0.434375 0.4640625 0.109375 0.15625
0 0.56875 0.515625 0.1 0.146875
0 0.553125 0.6125 0.096875 0.11875
0 0.35078125 0.62109375 0.0984375 0.1515625
0 0.240625 0.59921875 0.09375 0.1453125
0 0.30234375 0.6703125 0.0921875 0.128125
0 0.4046875 0.64296875 0.071875 0.1453125
0 0.47890625 0.67109375 0.0828125 0.1328125
0 0.55078125 0.728125 0.0890625 0.115625
0 0.65546875 0.65703125 0.0921875 0.1078125
0 0.74609375 0.6734375 0.0890625 0.128125
0 0.84296875 0.6609375 0.0890625 0.125
0 0.86484375 0.8078125 0.0828125 0.14375
0 0.921875 0.7265625 0.06875 0.109375
0 0.7890625 0.77890625 0.1 0.1359375
0 0.690625 0.78515625 0.065625 0.1140625
0 0.3671875 0.9171875 0.053125 0.109375
0 0.41171875 0.8703125 0.0921875 0.134375
0 0.4703125 0.99375 0.0875 0.10625
0 0.546875 0.98125 0.075 0.13125
0 0.19609375 0.91484375 0.1046875 0.1359375
0 0.2625 0.86953125 0.1 0.1171875
0 0.43203125 0.95859375 0.0953125 0.1015625
0 0.125 0.6984375 0.096875 0.1125
