0 0.34765625 0.36640625 0.065625 0.0484375
0 0.1578125 0.39296875 0.0484375 0.0296875
0 0.29375 0.459375 0.07109375 0.0375
0 0.2984375 0.48515625 0.0625 0.0328125
0 0.421875 0.46015625 0.07109375 0.0359375
0 0.61484375 0.30703125 0.07109375 0.0453125
0 0.60625 0.3640625 0.0765625 0.0375
0 0.42734375 0.5875 0.059375 0.028125
0 0.328125 0.55234375 0.07109375 0.0296875
0 0.61484375 0.6171875 0.065625 0.040625
0 0.890625 0.6046875 0.07109375 0.03125
0 1 0.59453125 0.07109375 0.0390625
0 1 0.55625 0.059375 0.0375
0 1 0.6984375 0.05078125 0.0375
0 0.32421875 0.7859375 0.0625 0.034375
0 0.996875 0.37421875 0.06796875 0.0421875
0 0.94765625 0.37265625 0.07109375 0.0328125
0 0.98046875 0.3890625 0.05703125 0.025
0 0.73984375 0.47109375 0.05390625 0.0390625
