0 0.590625 0.19453125 0.115625 0.0703125
0 0.921875 0.20703125 0.128125 0.0890625
0 0.79609375 0.23125 0.1203125 0.0875
0 0.378125 0.40078125 0.13125 0.0953125
0 0.25078125 0.46953125 0.1640625 0.0890625
0 0.128125 0.578125 0.13125 0.115625
0 0.2796875 0.57890625 0.1625 0.1109375
0 0.15234375 0.68515625 0.1796875 0.1046875
0 0.353125 0.6921875 0.134375 0.08125
0 0.58359375 0.63828125 0.1578125 0.0984375
0 0.540625 0.5109375 0.140625 0.0875
0 0.39609375 0.55625 0.1078125 0.08125
0 0.4421875 0.5125 0.096875 0.084375
0 0.56953125 0.46171875 0.1015625 0.0609375
0 0.79921875 0.47578125 0.1546875 0.0765625
0 0.76328125 0.5703125 0.1296875 0.078125
0 0.68984375 0.7078125 0.1734375 0.090625
0 0.89296875 0.7265625 0.1671875 0.09375
0 0.97265625 0.6734375 0.1453125 0.08125
0 0.90390625 0.57734375 0.1265625 0.0953125
0 0.9890625 0.47109375 0.146875 0.0859375
0 0.92265625 0.36640625 0.1453125 0.0890625
0 0.5734375 0.30703125 0.10625 0.0734375
0 0.92421875 0.94921875 0.1765625 0.1140625
0 0.6625 0.85 0.121875 0.09375
0 0.5421875 0.86015625 0.13125 0.1015625
0 0.4109375 0.7640625 0.11875 0.0625
0 0.9765625 0.91328125 0.15 0.0890625
0 1 0.98828125 0.0671875 0.1015625
