0 0.1890625 0.2953125 0.1875 0.1828125
0 0.23125 0.50234375 0.14453125 0.1515625
0 0.30703125 0.63046875 0.14765625 0.1453125
0 0.1609375 0.9328125 0.1578125 0.12109375
0 0.98359375 0.23515625 0.10625 0.1078125
0 0.50859375 0.4140625 0.1640625 0.18359375
0 0.68046875 0.4 0.1609375 0.15546875
0 1 0.4953125 0.1234375 0.18046875
0 0.84921875 0.67109375 0.17109375 0.146875
0 0.9828125 0.675 0.13671875 0.16015625
0 0.49609375 0.8515625 0.165625 0.1640625
0 0.64609375 0.8578125 0.15703125 0.16484375
0 0.6015625 1 0.15 0.0828125
0 0.9875 0.9890625 0.14921875 0.115625
