0 0.134375 0.56171875 0.06953125 0.07421875
0 0.084375 0.940625 0.040625 0.11875
0 0.13125 1 0.134375 0.078125
0 0.08671875 0.14765625 0.02265625 0.0203125
0 0.6515625 0.17265625 0.05390625 0.05859375
0 1 0.2109375 0.05625 0.04296875
0 0.93125 0.18828125 0.03984375 0.05546875
0 0.78984375 0.32890625 0.05078125 0.0484375
0 0.5953125 0.52421875 0.03828125 0.03984375
0 0.7828125 0.27578125 0.0328125 0.03203125
0 0.7328125 0.459375 0.04296875 0.0703125
0 1 0.41953125 0.0203125 0.06171875
0 0.92890625 0.5578125 0.05546875 0.125
0 1 0.5734375 0.03203125 0.07734375
0 0.6453125 0.41875 0.0296875 0.021875
0 0.6046875 0.8546875 0.16796875 0.1734375
0 0.5109375 0.95703125 0.0703125 0.0703125
0 0.66328125 0.94921875 0.1125 0.1078125
0 0.90390625 0.94296875 0.07109375 0.0890625
0 0.42890625 0.96015625 0.05859375 0.0734375
