0 0.32421875 0.384375 0.1484375 0.209375
0 0.4234375 0.19453125 0.1375 0.1765625
0 0.39296875 0.0828125 0.1328125 0.071875
0 0.47578125 0.30234375 0.1203125 0.1328125
0 0.453125 0.496875 0.134375 0.209375
0 0.3734375 0.63828125 0.153125 0.2296875
0 0.4953125 0.6875 0.090625 0.11875
0 0.49140625 0.87421875 0.1609375 0.2390625
0 0.54921875 0.6328125 0.0640625 0.06875
0 0.6265625 0.80234375 0.0875 0.1171875
0 0.659375 0.96328125 0.15 0.1671875
0 0.69921875 0.6140625 0.1203125 0.16875
0 0.84296875 0.49453125 0.1046875 0.1609375
0 0.89375 0.37421875 0.1 0.1484375
0 0.96875 0.18515625 0.08125 0.1046875
0 1 0.91328125 0.0734375 0.1484375
0 0.96953125 1 0.1078125 0.0421875
0 0.50859375 0.17109375 0.0953125 0.1234375
0 0.91328125 0.12890625 0.0796875 0.1078125
