0 0.8078125 1 0.08125 0.03828125
0 0.5109375 0.97578125 0.06640625 0.05
0 0.44765625 0.98984375 0.06484375 0.05078125
0 0.596875 0.840625 0.0890625 0.05859375
0 0.43046875 0.81171875 0.07890625 0.05078125
0 0.2984375 0.71875 0.06484375 0.05
0 0.671875 0.7328125 0.08671875 0.0609375
0 0.60234375 0.70703125 0.06484375 0.04765625
0 0.4625 0.59765625 0.13671875 0.05
0 0.86640625 0.68984375 0.08359375 0.0640625
0 0.915625 0.64609375 0.07421875 0.04296875
0 0.94921875 0.61015625 0.0703125 0.04765625
0 0.16953125 0.5125 0.06015625 0.04921875
0 0.465625 0.48203125 0.10078125 0.03671875
0 0.7484375 0.4546875 0.1 0.05703125
0 0.83125 0.45390625 0.084375 0.04921875
0 0.1671875 0.41328125 0.0796875 0.03359375
0 0.38984375 0.3375 0.08828125 0.05234375
0 0.20390625 0.30859375 0.065625 0.046875
0 0.27578125 0.22421875 0.06953125 0.04296875
0 0.128125 0.071875 0.13046875 0.04921875
0 0.33828125 0.165625 0.05625 0.04140625
0 0.87109375 0.2828125 0.09296875 0.0421875
