0 0.1296875 0.06015625 0.0703125 0.02421875
0 0.1296875 0.38671875 0.11875 0.125
0 0.70234375 0.06484375 0.065625 0.03359375
0 0.67578125 0.09609375 0.03125 0.03359375
0 0.23359375 0.0765625 0.13203125 0.05703125
0 0.31328125 0.1328125 0.13984375 0.1296875
0 0.3734375 0.0625 0.05859375 0.03125
0 0.38359375 0.225 0.0640625 0.0625
0 0.9015625 0.2875 0.12578125 0.09609375
0 1 0.08046875 0.0203125 0.065625
0 0.25234375 0.35859375 0.128125 0.08984375
0 0.53984375 0.41640625 0.125 0.1234375
0 0.2390625 0.4515625 0.13203125 0.13671875
0 0.49453125 0.5171875 0.06328125 0.06640625
0 1 0.496875 0.0984375 0.15625
0 0.275 0.76015625 0.121875 0.12109375
0 0.7921875 0.77890625 0.14375 0.14765625
0 1 0.69609375 0.028125 0.12578125
0 1 0.82265625 0.05390625 0.0546875
0 0.2390625 0.87734375 0.10546875 0.115625
0 0.746875 0.8953125 0.15234375 0.08203125
0 0.6984375 0.9875 0.12890625 0.11796875
0 0.86171875 1 0.1078125 0.0890625
