0 0.81328125 0.20625 0.2734375 0.284375
0 0.95234375 0.06953125 0.2109375 0.0453125
0 0.17734375 0.0796875 0.1859375 0.065625
0 0.30859375 0.0859375 0.1046875 0.078125
0 0.5609375 0.415625 0.19375 0.171875
0 0.7421875 0.3953125 0.153125 0.140625
0 0.91796875 0.5109375 0.2265625 0.234375
0 0.87109375 0.7546875 0.1890625 0.15625
0 0.75 0.75546875 0.1125 0.1359375
0 0.27421875 0.67421875 0.2546875 0.2265625
0 0.3875 0.56796875 0.096875 0.1015625
0 0.4984375 0.5625 0.09375 0.096875
0 0.5671875 0.734375 0.084375 0.075
0 0.35078125 0.93984375 0.2640625 0.2140625
0 0.45546875 0.81015625 0.0984375 0.0484375
0 0.5546875 0.865625 0.09375 0.090625
0 0.5890625 0.90859375 0.075 0.0765625
0 0.92109375 1 0.1234375 0.0734375
0 0.209375 1 0.128125 0.065625
0 0.528125 0.1921875 0.115625 0.140625
