0 0.54453125 0.10390625 0.0859375 0.0796875
0 0.521875 0.18828125 0.09375 0.0921875
0 0.5609375 0.2859375 0.1 0.075
0 0.809375 0.371875 0.1 0.121875
0 0.72578125 0.41328125 0.0859375 0.0953125
0 0.61484375 0.56328125 0.0765625 0.0796875
0 0.653125 0.5078125 0.065625 0.06875
0 0.675 0.4390625 0.08125 0.0875
0 0.2796875 0.37734375 0.103125 0.0984375
0 0.35078125 0.5265625 0.1109375 0.115625
0 0.76015625 0.5609375 0.0828125 0.0875
0 0.815625 0.5046875 0.075 0.084375
0 0.90234375 0.60078125 0.1140625 0.1046875
0 0.91328125 0.7546875 0.0953125 0.109375
0 0.6921875 0.9734375 0.090625 0.08125
0 0.66796875 0.77265625 0.0828125 0.0859375
0 0.609375 0.74921875 0.059375 0.0796875
0 0.6640625 0.65078125 0.078125 0.0640625
0 0.215625 0.7734375 0.0625 0.04375
0 0.259375 0.7375 0.05625 0.05625
0 0.25078125 0.67890625 0.0578125 0.0578125
0 0.15703125 0.88125 0.0671875 0.065625
