0 0.90390625 0.91953125 0.0390625 0.04296875
0 0.94140625 0.94453125 0.06640625 0.04453125
0 0.99453125 0.9265625 0.06171875 0.04453125
0 0.5421875 0.95703125 0.0796875 0.05703125
0 0.4296875 0.94375 0.08046875 0.04765625
0 0.290625 0.8953125 0.0703125 0.04375
0 0.115625 0.90859375 0.06171875 0.03125
0 0.10625 0.834375 0.0734375 0.04921875
0 0.08671875 0.7953125 0.0484375 0.03671875
0 0.9796875 0.76640625 0.06953125 0.05625
0 0.38359375 0.63515625 0.059375 0.040625
0 0.5640625 0.55859375 0.06875 0.05859375
0 0.24296875 0.59375 0.06875 0.025
0 1 0.55546875 0.0640625 0.034375
0 0.70703125 0.47890625 0.08046875 0.04921875
0 0.48671875 0.48984375 0.09609375 0.04609375
0 0.31953125 0.4765625 0.0546875 0.04921875
0 0.728125 0.3984375 0.08203125 0.0328125
0 0.721875 0.25703125 0.1046875 0.040625
0 0.24765625 0.25 0.11484375 0.06015625
0 0.27109375 0.19921875 0.0984375 0.05625
0 0.35078125 0.20390625 0.09609375 0.07265625
