0 0.10078125 0.25625 0.075 0.140625
0 0.23046875 0.1859375 0.0796875 0.0984375
0 0.24296875 0.07734375 0.14765625 0.05859375
0 0.32734375 0.23515625 0.140625 0.146875
0 0.17421875 0.315625 0.06171875 0.06328125
0 0.3765625 0.41328125 0.0546875 0.0484375
0 0.1390625 0.52890625 0.1515625 0.153125
0 0.25703125 0.896875 0.18046875 0.1640625
0 0.32265625 1 0.07734375 0.0765625
0 0.47890625 0.165625 0.159375 0.14140625
0 0.6421875 0.0875 0.1703125 0.07890625
0 1 0.07890625 0.0703125 0.06171875
0 0.61875 0.215625 0.0453125 0.0703125
0 1 0.32578125 0.1015625 0.15703125
0 0.69609375 0.56328125 0.128125 0.1359375
0 0.659375 0.7234375 0.10859375 0.1421875
0 0.39609375 0.7640625 0.153125 0.140625
0 0.540625 0.871875 0.11640625 0.0375
0 1 0.734375 0.040625 0.1
0 0.921875 0.8078125 0.0640625 0.05078125
0 0.9703125 0.85390625 0.0390625 0.04609375
0 0.65703125 1 0.14921875 0.07421875
