0 0.09765625 0.33828125 0.065625 0.0359375
0 0.12890625 0.4453125 0.0484375 0.028125
0 0.2375 0.4453125 0.0484375 0.028125
0 0.21484375 0.36015625 0.04296875 0.0328125
0 0.58359375 0.41171875 0.05390625 0.0328125
0 0.56953125 0.4359375 0.0484375 0.034375
0 0.45625 0.65859375 0.0484375 0.0265625
0 0.11953125 0.6890625 0.05703125 0.015625
0 0.6375 0.59765625 0.05390625 0.0296875
0 0.55 0.56953125 0.0484375 0.0328125
0 0.68203125 0.57421875 0.0625 0.0265625
0 0.6421875 0.478125 0.0625 0.028125
0 0.46484375 0.36875 0.05390625 0.028125
0 0.75 0.38203125 0.0453125 0.0390625
0 0.8609375 0.659375 0.03984375 0.034375
