0 0.40625 0.80859375 0.1203125 0.13984375
0 0.6078125 0.29609375 0.08125 0.09921875
0 0.38046875 0.69765625 0.1484375 0.18984375
0 0.52890625 0.33203125 0.078125 0.1125
0 0.2921875 0.29609375 0.0875 0.10625
0 0.44765625 0.284375 0.078125 0.0875
0 0.11484375 0.86796875 0.08125 0.0953125
0 0.2 0.896875 0.07734375 0.10625
0 0.2234375 0.25703125 0.07421875 0.07578125
0 0.10234375 0.55859375 0.0796875 0.0890625
0 0.21015625 0.56171875 0.04765625 0.07578125
0 0.24140625 0.35078125 0.05546875 0.0578125
0 0.3296875 0.628125 0.08125 0.10859375
0 0.1625 0.53046875 0.07578125 0.0796875
0 0.2890625 0.38828125 0.0234375 0.05
0 0.45078125 0.98671875 0.01484375 0.02734375
0 0.24921875 1 0.05703125 0.08515625
0 0.44296875 0.9625 0.0171875 0.025
0 0.28203125 0.83671875 0.0234375 0.03671875
0 0.471875 0.590625 0.125 0.14296875
