0 0.17109375 0.29609375 0.1765625 0.2765625
0 0.3375 0.11484375 0.15 0.1359375
0 0.565625 0.103125 0.090625 0.1125
0 0.4875 0.12890625 0.08125 0.1390625
0 0.55546875 0.209375 0.0734375 0.13125
0 0.728125 0.16796875 0.11875 0.1765625
0 0.7703125 0.34296875 0.115625 0.1859375
0 0.90390625 0.35 0.1046875 0.153125
0 0.95859375 0.50234375 0.0828125 0.1390625
0 0.5234375 0.3984375 0.121875 0.2375
0 0.615625 0.39765625 0.0875 0.1765625
0 0.08359375 0.7703125 0.0421875 0.128125
0 0.0859375 0.459375 0.046875 0.0875
0 0.12734375 0.6171875 0.0890625 0.125
0 0.828125 0.86640625 0.115625 0.1640625
0 0.78203125 0.71796875 0.0890625 0.1546875
0 0.8671875 0.76796875 0.1 0.1609375
0 0.95390625 0.896875 0.0828125 0.1125
0 0.9453125 0.6328125 0.065625 0.075
0 0.53984375 0.97890625 0.0765625 0.1359375
0 0.45078125 0.90234375 0.0640625 0.1265625
0 0.621875 0.7296875 0.078125 0.096875
0 0.51171875 0.6671875 0.0765625 0.109375
0 0.50234375 0.76875 0.0765625 0.090625
0 0.53046875 0.853125 0.0578125 0.109375
0 0.59140625 0.875 0.0546875 0.084375
0 0.1609375 0.771875 0.04375 0.05
0 0.33125 0.7609375 0.05625 0.05625
0 0.27890625 0.684375 0.0453125 0.053125
0 0.4015625 0.79453125 0.034375 0.0640625
