0 0.1296875 0.30859375 0.1328125 0.16015625
0 0.2296875 0.38828125 0.1421875 0.14140625
0 0.0984375 0.4890625 0.0703125 0.15546875
0 0.14140625 0.596875 0.1390625 0.12890625
0 0.1046875 0.9203125 0.0828125 0.1359375
0 0.1046875 0.825 0.0828125 0.0859375
0 0.134375 1 0.05390625 0.0625
0 0.234375 0.28984375 0.1 0.103125
0 0.75390625 0.10546875 0.19140625 0.115625
0 0.98515625 0.2953125 0.1546875 0.1828125
0 1 0.50234375 0.090625 0.1515625
0 1 0.62890625 0.01640625 0.1015625
0 0.809375 0.740625 0.13203125 0.1046875
0 0.3703125 0.8859375 0.121875 0.121875
0 0.9734375 0.9328125 0.1578125 0.12109375
