0 0.4265625 0.33125 0.034375 0.05859375
0 0.88203125 0.42734375 0.0546875 0.078125
0 0.77421875 0.521875 0.0515625 0.071875
0 0.33828125 0.55390625 0.0390625 0.0640625
0 0.0875 0.56875 0.0375 0.071875
0 0.278125 0.571875 0.05 0.078125
0 0.3125 0.57890625 0.03125 0.053125
0 0.4125 0.60234375 0.040625 0.071875
0 0.30625 0.634375 0.0375 0.05859375
0 0.53828125 0.675 0.0484375 0.06640625
0 0.3734375 0.7203125 0.046875 0.0859375
0 0.59140625 0.871875 0.0484375 0.08359375
0 0.096875 0.22578125 0.0375 0.06953125
0 0.50703125 0.2609375 0.0421875 0.071875
0 0.540625 0.30625 0.0375 0.06953125
