0 0.81484375 0.25234375 0.1671875 0.2109375
0 0.6390625 0.209375 0.115625 0.196875
0 0.3859375 0.0953125 0.121875 0.096875
0 0.31953125 0.3046875 0.0984375 0.125
0 0.4390625 0.54765625 0.140625 0.2078125
0 0.7125 0.5421875 0.15625 0.25
0 0.8859375 0.7890625 0.140625 0.2125
0 0.71171875 0.84296875 0.1203125 0.0953125
0 0.86171875 0.628125 0.1328125 0.178125
0 0.80859375 0.4296875 0.1609375 0.1875
0 0.9609375 0.47734375 0.084375 0.1578125
0 0.95 0.6421875 0.078125 0.125
0 0.56015625 0.553125 0.0953125 0.125
0 0.51875 0.23203125 0.065625 0.1203125
