0 0.2609375 0.33671875 0.390625 0.3984375
0 0.53515625 0.10078125 0.3796875 0.1078125
0 0.49140625 0.2 0.1796875 0.15625
0 1 0.1296875 0.0765625 0.11875
0 0.921875 0.1984375 0.0875 0.096875
0 0.80390625 0.28125 0.0890625 0.0875
0 0.965625 0.31484375 0.078125 0.0703125
0 0.75078125 0.38828125 0.0921875 0.0890625
0 0.64140625 0.415625 0.1140625 0.096875
0 0.20234375 0.590625 0.1390625 0.13125
0 0.11640625 0.9765625 0.1078125 0.140625
0 0.2375 0.80625 0.09375 0.11875
0 0.54765625 0.9359375 0.2703125 0.221875
0 0.6953125 0.83046875 0.259375 0.2359375
0 0.4859375 0.68203125 0.1875 0.1796875
0 0.41015625 0.55859375 0.1953125 0.1109375
0 0.32578125 0.66640625 0.1359375 0.1390625
0 0.8234375 0.64140625 0.10625 0.0859375
0 0.903125 0.65 0.0625 0.078125
0 0.83828125 0.8046875 0.0640625 0.0875
0 0.87578125 0.928125 0.0453125 0.034375
