0 0.321875 0.23828125 0.16015625 0.36875
0 0.11015625 0.396875 0.09453125 0.44375
0 0.2546875 0.58828125 0.16328125 0.40625
0 0.421875 0.659375 0.14453125 0.42890625
0 0.253125 0.896875 0.11875 0.2859375
0 0.70078125 0.63671875 0.17109375 0.353125
0 0.55703125 0.81015625 0.17890625 0.44375
0 0.46015625 0.32109375 0.15234375 0.36875
0 0.5703125 0.41171875 0.1265625 0.38359375
0 0.67421875 0.30234375 0.134375 0.33046875
0 0.80234375 0.20859375 0.1734375 0.30859375
0 0.8625 0.58828125 0.15234375 0.390625
0 0.85234375 0.88515625 0.16328125 0.278125
0 1 0.39296875 0.09453125 0.46640625
0 0.98125 0.76484375 0.13125 0.41328125
0 0.12734375 0.7890625 0.12890625 0.36171875
0 0.4046875 0.96875 0.15703125 0.15625
0 0.7203125 0.97109375 0.159375 0.1515625
0 0.90703125 0.20546875 0.08203125 0.3171875
0 0.5609375 0.1515625 0.12734375 0.209375
