0 0.66328125 0.2375 0.2796875 0.26875
0 0.6234375 0.5078125 0.23125 0.265625
0 0.88046875 0.83203125 0.2640625 0.3015625
0 0.81171875 0.5890625 0.2546875 0.221875
0 0.77109375 0.38671875 0.1109375 0.1796875
0 0.3421875 0.6359375 0.221875 0.25
0 0.14921875 0.60859375 0.1734375 0.1828125
0 0.13046875 0.47734375 0.1359375 0.1078125
0 0.33984375 0.47890625 0.2109375 0.1359375
0 0.290625 0.79765625 0.225 0.1984375
0 0.48046875 0.73515625 0.1546875 0.2515625
0 0.35078125 1 0.1734375 0.053125
0 0.51640625 0.9828125 0.1359375 0.128125
0 1 0.97578125 0.0578125 0.0796875
0 1 0.70625 0.06875 0.075
0 1 0.553125 0.0546875 0.096875
0 0.984375 0.503125 0.06875 0.084375
0 0.13203125 0.81953125 0.0546875 0.1328125
