0 0.3484375 0.7875 0.06640625 0.03125
0 0.3984375 0.7578125 0.071875 0.04375
0 0.6375 0.753125 0.071875 0.04375
0 0.89140625 0.5078125 0.09140625 0.04375
0 0.921875 0.43671875 0.096875 0.0484375
0 0.57890625 0.48828125 0.08359375 0.0359375
0 0.41796875 0.478125 0.08359375 0.046875
0 0.296875 0.61015625 0.05859375 0.0265625
0 0.09453125 0.46171875 0.0640625 0.0609375
0 0.69140625 0.3421875 0.08046875 0.05625
0 0.653125 0.37734375 0.053125 0.0484375
0 0.934375 0.2125 0.08359375 0.05625
0 0.2140625 0.37734375 0.053125 0.0453125
