0 0.22890625 0.1828125 0.0421875 0.053125
0 0.28125 0.1421875 0.03125 0.04375
0 0.4703125 0.16640625 0.05 0.0484375
0 0.45859375 0.2828125 0.0453125 0.059375
0 0.696875 0.340625 0.053125 0.05625
0 0.671875 0.4390625 0.04609375 0.0703125
0 0.84765625 0.46875 0.0515625 0.05703125
0 0.7671875 0.41875 0.0359375 0.0421875
0 0.7625 0.57734375 0.0484375 0.05859375
0 0.7578125 0.53984375 0.04296875 0.04375
0 0.73828125 0.51640625 0.03046875 0.0359375
0 0.64375 0.53828125 0.04765625 0.05859375
0 0.64296875 0.590625 0.0421875 0.0453125
0 0.63515625 0.65390625 0.0375 0.05390625
0 0.54375 0.6140625 0.0328125 0.0421875
0 0.5828125 0.51875 0.04609375 0.06015625
0 0.740625 0.6828125 0.0375 0.0515625
0 0.78828125 0.70234375 0.0328125 0.04453125
0 0.78125 0.7796875 0.04296875 0.05
0 0.56015625 0.7015625 0.0328125 0.05
0 0.89453125 0.734375 0.02890625 0.03203125
0 0.4296875 0.62578125 0.05234375 0.0609375
0 0.46796875 0.55546875 0.0515625 0.07421875
0 0.39375 0.490625 0.04140625 0.04921875
0 0.45390625 0.66484375 0.0296875 0.03828125
0 0.4625 0.6140625 0.028125 0.04296875
0 0.4890625 0.58984375 0.028125 0.0328125
0 0.09921875 0.31328125 0.03515625 0.0484375
0 0.13828125 0.47890625 0.0421875 0.0625
0 0.0953125 0.50078125 0.034375 0.0453125
0 0.1890625 0.47109375 0.0390625 0.046875
0 0.19921875 0.44921875 0.03046875 0.03984375
0 0.253125 0.54609375 0.04140625 0.0453125
0 0.2421875 0.6890625 0.02890625 0.02890625
0 0.1359375 0.684375 0.0203125 0.02890625
0 0.34140625 0.853125 0.03515625 0.04140625
0 0.37109375 0.76875 0.028125 0.034375
0 0.41875 0.79609375 0.02890625 0.03046875
0 0.37890625 0.63046875 0.0359375 0.03828125
0 0.3609375 0.67578125 0.02890625 0.03359375
0 0.81171875 0.884375 0.0421875 0.04765625
0 0.67890625 0.80625 0.02890625 0.03671875
0 0.94921875 0.73671875 0.03125 0.03671875
0 0.97734375 0.72734375 0.028125 0.04375
0 0.93671875 0.69921875 0.02578125 0.0375
0 0.91015625 0.690625 0.028125 0.03515625
0 0.93125 0.790625 0.03046875 0.03671875
0 0.97265625 0.60546875 0.0375 0.0484375
0 0.8734375 0.5453125 0.0265625 0.03515625
0 0.84453125 0.53046875 0.0296875 0.03671875
0 1 0.671875 0.03359375 0.03515625
0 0.3125 0.58515625 0.0296875 0.03203125
0 0.1671875 0.5421875 0.03203125 0.0328125
