0 0.209375 0.1296875 0.275 0.165625
0 0.375 0.209375 0.221875 0.19375
0 0.40703125 0.08125 0.2296875 0.06875
0 0.1734375 0.2421875 0.18125 0.125
0 0.87421875 0.09609375 0.2421875 0.0984375
0 0.73984375 0.22578125 0.2390625 0.2421875
0 0.415625 0.4296875 0.2625 0.24375
0 0.77734375 0.6046875 0.2984375 0.2875
0 0.98671875 0.60703125 0.1484375 0.1609375
0 0.46015625 0.6125 0.2015625 0.134375
0 0.61640625 0.53984375 0.2046875 0.2453125
0 0.08984375 0.72578125 0.0546875 0.1671875
0 0.17265625 0.7671875 0.1109375 0.11875
0 0.20859375 0.8640625 0.1421875 0.11875
0 0.403125 0.86640625 0.15625 0.1515625
0 0.48515625 0.928125 0.1984375 0.209375
0 0.5796875 1 0.25 0.0578125
0 0.70625 0.94921875 0.23125 0.1953125
0 0.7875 0.80703125 0.25 0.2015625
0 0.56328125 0.746875 0.1859375 0.18125
0 1 0.95078125 0.1078125 0.1265625
0 1 0.78046875 0.0515625 0.1015625
