0 0.271875 0.2296875 0.08125 0.10625
0 0.3671875 0.1828125 0.04140625 0.0703125
0 0.6046875 0.259375 0.0796875 0.1359375
0 0.54921875 0.31953125 0.05078125 0.0625
0 0.50625 0.39453125 0.08515625 0.1265625
0 0.38671875 0.3390625 0.0875 0.1265625
0 0.2984375 0.48984375 0.08359375 0.11796875
0 0.15234375 0.6234375 0.05 0.059375
0 0.1921875 0.7484375 0.04609375 0.059375
0 0.265625 0.76875 0.03828125 0.04609375
0 0.25703125 0.6921875 0.0328125 0.04375
0 0.4046875 0.765625 0.059375 0.08984375
0 0.434375 0.7828125 0.04609375 0.09453125
0 0.43984375 0.6796875 0.0359375 0.065625
0 0.57421875 0.68125 0.06875 0.1109375
0 0.621875 0.615625 0.04140625 0.05234375
0 0.721875 0.60390625 0.0484375 0.0546875
0 0.7140625 0.6625 0.03828125 0.046875
0 0.8515625 0.6171875 0.05625 0.07421875
0 0.84296875 0.7 0.0484375 0.06171875
0 0.7875 0.79453125 0.0390625 0.0546875
0 0.84453125 0.825 0.0375 0.0484375
0 0.86015625 0.79453125 0.04296875 0.04765625
0 1 0.5515625 0.0765625 0.10234375
0 0.89609375 0.33984375 0.053125 0.08046875
0 1 0.32109375 0.0484375 0.05546875
0 0.83359375 0.3265625 0.05 0.065625
