0 0.33046875 0.88984375 0.06953125 0.0546875
0 0.98046875 0.8609375 0.09140625 0.0625
0 0.3109375 0.94296875 0.09140625 0.0578125
0 0.75390625 1 0.08359375 0.059375
0 0.45703125 0.7953125 0.05546875 0.0375
0 0.5859375 0.76796875 0.06953125 0.0390625
0 0.65390625 0.77890625 0.08359375 0.0484375
0 0.6765625 0.72265625 0.1 0.0671875
0 0.86953125 0.7890625 0.075 0.03125
0 0.6265625 0.32421875 0.1 0.0609375
0 0.746875 0.17734375 0.0859375 0.0671875
0 0.83203125 0.184375 0.128125 0.075
0 0.853125 0.315625 0.103125 0.065625
0 0.91640625 0.3203125 0.0640625 0.05
