0 0.25625 0.58671875 0.153125 0.2546875
0 0.47265625 0.4890625 0.2078125 0.3
0 0.15859375 0.1140625 0.1921875 0.134375
0 0.6421875 0.1375 0.18125 0.178125
0 1 0.21796875 0.1234375 0.2078125
0 0.684375 0.46875 0.075 0.090625
0 0.7515625 0.23671875 0.065625 0.0953125
0 0.74453125 0.6484375 0.1578125 0.25625
0 0.93984375 0.5546875 0.1453125 0.196875
0 1 0.37265625 0.0640625 0.1453125
0 1 0.5265625 0.034375 0.159375
0 0.38046875 0.81015625 0.0984375 0.1140625
0 0.39296875 0.93671875 0.0828125 0.1046875
0 0.33046875 1 0.0703125 0.0765625
0 0.7203125 1 0.065625 0.028125
0 0.95234375 0.965625 0.0515625 0.0625
0 0.40078125 1 0.0546875 0.05625
0 0.14921875 0.49296875 0.0578125 0.1265625
0 0.3734375 0.6015625 0.04375 0.065625
0 0.64140625 0.59296875 0.0546875 0.0890625
