0 0.62421875 0.959375 0.06640625 0.046875
0 0.69453125 0.9171875 0.06875 0.04453125
0 0.921875 0.9671875 0.078125 0.03828125
0 0.85859375 1 0.06484375 0.03046875
0 0.64296875 0.89921875 0.065625 0.03828125
0 0.73671875 0.88984375 0.06015625 0.03671875
0 0.8765625 0.86171875 0.08984375 0.046875
0 0.9265625 0.7921875 0.075 0.04921875
0 0.55703125 0.740625 0.08046875 0.0453125
0 0.415625 0.73671875 0.07421875 0.04921875
0 0.32890625 0.76484375 0.0890625 0.046875
0 0.13125 0.83984375 0.07421875 0.04765625
0 0.13828125 0.9328125 0.065625 0.0359375
0 0.240625 0.565625 0.07109375 0.04453125
0 0.23046875 0.615625 0.05703125 0.04140625
0 0.71875 0.40078125 0.09609375 0.0578125
0 0.9640625 0.37109375 0.059375 0.04140625
0 0.40078125 0.3109375 0.06171875 0.046875
0 0.50078125 0.3265625 0.08828125 0.05703125
0 0.709375 0.26953125 0.05 0.034375
0 0.21015625 0.17265625 0.10859375 0.05
0 0.70859375 0.1078125 0.08359375 0.06015625
