0 0.44453125 0.84375 0.0796875 0.128125
0 0.7453125 0.7359375 0.10625 0.16875
0 0.5859375 0.4671875 0.096875 0.1375
0 0.5640625 0.60625 0.096875 0.1375
0 0.8265625 0.57734375 0.1 0.1703125
0 0.9703125 0.75234375 0.0875 0.1421875
0 1 0.30390625 0.08125 0.1890625
0 0.73359375 0.10859375 0.0859375 0.1234375
0 0.6421875 0.109375 0.08125 0.125
0 0.6453125 0.26171875 0.09375 0.1453125
0 0.24609375 0.2671875 0.0890625 0.146875
0 0.38515625 0.2734375 0.0953125 0.125
0 0.878125 0.11171875 0.08125 0.1203125
0 0.79765625 0.08984375 0.0765625 0.0859375
