0 0.30703125 0.2140625 0.0625 0.0375
0 0.46484375 0.23125 0.065625 0.03125
0 0.50390625 0.25859375 0.03671875 0.0265625
0 0.44296875 0.26328125 0.05078125 0.0296875
0 0.50546875 0.303125 0.03984375 0.03125
0 0.471875 0.34765625 0.05078125 0.0359375
0 0.3734375 0.35078125 0.05390625 0.0265625
0 0.31640625 0.346875 0.05390625 0.034375
0 0.35078125 0.403125 0.059375 0.0375
0 0.4203125 0.40546875 0.0453125 0.0265625
0 0.29140625 0.41328125 0.059375 0.0265625
0 0.378125 0.45 0.0625 0.040625
0 0.55 0.4171875 0.0484375 0.01875
0 0.2515625 0.5421875 0.0484375 0.028125
0 0.278125 0.56328125 0.05703125 0.0296875
0 0.30234375 0.5875 0.05390625 0.03125
0 0.453125 0.65625 0.05390625 0.034375
0 0.409375 0.646875 0.0453125 0.021875
0 0.6703125 0.68828125 0.03984375 0.0265625
0 0.57265625 0.56484375 0.0484375 0.0140625
0 0.9203125 0.5484375 0.05703125 0.025
0 0.84765625 0.61875 0.05390625 0.021875
0 0.85234375 0.48515625 0.05703125 0.0265625
0 0.80234375 0.365625 0.02578125 0.021875
0 0.8765625 0.35703125 0.04296875 0.0296875
0 0.97734375 0.2421875 0.05703125 0.034375
0 0.89453125 0.58671875 0.03984375 0.0265625
