0 0.896875 0.91171875 0.075 0.0421875
0 0.80859375 0.82265625 0.05859375 0.0390625
0 0.89296875 0.78828125 0.0890625 0.0515625
0 0.94453125 0.77734375 0.053125 0.0484375
0 0.67109375 0.70859375 0.1 0.0546875
0 0.29453125 0.78515625 0.06953125 0.0421875
0 0.1484375 0.53125 0.08359375 0.053125
0 0.4390625 0.5328125 0.075 0.046875
0 0.8515625 0.43984375 0.1 0.0546875
0 0.921875 0.440625 0.05859375 0.053125
0 0.9890625 0.4421875 0.0859375 0.053125
0 0.1734375 0.40625 0.071875 0.04375
0 0.215625 0.375 0.0890625 0.046875
0 0.24453125 0.44453125 0.06953125 0.0296875
0 0.70390625 0.38125 0.078125 0.05
0 0.675 0.303125 0.0859375 0.046875
0 0.74453125 0.29921875 0.075 0.0484375
0 0.453125 0.23125 0.08046875 0.05
0 1 0.31875 0.06953125 0.046875
0 0.984375 0.16640625 0.128125 0.0640625
