0 0.08515625 0.57578125 0.03984375 0.0296875
0 0.284375 0.62890625 0.0453125 0.0359375
0 0.5921875 0.58828125 0.05390625 0.0359375
0 0.653125 0.6515625 0.06796875 0.025
0 0.66328125 0.671875 0.059375 0.0375
0 0.44453125 0.6203125 0.08203125 0.0375
0 0.53125 0.4828125 0.07421875 0.028125
0 0.53671875 0.51328125 0.06796875 0.0328125
0 0.55859375 0.2828125 0.065625 0.034375
0 0.59375 0.2625 0.0453125 0.0375
0 0.66875 0.2140625 0.0484375 0.028125
0 0.71484375 0.16875 0.065625 0.04375
0 1 0.521875 0.0625 0.04375
