0 0.27109375 0.68359375 0.0796875 0.1140625
0 0.72109375 0.14296875 0.1390625 0.1765625
0 0.62421875 0.29609375 0.1015625 0.1390625
0 0.796875 0.60546875 0.11875 0.1671875
0 0.90390625 0.5609375 0.1046875 0.15
0 1 0.78984375 0.0546875 0.1546875
0 0.99453125 0.87421875 0.0921875 0.1328125
0 0.5 0.56875 0.096875 0.1375
0 0.5859375 0.57265625 0.0875 0.1203125
0 1 0.253125 0.0640625 0.1
0 0.7625 0.3171875 0.071875 0.09375
0 0.9265625 0.3359375 0.06875 0.09375
0 0.9875 0.07578125 0.071875 0.0578125
0 0.5859375 0.1546875 0.053125 0.065625
0 0.60234375 0.10078125 0.0578125 0.0703125
0 0.8984375 0.09453125 0.05 0.0703125
0 0.9015625 0.19921875 0.040625 0.0984375
