0 0.35 0.87734375 0.10078125 0.08984375
0 0.228125 0.96171875 0.07578125 0.0625
0 0.26171875 0.871875 0.0765625 0.07421875
0 0.41953125 0.6625 0.10703125 0.0828125
0 0.50390625 0.84765625 0.05390625 0.04375
0 0.82734375 0.6359375 0.06484375 0.0515625
0 0.69296875 0.6359375 0.0609375 0.04296875
0 0.68046875 0.5515625 0.0703125 0.05859375
0 0.19140625 0.42109375 0.14296875 0.12421875
0 0.10625 0.459375 0.08671875 0.11640625
0 0.49765625 0.4671875 0.10234375 0.078125
0 0.29453125 0.4484375 0.05546875 0.08828125
0 0.34453125 0.2640625 0.11328125 0.0921875
0 0.215625 0.29453125 0.14375 0.12734375
0 0.87265625 0.434375 0.06015625 0.04921875
0 0.83828125 0.1765625 0.05703125 0.04453125
