0 0.8421875 0.4125 0.0625 0.096875
0 0.64609375 0.521875 0.0546875 0.10546875
0 0.48203125 0.546875 0.0703125 0.11640625
0 0.14140625 0.10078125 0.0453125 0.1078125
0 0.27265625 0.68828125 0.0609375 0.1109375
0 0.3453125 0.74375 0.071875 0.10546875
0 0.59765625 0.8125 0.0671875 0.1140625
0 0.88125 0.8625 0.040625 0.08046875
0 0.8890625 0.90546875 0.05 0.08359375
0 0.93359375 0.96484375 0.0421875 0.075
0 0.58046875 1 0.0546875 0.0609375
0 0.18125 0.15546875 0.059375 0.10546875
0 0.2515625 0.0734375 0.046875 0.053125
