0 0.159375 0.28984375 0.1 0.0484375
0 0.19296875 0.43984375 0.0890625 0.0484375
0 0.24296875 0.65390625 0.078125 0.0546875
0 0.31796875 0.61328125 0.071875 0.0515625
0 0.515625 0.5921875 0.10546875 0.0625
0 0.57890625 0.5484375 0.1109375 0.065625
0 0.796875 0.54140625 0.075 0.0484375
0 0.9609375 0.70859375 0.075 0.0453125
0 0.89140625 0.74453125 0.075 0.0515625
0 0.60703125 0.81015625 0.071875 0.0421875
0 0.628125 0.89921875 0.08046875 0.0390625
0 0.9640625 0.2765625 0.0640625 0.05
0 0.1 0.453125 0.06953125 0.05
