0 0.6703125 0.28984375 0.246875 0.2671875
0 0.79609375 0.121875 0.1890625 0.15
0 0.4609375 0.0921875 0.30625 0.090625
0 0.296875 0.08515625 0.109375 0.0765625
0 0.2046875 0.27109375 0.11875 0.1171875
0 0.18046875 0.35234375 0.0796875 0.0703125
0 0.3421875 0.2703125 0.084375 0.121875
0 0.36796875 0.44765625 0.1828125 0.1296875
0 0.2578125 0.78671875 0.271875 0.2890625
0 0.5328125 0.659375 0.225 0.23125
0 0.6 0.8765625 0.2125 0.23125
0 0.734375 0.62421875 0.184375 0.2515625
0 0.84453125 0.571875 0.1359375 0.196875
0 1 0.6625 0.0953125 0.096875
0 0.2125 1 0.253125 0.0875
