0 0.2234375 0.05390625 0.05078125 0.01171875
0 0.5203125 0.075 0.1546875 0.05390625
0 0.20390625 0.25859375 0.153125 0.1671875
0 0.28046875 0.45390625 0.11875 0.08203125
0 0.24296875 0.63828125 0.13671875 0.15703125
0 0.60078125 0.53203125 0.0640625 0.14375
0 0.90625 0.43203125 0.1625 0.16328125
0 0.440625 0.67421875 0.1265625 0.153125
0 0.6671875 0.78359375 0.06640625 0.10859375
0 0.740625 0.7234375 0.06171875 0.0375
0 0.865625 0.675 0.121875 0.11796875
0 0.39296875 0.93671875 0.159375 0.159375
0 0.57734375 1 0.12890625 0.0828125
0 0.6984375 1 0.109375 0.09375
0 0.29453125 1 0.01875 0.015625
0 0.965625 0.0515625 0.0515625 0.0078125
0 1 0.7625 0.0484375 0.15703125
0 0.971875 0.99609375 0.04609375 0.078125
