0 0.128125 0.13046875 0.13125 0.1671875
0 0.31796875 0.1578125 0.1390625 0.15625
0 0.36484375 0.309375 0.1859375 0.153125
0 0.1984375 0.42109375 0.11875 0.1015625
0 0.56875 0.39375 0.2375 0.1875
0 0.834375 0.125 0.265625 0.15625
0 0.62265625 0.575 0.2734375 0.25625
0 0.53359375 0.76015625 0.2453125 0.1984375
0 0.78828125 0.76875 0.2484375 0.221875
0 0.6265625 0.953125 0.2375 0.1875
0 0.49765625 0.88203125 0.0703125 0.0796875
0 0.91015625 0.840625 0.0859375 0.071875
0 0.8640625 0.64453125 0.115625 0.0765625
0 0.1625 0.625 0.075 0.05625
0 0.184375 0.57578125 0.06875 0.0484375
0 0.428125 0.88046875 0.0625 0.0640625
0 0.33359375 0.603125 0.0765625 0.046875
0 0.46953125 0.61328125 0.0671875 0.0640625
