0 0.50234375 0.51640625 0.1453125 0.2140625
0 0.61484375 0.4734375 0.1109375 0.18125
0 0.1515625 0.6359375 0.1375 0.16875
0 0.296875 0.684375 0.11875 0.1875
0 0.2453125 0.96796875 0.165625 0.1578125
0 0.4640625 0.92578125 0.159375 0.2109375
0 1 0.45625 0.0734375 0.09375
0 0.928125 0.7140625 0.078125 0.103125
0 0.71171875 0.7703125 0.0765625 0.1
0 0.44609375 0.246875 0.1296875 0.1625
0 0.78984375 0.746875 0.0703125 0.09375
0 0.08671875 0.12734375 0.0484375 0.1609375
0 0.29921875 0.3875 0.1078125 0.115625
0 0.88046875 0.3921875 0.0515625 0.071875
0 0.94609375 0.41875 0.0546875 0.071875
0 0.81328125 0.6359375 0.0515625 0.08125
0 0.9734375 0.590625 0.059375 0.075
