0 0.25234375 0.19140625 0.075 0.1
0 0.21875 0.21484375 0.05859375 0.0859375
0 0.20546875 0.37890625 0.03984375 0.0546875
0 0.2828125 0.38828125 0.07109375 0.1109375
0 0.34765625 0.32578125 0.08359375 0.11953125
0 0.38515625 0.53828125 0.08359375 0.1109375
0 0.38984375 0.69296875 0.06640625 0.08359375
0 0.22265625 0.796875 0.06484375 0.0859375
0 0.10234375 0.71796875 0.0375 0.053125
0 0.08515625 0.77734375 0.03515625 0.05
0 0.46171875 0.60625 0.08359375 0.09453125
0 0.48984375 0.684375 0.06640625 0.08046875
0 0.49921875 0.5578125 0.06875 0.09453125
0 0.56875 0.51328125 0.0875 0.1109375
0 0.65 0.58828125 0.07890625 0.1109375
0 0.68046875 0.66640625 0.04375 0.05546875
0 0.71640625 0.55078125 0.06640625 0.103125
0 0.79921875 0.56328125 0.06484375 0.1
0 0.7375 1 0.06640625 0.06953125
0 0.92890625 1 0.07109375 0.0890625
0 0.44296875 0.1953125 0.03984375 0.05859375
0 0.47265625 0.16875 0.05 0.0609375
0 0.5 0.0859375 0.02109375 0.021875
0 0.575 0.0734375 0.0375 0.046875
0 0.67734375 0.15390625 0.04140625 0.053125
0 0.63984375 0.19140625 0.02109375 0.021875
0 0.52421875 0.259375 0.03125 0.025
0 0.80234375 0.12578125 0.02890625 0.01953125
0 0.825 0.10234375 0.025 0.0390625
0 0.859375 0.059375 0.02265625 0.025
