0 0.7078125 0.184375 0.390625 0.275
0 0.165625 0.1234375 0.20625 0.153125
0 0.19140625 0.296875 0.1828125 0.171875
0 0.3515625 0.4453125 0.278125 0.265625
0 0.634375 0.45078125 0.375 0.3203125
0 0.8515625 0.35859375 0.19375 0.2578125
0 0.8453125 0.61953125 0.328125 0.2765625
0 0.52421875 0.7296875 0.3734375 0.315625
0 0.12578125 0.78125 0.1265625 0.225
0 0.25625 0.8578125 0.196875 0.171875
0 0.14609375 0.971875 0.1671875 0.15
0 0.31171875 0.98359375 0.1828125 0.1265625
0 0.5890625 0.946875 0.309375 0.2
0 0.80859375 0.90078125 0.2046875 0.2203125
