0 0.15390625 0.2453125 0.0703125 0.075
0 0.16875 0.19140625 0.071875 0.0953125
0 0.24921875 0.20390625 0.0671875 0.0953125
0 0.2859375 0.15 0.065625 0.075
0 0.36171875 0.16015625 0.0515625 0.1015625
0 0.3015625 0.3 0.0625 0.06875
0 0.228125 0.303125 0.05625 0.05625
0 0.19140625 0.45234375 0.0734375 0.0671875
0 0.078125 0.6421875 0.03125 0.109375
0 0.259375 0.64375 0.05625 0.05625
0 0.2953125 0.596875 0.084375 0.115625
0 0.15390625 0.753125 0.0609375 0.05
0 0.265625 0.77734375 0.053125 0.0640625
0 0.32890625 0.8015625 0.0609375 0.071875
0 0.378125 0.81953125 0.046875 0.0703125
0 0.41640625 0.81640625 0.0578125 0.0765625
0 0.48046875 0.7828125 0.0546875 0.08125
0 0.5640625 0.8015625 0.06875 0.090625
0 0.671875 0.7578125 0.0625 0.09375
0 0.73359375 0.6703125 0.1046875 0.140625
0 0.8671875 0.68984375 0.1625 0.2140625
0 0.76328125 0.73203125 0.0765625 0.0640625
0 0.6859375 1 0.065625 0.05
0 0.559375 0.959375 0.046875 0.05
0 0.36640625 0.6078125 0.0703125 0.1125
0 0.45078125 0.6296875 0.1078125 0.16875
0 0.4140625 0.52421875 0.075 0.0859375
0 0.55859375 0.6453125 0.1171875 0.1625
0 0.634375 0.53046875 0.125 0.1671875
0 0.28671875 0.3796875 0.0609375 0.053125
