0 0.3546875 0.3703125 0.24375 0.25
0 0.12421875 0.78046875 0.1234375 0.2765625
0 0.4921875 0.55703125 0.246875 0.2453125
0 0.49453125 0.19375 0.2296875 0.234375
0 0.34921875 0.76953125 0.2734375 0.2765625
0 0.14296875 0.37734375 0.1609375 0.2390625
0 0.76171875 0.54609375 0.2671875 0.2546875
0 0.734375 0.18671875 0.234375 0.2296875
0 0.87109375 0.36015625 0.2421875 0.2203125
0 0.62421875 0.3609375 0.2484375 0.240625
0 0.9828125 0.54296875 0.15625 0.2453125
0 0.1953125 0.953125 0.265625 0.184375
0 0.9546875 0.19140625 0.2125 0.2140625
0 0.49140625 0.9453125 0.2828125 0.2
0 0.6328125 0.76328125 0.29375 0.2640625
0 0.9203125 0.75703125 0.28125 0.2765625
0 0.78046875 0.94609375 0.2828125 0.1984375
0 0.2203125 0.19296875 0.2625 0.2484375
0 1 0.9578125 0.1125 0.178125
