0 0.5203125 0.2109375 0.146875 0.2453125
0 0.30234375 0.265625 0.1265625 0.20234375
0 0.12109375 0.540625 0.11640625 0.24375
0 0.14921875 0.421875 0.146875 0.2265625
0 0.29921875 0.484375 0.13984375 0.2203125
0 0.20234375 0.8296875 0.1734375 0.2796875
0 0.32265625 0.66484375 0.16328125 0.23203125
0 0.37890625 0.921875 0.146875 0.2265625
0 0.434375 0.49609375 0.11640625 0.19609375
0 0.57109375 0.56796875 0.1703125 0.24375
0 0.4625 0.81328125 0.1796875 0.23203125
0 0.5640625 0.9578125 0.18984375 0.16640625
0 0.6078125 0.7734375 0.15 0.2140625
0 0.759375 0.7015625 0.16640625 0.26171875
0 0.85859375 0.47109375 0.15 0.24375
0 0.703125 0.4203125 0.1703125 0.25
0 0.74921875 0.271875 0.13984375 0.17890625
0 0.8578125 0.1359375 0.14296875 0.16640625
0 0.97890625 0.3953125 0.153125 0.19609375
0 0.9125 0.675 0.16015625 0.24375
0 0.8734375 0.9484375 0.16875 0.196875
0 0.99140625 0.87109375 0.13671875 0.2203125
0 0.61953125 0.15078125 0.1609375 0.2078125
0 0.1203125 0.15546875 0.115625 0.21640625
0 0.37421875 0.13046875 0.1171875 0.1671875
0 0.7328125 0.97109375 0.12421875 0.1515625
0 1 0.2328125 0.121875 0.128125
