0 0.1609375 0.140625 0.1578125 0.12109375
0 0.23125 0.36171875 0.159375 0.14921875
0 0.20859375 0.55234375 0.05 0.07109375
0 0.33671875 0.715625 0.0703125 0.0640625
0 0.3234375 0.8671875 0.1453125 0.1421875
0 0.40703125 0.7203125 0.13359375 0.14375
0 0.3421875 0.75703125 0.053125 0.03984375
0 0.50234375 0.09453125 0.14921875 0.09375
0 0.64609375 0.0984375 0.15703125 0.10078125
0 0.6046875 0.25703125 0.1546875 0.16796875
0 0.9875 0.2375 0.14921875 0.1953125
0 0.540625 0.64921875 0.16015625 0.16875
0 0.6671875 0.7625 0.16484375 0.15546875
0 1 0.77421875 0.0765625 0.1609375
0 1 0.86796875 0.0234375 0.0328125
