0 0.20078125 0.97578125 0.07109375 0.04140625
0 0.26328125 0.96171875 0.05859375 0.0359375
0 0.303125 0.82578125 0.09140625 0.05
0 0.75390625 0.91328125 0.05859375 0.03828125
0 0.92578125 0.946875 0.075 0.03984375
0 1 0.9625 0.046875 0.03671875
0 0.90546875 0.8453125 0.06484375 0.04765625
0 0.8625 0.875 0.0609375 0.03828125
0 0.38203125 0.71640625 0.08671875 0.05234375
0 0.18671875 0.5796875 0.1046875 0.05859375
0 0.5609375 0.67265625 0.07890625 0.05546875
0 0.61796875 0.63046875 0.07890625 0.04453125
0 0.67109375 0.596875 0.0734375 0.0453125
0 0.88671875 0.61328125 0.11015625 0.06640625
0 0.95546875 0.56484375 0.11171875 0.059375
0 0.184375 0.47265625 0.10078125 0.02890625
0 0.44609375 0.44375 0.10546875 0.06015625
0 0.54453125 0.43984375 0.06015625 0.05625
0 0.10703125 0.3265625 0.08359375 0.05234375
0 0.540625 0.275 0.1015625 0.03984375
0 0.9015625 0.17265625 0.06640625 0.04765625
