0 0.41328125 0.15078125 0.128125 0.13203125
0 0.25859375 0.19609375 0.0484375 0.0515625
0 0.271875 0.13828125 0.0484375 0.05
0 0.3015625 0.21796875 0.0453125 0.0484375
0 0.25390625 0.4265625 0.103125 0.11015625
0 0.17578125 0.4578125 0.0734375 0.08203125
0 0.4140625 0.42421875 0.103125 0.1046875
0 0.4515625 0.334375 0.09140625 0.10859375
0 0.52265625 0.31171875 0.1203125 0.11328125
0 0.6 0.21796875 0.11796875 0.13515625
0 0.52890625 0.121875 0.0734375 0.06328125
0 0.97734375 0.45703125 0.1234375 0.1265625
0 1 0.48046875 0.05 0.11328125
0 0.74140625 0.3421875 0.06796875 0.0734375
0 0.72890625 0.57109375 0.0734375 0.075
0 0.496875 0.64296875 0.08515625 0.08515625
0 0.80234375 0.67421875 0.0765625 0.08515625
0 0.86328125 0.81328125 0.0546875 0.04296875
0 0.8578125 0.759375 0.08359375 0.08828125
0 0.9203125 0.81796875 0.06171875 0.06796875
0 0.72734375 0.94765625 0.03671875 0.04140625
0 0.7984375 0.934375 0.04140625 0.0484375
0 0.7671875 0.8796875 0.03984375 0.0453125
0 0.98125 1 0.03125 0.0359375
0 0.49921875 0.7515625 0.06328125 0.053125
0 0.58828125 0.7453125 0.05859375 0.0703125
0 0.6265625 0.77109375 0.0515625 0.0546875
0 0.42265625 0.73828125 0.04296875 0.04296875
0 0.18984375 0.63359375 0.03828125 0.05
0 0.24453125 0.66015625 0.03671875 0.05
0 0.309375 0.69140625 0.03359375 0.0484375
0 0.384375 0.85234375 0.0296875 0.03515625
0 0.3828125 0.82109375 0.0296875 0.025
0 0.69609375 0.18125 0.0796875 0.11484375
0 0.61484375 0.39296875 0.028125 0.0515625
0 0.328125 0.74375 0.03515625 0.0296875
