0 0.3140625 0.9921875 0.0703125 0.04375
0 1 0.80390625 0.10703125 0.06640625
0 0.6578125 0.7234375 0.1109375 0.0640625
0 0.43828125 0.86015625 0.08359375 0.0640625
0 0.1875 0.77421875 0.078125 0.0375
0 0.61875 0.5046875 0.05546875 0.0375
0 0.58125 0.43515625 0.0640625 0.04140625
0 0.41875 0.44453125 0.1140625 0.04453125
0 0.4390625 0.40078125 0.09375 0.04921875
0 0.0953125 0.3234375 0.065625 0.06328125
0 0.5796875 0.2875 0.08984375 0.05390625
0 0.46953125 0.23046875 0.084375 0.05625
0 0.5546875 0.2234375 0.10625 0.07421875
0 0.6390625 0.2078125 0.08203125 0.06484375
0 0.34921875 0.0828125 0.06328125 0.0390625
0 0.253125 0.0625 0.071875 0.02890625
