0 0.459375 0.36875 0.125 0.190625
0 0.29375 0.42109375 0.090625 0.1390625
0 0.396875 0.4671875 0.11875 0.165625
0 0.33671875 0.53671875 0.0859375 0.1078125
0 0.30859375 0.6671875 0.1078125 0.165625
0 0.18046875 0.64140625 0.0984375 0.1015625
0 0.171875 0.7734375 0.115625 0.18125
0 0.08046875 1 0.0359375 0.0671875
0 0.07578125 0.70078125 0.0265625 0.1171875
0 0.603125 0.95859375 0.115625 0.1609375
0 0.575 0.88046875 0.09375 0.0890625
0 0.4125 0.78984375 0.071875 0.1078125
0 0.303125 0.871875 0.071875 0.1
0 0.3796875 0.87890625 0.06875 0.0984375
0 0.45546875 0.909375 0.0671875 0.121875
0 0.2625 1 0.08125 0.071875
0 0.265625 0.74921875 0.078125 0.1046875
0 0.46015625 0.6875 0.1046875 0.16875
0 0.54140625 0.6734375 0.0953125 0.140625
0 0.5484375 0.55234375 0.084375 0.1546875
0 0.6484375 0.4421875 0.215625 0.346875
0 0.865625 0.45078125 0.203125 0.3140625
0 0.88671875 0.66328125 0.1359375 0.1734375
0 0.56328125 0.21953125 0.1265625 0.2515625
0 0.71875 0.27265625 0.15 0.2453125
0 0.675 0.1046875 0.2 0.115625
0 0.8765625 0.24609375 0.15 0.1546875
0 0.98984375 0.10390625 0.1359375 0.1140625
0 0.51953125 0.09140625 0.0453125 0.0609375
