0 0.5859375 0.24453125 0.203125 0.1609375
0 0.8109375 0.21796875 0.1375 0.1265625
0 0.91015625 0.15078125 0.1359375 0.1234375
0 0.68515625 0.0875 0.1421875 0.08125
0 0.40703125 0.14375 0.1734375 0.15
0 0.153125 0.10390625 0.1375 0.1109375
0 0.28671875 0.34765625 0.1296875 0.1015625
0 0.41171875 0.30859375 0.1234375 0.1171875
0 0.2890625 0.66796875 0.2375 0.2046875
0 0.63515625 0.91484375 0.3015625 0.2453125
0 0.6078125 0.66328125 0.1125 0.0765625
0 0.44921875 0.6984375 0.0859375 0.0875
0 0.8625 0.81015625 0.090625 0.0734375
0 0.72421875 0.45703125 0.0765625 0.0734375
0 0.78359375 0.39296875 0.0671875 0.0671875
0 0.15078125 0.98203125 0.1234375 0.0984375
0 0.74609375 0.9984375 0.1265625 0.096875
0 0.63671875 0.321875 0.1265625 0.06875
