0 0.953125 1 0.084375 0.03828125
0 0.68203125 0.9703125 0.059375 0.04140625
0 0.62109375 0.9828125 0.065625 0.04609375
0 0.221875 0.99453125 0.08671875 0.05
0 0.115625 0.9765625 0.065625 0.0375
0 0.6328125 0.81171875 0.071875 0.05
0 0.81796875 0.83125 0.08984375 0.05
0 0.4859375 0.721875 0.06171875 0.046875
0 0.79921875 0.70390625 0.06953125 0.05078125
0 0.88203125 0.7265625 0.07109375 0.04296875
0 0.63984375 0.6109375 0.06796875 0.02734375
0 0.70546875 0.59765625 0.05 0.03203125
0 0.28125 0.5265625 0.11328125 0.05625
0 0.678125 0.49140625 0.08359375 0.05
0 0.865625 0.45078125 0.075 0.03671875
0 0.953125 0.4640625 0.09296875 0.0546875
0 1 0.4609375 0.0734375 0.05390625
0 0.5796875 0.35390625 0.08203125 0.04765625
0 0.50078125 0.24921875 0.08359375 0.03984375
0 0.36640625 0.07890625 0.0796875 0.05234375
0 0.296875 0.10078125 0.090625 0.05
0 0.11328125 0.52890625 0.08984375 0.05390625
0 0.8390625 0.1265625 0.1203125 0.059375
0 0.9125 0.31953125 0.08984375 0.065625
0 0.8265625 0.4078125 0.1078125 0.065625
