0 0.31953125 0.2078125 0.0484375 0.028125
0 0.4671875 0.22734375 0.05390625 0.0328125
0 0.5015625 0.25859375 0.0484375 0.0265625
0 0.4515625 0.2640625 0.03984375 0.028125
0 0.50859375 0.30078125 0.0453125 0.0328125
0 0.47734375 0.35 0.05703125 0.040625
0 0.38671875 0.35625 0.0453125 0.025
0 0.32109375 0.3484375 0.03984375 0.025
0 0.39765625 0.32734375 0.03984375 0.0203125
0 0.35625 0.39921875 0.05390625 0.0390625
0 0.42734375 0.40390625 0.0484375 0.0296875
0 0.55 0.41484375 0.05390625 0.0203125
0 0.38359375 0.4484375 0.06796875 0.034375
0 0.309375 0.45703125 0.03984375 0.0296875
0 0.29140625 0.41015625 0.059375 0.0265625
0 0.25703125 0.53984375 0.059375 0.0328125
0 0.28671875 0.5640625 0.05078125 0.028125
0 0.30703125 0.58515625 0.0453125 0.0265625
0 0.46171875 0.65234375 0.0484375 0.0359375
0 0.42578125 0.6484375 0.05078125 0.028125
0 0.465625 0.54765625 0.034375 0.0265625
0 0.57421875 0.559375 0.034375 0.021875
0 0.88671875 0.35859375 0.05703125 0.0328125
0 0.83203125 0.3546875 0.0453125 0.01875
0 0.85625 0.48046875 0.05390625 0.0359375
0 0.81953125 0.4875 0.05390625 0.025
0 0.91875 0.54609375 0.059375 0.0328125
0 0.859375 0.60859375 0.059375 0.0296875
0 0.984375 0.23671875 0.0484375 0.0359375
