0 1 0.809375 0.05546875 0.05703125
0 0.70859375 0.728125 0.115625 0.06171875
0 0.49296875 0.86796875 0.10078125 0.06171875
0 0.23359375 0.78203125 0.071875 0.04296875
0 0.35859375 1 0.08203125 0.04765625
0 0.09609375 0.98359375 0.0671875 0.0578125
0 0.66875 0.5109375 0.05625 0.03984375
0 0.46640625 0.4546875 0.11796875 0.04296875
0 0.50078125 0.40703125 0.071875 0.05
0 0.0890625 0.32109375 0.053125 0.0515625
0 0.153125 0.3296875 0.0765625 0.05625
0 0.63828125 0.296875 0.0796875 0.05078125
0 0.85625 0.34921875 0.0265625 0.02421875
0 0.51953125 0.240625 0.08046875 0.0484375
0 0.61640625 0.2328125 0.103125 0.07265625
0 0.70390625 0.2234375 0.07578125 0.05390625
0 0.4140625 0.09453125 0.06875 0.0421875
0 0.3140625 0.06875 0.08046875 0.03515625
