0 0.43984375 0.171875 0.0671875 0.0875
0 0.36875 0.3796875 0.090625 0.10859375
0 0.48984375 0.33359375 0.084375 0.10234375
0 0.71796875 0.29296875 0.0671875 0.05859375
0 0.7828125 0.353125 0.05 0.075
0 0.82734375 0.07421875 0.0640625 0.05390625
0 1 0.5875 0.053125 0.06484375
0 1 0.87890625 0.065625 0.09765625
0 0.8171875 0.87421875 0.084375 0.125
0 0.5109375 0.86953125 0.1 0.175
0 0.378125 0.80703125 0.096875 0.1125
0 0.3625 0.6890625 0.0875 0.10390625
0 0.37734375 1 0.078125 0.08125
0 0.2484375 0.925 0.0578125 0.08125
0 0.30234375 0.89765625 0.0578125 0.07265625
0 0.69375 0.63828125 0.071875 0.09609375
0 0.50625 0.46171875 0.059375 0.0625
0 0.95234375 0.85703125 0.05390625 0.08515625
