0 0.13046875 0.15625 0.11015625 0.1390625
0 0.26015625 0.69140625 0.09140625 0.128125
0 0.17734375 0.734375 0.07890625 0.125
0 0.25546875 0.8109375 0.08515625 0.11953125
0 0.1875 0.82578125 0.0625 0.075
0 0.39375 1 0.07890625 0.075
0 0.35234375 0.121875 0.1 0.13359375
0 0.47734375 0.109375 0.08359375 0.09140625
0 0.465625 0.2109375 0.06875 0.10859375
0 0.5375 0.21328125 0.08359375 0.11640625
0 0.72265625 0.33046875 0.04140625 0.0609375
0 0.64140625 0.6625 0.025 0.0359375
0 0.70703125 0.7953125 0.08125 0.125
0 0.78671875 0.75625 0.08125 0.11953125
0 1 0.75078125 0.07265625 0.1140625
0 0.49453125 0.78046875 0.01875 0.028125
