0 0.52265625 0.128125 0.1984375 0.1625
0 1 0.1140625 0.1203125 0.1
0 1 0.0703125 0.1046875 0.046875
0 0.91015625 0.3015625 0.1734375 0.1625
0 0.33125 0.3265625 0.171875 0.196875
0 0.409375 0.415625 0.165625 0.209375
0 0.6484375 0.45234375 0.2125 0.1953125
0 0.509375 0.51953125 0.2 0.1796875
0 0.25546875 0.5734375 0.1359375 0.125
0 0.103125 0.51796875 0.08125 0.0515625
0 0.115625 0.78203125 0.103125 0.1421875
0 0.32578125 0.9265625 0.1484375 0.15625
0 0.5421875 0.7234375 0.16875 0.171875
0 0.6625 0.7875 0.10625 0.109375
0 0.59765625 0.88359375 0.1421875 0.1265625
0 0.846875 0.9640625 0.09375 0.0875
0 1 0.98125 0.0828125 0.13125
