0 0.09296875 0.16328125 0.05234375 0.0609375
0 0.12890625 0.11875 0.05390625 0.05546875
0 0.24375 0.15234375 0.07109375 0.14453125
0 0.29609375 0.32734375 0.09140625 0.128125
0 0.39609375 0.30625 0.1 0.1359375
0 0.23046875 0.44375 0.07734375 0.11640625
0 0.16015625 0.4828125 0.06640625 0.11640625
0 0.36796875 0.56484375 0.09375 0.125
0 0.409375 0.4625 0.08125 0.1140625
0 0.125 0.68828125 0.06640625 0.09453125
0 0.63359375 0.496875 0.04140625 0.05546875
0 0.58359375 0.6625 0.0375 0.053125
0 0.54765625 0.65390625 0.0375 0.04140625
0 0.52734375 0.29375 0.02109375 0.03359375
0 0.76484375 0.2234375 0.05 0.053125
0 0.89140625 0.66796875 0.07890625 0.11953125
0 1 0.525 0.06640625 0.1
0 0.778125 0.7609375 0.08984375 0.121875
0 0.72265625 0.77890625 0.0625 0.10859375
0 0.775 0.89140625 0.07890625 0.1109375
0 0.846875 0.8953125 0.04375 0.053125
0 0.925 0.8234375 0.075 0.1140625
0 1 0.8328125 0.07734375 0.1390625
0 0.971875 0.90625 0.07265625 0.075
0 1 0.96875 0.03984375 0.1
0 1 0.3234375 0.025 0.0640625
0 0.59140625 0.0875 0.0796875 0.08125
0 0.9890625 0.08671875 0.103125 0.0796875
0 0.64453125 0.07109375 0.07421875 0.04765625
0 0.23828125 0.7234375 0.06953125 0.08828125
