0 0.69765625 0.8859375 0.08359375 0.05
0 0.63046875 0.80625 0.06484375 0.04140625
0 0.6875 0.7703125 0.07890625 0.05078125
0 0.7453125 0.753125 0.06171875 0.05
0 0.7625 0.79921875 0.0515625 0.0296875
0 0.1328125 0.78125 0.08125 0.04921875
0 0.4765625 0.6984375 0.1 0.05703125
0 0.81328125 0.6234375 0.1109375 0.05546875
0 0.21015625 0.53515625 0.103125 0.04921875
0 0.290625 0.52734375 0.08359375 0.04296875
0 0.63515625 0.509375 0.0859375 0.04609375
0 0.6171875 0.434375 0.09453125 0.06015625
0 0.6859375 0.4296875 0.05703125 0.06171875
0 0.74296875 0.4296875 0.08671875 0.0609375
0 0.48203125 0.375 0.0796875 0.046875
0 0.3734375 0.32421875 0.06171875 0.05390625
0 0.43359375 0.30234375 0.08828125 0.04765625
0 0.51171875 0.29453125 0.08125 0.04921875
0 0.21171875 0.23125 0.0796875 0.05390625
0 0.38125 0.14765625 0.06953125 0.0453125
0 0.71640625 0.15390625 0.115625 0.07265625
0 0.765625 0.3046875 0.0859375 0.04609375
0 0.8328125 0.27109375 0.07578125 0.05
0 0.95546875 0.33515625 0.05390625 0.04140625
