0 0.19296875 1 0.09296875 0.03515625
0 0.23359375 0.99609375 0.0734375 0.04296875
0 0.2953125 0.990625 0.0734375 0.05234375
0 0.83046875 0.96796875 0.08203125 0.06171875
0 0.7640625 0.85390625 0.07109375 0.05078125
0 0.91328125 0.865625 0.06875 0.0484375
0 0.921875 0.78359375 0.09453125 0.06640625
0 0.48359375 0.6640625 0.08671875 0.03984375
0 0.68359375 0.57109375 0.0734375 0.04609375
0 0.72890625 0.49296875 0.078125 0.0484375
0 0.959375 0.39453125 0.07890625 0.04609375
0 1 0.37421875 0.05390625 0.04609375
0 0.8609375 0.121875 0.0859375 0.06328125
