0 0.14453125 0.39375 0.0796875 0.028125
0 0.33828125 0.36640625 0.0796875 0.0453125
0 0.28515625 0.45703125 0.07109375 0.0359375
0 0.28515625 0.48359375 0.0484375 0.0265625
0 0.40078125 0.46328125 0.05078125 0.0296875
0 0.61484375 0.3671875 0.07109375 0.034375
0 0.6125 0.31015625 0.065625 0.0421875
0 0.71875 0.4671875 0.0625 0.03125
0 0.98984375 0.37421875 0.05390625 0.0296875
0 0.94296875 0.371875 0.0625 0.025
0 0.96328125 0.390625 0.05078125 0.03125
0 0.99609375 0.55703125 0.059375 0.0296875
0 0.9984375 0.59453125 0.0765625 0.0390625
0 1 0.69453125 0.065625 0.0390625
0 0.8421875 0.709375 0.07109375 0.03125
0 0.596875 0.615625 0.05703125 0.034375
0 0.32109375 0.7828125 0.034375 0.025
