0 0.41171875 0.28359375 0.0828125 0.1328125
0 0.67578125 0.08359375 0.0890625 0.0734375
0 0.91171875 0.10625 0.0859375 0.1125
0 1 0.24765625 0.040625 0.0921875
0 0.93671875 0.2671875 0.0828125 0.109375
0 0.88125 0.40078125 0.08125 0.1171875
0 0.87578125 0.76875 0.0765625 0.10625
0 0.725 0.92578125 0.078125 0.1328125
0 0.45859375 1 0.0734375 0.040625
0 0.221875 0.834375 0.075 0.1125
0 0.1453125 0.53984375 0.075 0.0890625
0 0.25 0.38359375 0.078125 0.1140625
0 0.29921875 0.3484375 0.0546875 0.109375
0 0.3515625 0.35625 0.08125 0.125
0 0.64765625 0.42265625 0.0765625 0.1234375
0 0.709375 0.27734375 0.08125 0.1359375
0 0.615625 0.175 0.078125 0.1
0 0.51015625 0.1859375 0.0796875 0.121875
0 0.20703125 0.10546875 0.0703125 0.0953125
0 0.52109375 0.71640625 0.0703125 0.1171875
0 0.6265625 0.63046875 0.084375 0.1203125
0 0.74765625 0.709375 0.0578125 0.1
0 0.85078125 0.6578125 0.0703125 0.0875
