0 0.4359375 0.2421875 0.14375 0.159375
0 0.73984375 0.23671875 0.1609375 0.1671875
0 0.81484375 0.09453125 0.2109375 0.0953125
0 1 0.3640625 0.11875 0.15625
0 1 0.5375 0.1125 0.2375
0 1 0.75390625 0.0734375 0.1453125
0 0.9125 0.79375 0.175 0.19375
0 0.7296875 0.78984375 0.175 0.1859375
0 0.6859375 0.9078125 0.165625 0.14375
0 0.7484375 1 0.1875 0.075
0 0.4421875 1 0.178125 0.090625
0 0.34765625 0.9078125 0.1734375 0.184375
0 0.51015625 0.85390625 0.1578125 0.1453125
0 0.18046875 0.60390625 0.2359375 0.2453125
0 0.39765625 0.41171875 0.1578125 0.1671875
0 0.575 0.4578125 0.178125 0.1875
0 0.7 0.55859375 0.15625 0.1703125
0 0.7984375 0.3625 0.18125 0.15
0 0.59296875 0.34453125 0.1453125 0.1171875
0 0.11953125 0.2234375 0.1140625 0.16875
0 0.10546875 0.371875 0.0859375 0.14375
0 0.33359375 0.3 0.1015625 0.1375
0 0.28203125 0.45078125 0.0984375 0.1453125
0 0.253125 0.08359375 0.103125 0.0734375
0 0.90625 0.91171875 0.1625 0.1203125
