0 0.17109375 0.115625 0.2171875 0.1375
0 0.703125 0.16875 0.3875 0.24375
0 0.634375 0.41953125 0.36875 0.2859375
0 0.83828125 0.3328125 0.1984375 0.228125
0 0.84453125 0.55703125 0.3140625 0.2453125
0 0.53046875 0.6484375 0.3578125 0.278125
0 0.5921875 0.85546875 0.29375 0.1953125
0 0.809375 0.803125 0.190625 0.196875
0 0.36640625 0.4046875 0.2671875 0.23125
0 0.20390625 0.27109375 0.1796875 0.1515625
0 0.12890625 0.7015625 0.1328125 0.178125
0 0.2671875 0.76796875 0.196875 0.1515625
0 0.15390625 0.871875 0.1828125 0.146875
0 0.31953125 0.896875 0.1796875 0.16875
0 0.1640625 1 0.2 0.0734375
0 0.50546875 0.98828125 0.2421875 0.1171875
0 0.73828125 1 0.2328125 0.0703125
