0 0.55 0.2890625 0.08828125 0.04375
0 0.5453125 0.3171875 0.05703125 0.034375
0 0.41015625 0.48984375 0.07109375 0.0453125
0 0.49140625 0.4671875 0.0796875 0.0375
0 0.53671875 0.43984375 0.06796875 0.0421875
0 0.5796875 0.38984375 0.07421875 0.0359375
0 0.53515625 0.515625 0.0765625 0.0375
0 0.453125 0.5328125 0.08828125 0.034375
0 0.66015625 0.5640625 0.05390625 0.0375
0 0.64765625 0.6046875 0.07421875 0.04375
0 0.63203125 0.69765625 0.065625 0.0359375
0 0.60546875 0.7078125 0.0453125 0.040625
0 0.50703125 0.69609375 0.04296875 0.0265625
0 0.465625 0.678125 0.06796875 0.03125
0 0.4359375 0.70078125 0.0765625 0.0328125
