0 0.13671875 0.096875 0.07734375 0.1
0 0.31640625 0.07890625 0.10859375 0.0640625
0 0.21015625 0.171875 0.08359375 0.115625
0 0.2234375 0.37890625 0.090625 0.1453125
0 0.1234375 0.50546875 0.09296875 0.1328125
0 0.07890625 0.5796875 0.0328125 0.13125
0 0.18203125 0.55625 0.05703125 0.09375
0 0.1859375 0.6828125 0.109375 0.14375
0 0.13046875 0.9578125 0.09140625 0.15
0 0.2140625 0.8796875 0.090625 0.159375
0 0.27265625 0.76640625 0.065625 0.1265625
0 0.31640625 0.7546875 0.06015625 0.115625
0 0.42265625 0.53515625 0.096875 0.1578125
0 0.49296875 0.60703125 0.09921875 0.1484375
0 0.46953125 0.67578125 0.10078125 0.1328125
0 0.44921875 0.7609375 0.06953125 0.08125
0 0.51328125 0.8203125 0.10703125 0.16875
0 0.6109375 0.84609375 0.096875 0.1453125
0 0.45859375 0.88203125 0.078125 0.1203125
0 0.49609375 0.98984375 0.08828125 0.1140625
0 0.64140625 0.71640625 0.09765625 0.1453125
0 0.54453125 0.4046875 0.09296875 0.15
0 0.5734375 0.54140625 0.09453125 0.1296875
0 0.68203125 0.575 0.09765625 0.14375
0 0.68828125 0.44765625 0.09296875 0.1265625
0 0.6203125 0.28828125 0.10703125 0.1640625
0 0.67734375 0.2140625 0.09765625 0.14375
0 0.50703125 0.19375 0.08671875 0.121875
0 0.37421875 0.08984375 0.08046875 0.0859375
0 0.9078125 0.08984375 0.09921875 0.0859375
0 0.77890625 0.134375 0.09453125 0.140625
0 0.65546875 0.09140625 0.065625 0.0890625
0 0.80546875 0.51796875 0.10234375 0.1609375
0 0.93828125 0.32890625 0.05546875 0.0890625
0 0.74453125 0.996875 0.05 0.075
0 0.87734375 0.225 0.04140625 0.06484375
0 0.9140625 0.23046875 0.03828125 0.075
0 1 0.1109375 0.0375 0.08125
