0 1 0.77890625 0.05 0.0453125
0 0.95 0.81640625 0.06953125 0.0421875
0 0.87890625 0.69375 0.06640625 0.046875
0 0.82109375 0.69609375 0.06640625 0.0390625
0 0.434375 0.76875 0.08359375 0.046875
0 0.17109375 0.778125 0.06640625 0.053125
0 0.13046875 0.809375 0.075 0.0375
0 0.146875 0.64375 0.0859375 0.034375
0 0.33359375 0.50546875 0.0859375 0.0484375
0 0.16796875 0.49375 0.08359375 0.04375
0 0.64453125 0.5171875 0.09140625 0.05
0 0.434375 0.35 0.09453125 0.046875
0 0.4140625 0.42578125 0.0859375 0.0359375
0 0.3875 0.3890625 0.05546875 0.0375
0 1 0.440625 0.0640625 0.059375
0 0.909375 0.29921875 0.11640625 0.0484375
0 0.903125 0.3734375 0.0640625 0.05
0 0.675 0.2171875 0.0859375 0.04375
0 0.225 0.43671875 0.096875 0.0484375
0 1 0.903125 0.05546875 0.059375
0 0.665625 0.44296875 0.078125 0.0515625
0 0.21640625 0.61328125 0.0859375 0.0421875
0 0.2109375 0.35390625 0.075 0.0515625
