0 0.66953125 0.21171875 0.1328125 0.1984375
0 0.94140625 0.3796875 0.1796875 0.2375
0 0.75546875 0.5609375 0.1328125 0.20625
0 0.9453125 0.50390625 0.11875 0.0796875
0 0.77890625 0.28828125 0.1140625 0.1796875
0 0.7875 0.7140625 0.090625 0.13125
0 0.6359375 0.64375 0.140625 0.228125
0 0.5296875 0.75390625 0.140625 0.2234375
0 0.53046875 0.5625 0.1109375 0.15625
0 0.2953125 0.33046875 0.1375 0.1953125
0 0.18203125 0.43359375 0.1484375 0.2203125
0 0.15859375 0.66328125 0.1546875 0.2265625
0 0.18515625 0.8453125 0.1328125 0.184375
0 0.39921875 0.5703125 0.1171875 0.184375
0 0.35234375 0.50859375 0.1015625 0.0796875
0 0.34296875 0.66953125 0.1046875 0.0828125
0 0.42578125 0.41953125 0.0921875 0.1078125
0 0.54609375 0.415625 0.0765625 0.096875
0 0.82578125 0.9484375 0.0953125 0.1125
