0 0.13828125 0.13125 0.1515625 0.16875
0 0.1375 0.26328125 0.134375 0.0796875
0 0.26796875 0.2125 0.0984375 0.075
0 0.44296875 0.2078125 0.2671875 0.19375
0 0.49296875 0.07578125 0.2421875 0.0578125
0 0.1640625 0.375 0.196875 0.146875
0 0.16484375 0.47578125 0.2015625 0.0953125
0 0.175 0.6359375 0.225 0.203125
0 0.18671875 0.96328125 0.2015625 0.1578125
0 0.63515625 0.98515625 0.1828125 0.1234375
0 0.61484375 0.7015625 0.1609375 0.109375
0 0.70703125 0.63046875 0.2046875 0.1640625
0 0.87890625 0.7015625 0.2015625 0.14375
0 0.515625 0.69375 0.071875 0.05625
0 0.37578125 0.58359375 0.1203125 0.0703125
0 0.44921875 0.525 0.1234375 0.103125
0 0.5484375 0.55 0.165625 0.115625
0 0.42421875 0.47421875 0.1078125 0.0515625
0 0.48046875 0.384375 0.2140625 0.140625
0 0.3609375 0.43671875 0.05625 0.0640625
0 0.6328125 0.37265625 0.121875 0.1109375
0 0.375 0.36875 0.06875 0.078125
0 0.63203125 0.27578125 0.0640625 0.0609375
0 0.71796875 0.409375 0.0921875 0.075
0 0.703125 0.50859375 0.115625 0.0703125
0 0.7609375 0.34921875 0.09375 0.0796875
0 0.7265625 0.3125 0.09375 0.065625
0 0.69765625 0.2015625 0.0953125 0.078125
0 0.88671875 0.1359375 0.1390625 0.1
0 0.940625 0.1796875 0.084375 0.065625
0 1 0.1890625 0.0875 0.0875
0 1 0.07421875 0.0703125 0.0546875
0 0.934375 0.32578125 0.25 0.1953125
0 0.828125 0.24609375 0.08125 0.0609375
0 0.9578125 0.42578125 0.08125 0.0578125
0 1 0.48671875 0.0375 0.0609375
