0 0.35859375 1 0.0640625 0.0359375
0 0.5984375 1 0.078125 0.0484375
0 0.109375 0.9859375 0.078125 0.053125
0 0.15390625 0.9328125 0.0609375 0.04375
0 0.18046875 0.9625 0.06953125 0.04375
0 0.63359375 0.74609375 0.05859375 0.0421875
0 0.69609375 0.70625 0.06640625 0.040625
0 0.58203125 0.56015625 0.071875 0.0296875
0 0.19453125 0.540625 0.09140625 0.046875
0 0.31953125 0.41484375 0.096875 0.0578125
0 0.07890625 0.29140625 0.0328125 0.0578125
0 0.103125 0.38671875 0.0359375 0.0390625
0 0.434375 0.31953125 0.06640625 0.0515625
0 0.66953125 0.41875 0.096875 0.05
0 0.8609375 0.421875 0.06953125 0.034375
0 0.7109375 0.34921875 0.08046875 0.0421875
0 0.96640625 0.253125 0.103125 0.0625
0 0.93359375 0.3 0.053125 0.046875
0 0.084375 0.0828125 0.04375 0.046875
