0 0.99765625 0.77734375 0.1296875 0.2171875
0 0.14140625 0.12421875 0.1578125 0.1546875
0 0.47109375 0.84296875 0.2765625 0.3953125
0 0.3828125 0.13359375 0.09296875 0.08671875
0 0.1859375 0.85546875 0.24140625 0.33359375
0 0.29375 0.86484375 0.09609375 0.3640625
0 0.71015625 0.86796875 0.221875 0.33359375
0 0.93828125 0.90390625 0.2484375 0.2828125
0 0.71796875 0.1421875 0.1796875 0.190625
0 0.25703125 0.1765625 0.1640625 0.16015625
0 0.92734375 0.2015625 0.25703125 0.29609375
0 0.6765625 0.3125 0.23828125 0.3578125
0 0.24921875 0.31875 0.14765625 0.28359375
0 0.98828125 0.36484375 0.14140625 0.33984375
0 0.52421875 0.36796875 0.10625 0.3578125
0 0.4015625 0.3953125 0.24140625 0.4875
0 0.14453125 0.39609375 0.15078125 0.43203125
0 0.86171875 0.521875 0.13203125 0.29609375
0 0.80234375 0.6484375 0.25078125 0.3515625
0 0.54765625 0.6609375 0.1796875 0.228125
0 0.5140625 0.1234375 0.19296875 0.15234375
