0 0.44140625 1 0.103125 0.06796875
0 0.196875 1 0.040625 0.0296875
0 0.290625 0.259375 0.08046875 0.06640625
0 0.44609375 0.28515625 0.08046875 0.0578125
0 0.71796875 0.30078125 0.06640625 0.04296875
0 0.3421875 0.3328125 0.05 0.059375
0 0.4125 0.334375 0.06953125 0.06328125
0 0.31953125 0.409375 0.0859375 0.053125
0 0.41328125 0.45625 0.1 0.05859375
0 0.484375 0.4984375 0.090625 0.0578125
0 1 0.55390625 0.0359375 0.046875
0 0.75546875 0.55390625 0.075 0.04765625
0 0.54921875 0.6 0.04296875 0.03203125
0 1 0.63203125 0.0703125 0.0484375
0 0.41484375 0.6546875 0.07109375 0.046875
0 0.103125 0.66953125 0.08046875 0.0875
0 0.5890625 0.6734375 0.0640625 0.04609375
0 0.190625 0.67734375 0.140625 0.09375
0 0.3765625 0.6828125 0.06953125 0.0421875
0 0.70234375 0.8 0.04609375 0.03671875
0 0.76328125 0.803125 0.04609375 0.04140625
0 0.209375 0.871875 0.0859375 0.0515625
0 0.5609375 0.89609375 0.04453125 0.03671875
0 0.33359375 0.95390625 0.10546875 0.084375
