0 0.69453125 0.19140625 0.1140625 0.1421875
0 0.79765625 0.11171875 0.0921875 0.1140625
0 0.84609375 0.1796875 0.0828125 0.09375
0 0.93046875 0.08984375 0.0765625 0.0859375
0 0.56328125 0.08203125 0.0890625 0.0703125
0 0.73359375 0.34453125 0.1171875 0.1453125
0 0.665625 0.4 0.075 0.096875
0 0.55390625 0.36015625 0.0671875 0.0828125
0 0.45078125 0.4296875 0.0859375 0.103125
0 0.90234375 0.44296875 0.0796875 0.0984375
0 0.79765625 0.6 0.1046875 0.11875
0 0.8125 0.5234375 0.078125 0.1
0 0.7078125 0.68515625 0.125 0.1515625
0 0.7703125 0.84375 0.11875 0.13125
0 0.4125 0.7375 0.084375 0.10625
0 0.465625 0.8046875 0.078125 0.096875
0 0.3890625 0.8125 0.0875 0.090625
0 0.2125 0.8296875 0.0625 0.08125
0 0.23359375 0.9578125 0.0859375 0.125
0 0.33828125 0.97265625 0.0828125 0.0984375
0 0.3484375 1 0.0875 0.034375
0 0.26328125 1 0.0796875 0.040625
0 0.5109375 1 0.04375 0.0640625
0 0.59140625 0.90546875 0.0671875 0.0828125
0 0.309375 0.39921875 0.05 0.0546875
0 0.14140625 0.3984375 0.0453125 0.05625
0 0.0921875 0.54453125 0.05 0.0578125
0 0.0796875 0.66796875 0.034375 0.0828125
0 0.33828125 0.6265625 0.0734375 0.08125
0 0.49609375 0.59609375 0.0703125 0.0859375
0 0.31640625 0.5421875 0.0765625 0.075
0 0.31640625 0.546875 0.0765625 0.078125
0 0.75546875 0.94453125 0.0640625 0.0671875
0 0.61875 0.859375 0.0625 0.071875
0 0.90078125 0.18046875 0.0421875 0.0984375
0 0.240625 0.4796875 0.04375 0.040625
