0 0.2484375 0.24375 0.08359375 0.06875
0 0.47421875 0.3 0.1109375 0.08515625
0 0.31640625 0.35234375 0.103125 0.06875
0 0.56796875 0.14765625 0.071875 0.04375
0 0.70390625 0.225 0.08359375 0.08515625
0 0.765625 0.30390625 0.09453125 0.06875
0 0.9375 0.10546875 0.10546875 0.1
0 1 0.2375 0.09140625 0.07265625
0 0.41953125 0.48125 0.103125 0.08515625
0 0.4125 0.56953125 0.1 0.09140625
0 0.478125 0.640625 0.096875 0.08359375
0 0.3859375 0.6546875 0.0859375 0.075
0 0.803125 0.57265625 0.1359375 0.09765625
0 0.78984375 0.7125 0.11953125 0.07265625
0 0.7 0.90625 0.075 0.05625
0 0.39765625 1 0.08046875 0.04765625
