0 1 0.4109375 0.0859375 0.11875
0 0.9296875 0.61953125 0.096875 0.1015625
0 0.95625 0.5125 0.090625 0.09375
0 0.73203125 0.56171875 0.1296875 0.1453125
0 0.8234375 0.6546875 0.0875 0.096875
0 0.91875 0.80703125 0.0875 0.0890625
0 0.5859375 0.95078125 0.121875 0.1203125
0 0.34765625 0.87265625 0.1359375 0.1484375
0 0.21875 0.87109375 0.140625 0.1484375
0 0.22109375 0.60625 0.1984375 0.20625
0 0.3578125 0.46953125 0.171875 0.2078125
0 0.47421875 0.5421875 0.1203125 0.128125
0 0.565625 0.615625 0.134375 0.128125
0 0.65078125 0.64765625 0.1109375 0.1234375
