0 0.93671875 0.39453125 0.2296875 0.3453125
0 0.1828125 0.2453125 0.228125 0.340625
0 0.60234375 0.9046875 0.2609375 0.28125
0 0.6484375 0.303125 0.215625 0.309375
0 0.2125 0.51015625 0.18125 0.2890625
0 0.78828125 0.59296875 0.1890625 0.3734375
0 0.628125 0.6390625 0.28125 0.396875
0 0.4671875 0.36328125 0.284375 0.3890625
0 0.30390625 0.64609375 0.2890625 0.3953125
0 0.35078125 0.2921875 0.1984375 0.325
0 0.43984375 0.13515625 0.2078125 0.1203125
0 0.3359375 0.8828125 0.234375 0.278125
0 0.73828125 0.20234375 0.2140625 0.3109375
