0 0.096875 0.96875 0.06875 0.15
0 0.31640625 0.79453125 0.0859375 0.1421875
0 0.48203125 0.84921875 0.1203125 0.1671875
0 0.8375 0.93515625 0.090625 0.1578125
0 0.96015625 0.96484375 0.1078125 0.1390625
0 0.93984375 0.8328125 0.0859375 0.1375
0 1 0.78046875 0.06875 0.1078125
0 0.978125 0.71015625 0.071875 0.0921875
0 1 0.56875 0.0296875 0.10625
0 0.8453125 0.60546875 0.115625 0.1578125
0 0.85078125 0.46640625 0.1046875 0.1296875
0 0.94609375 0.52265625 0.0828125 0.1265625
0 1 0.396875 0.096875 0.125
0 0.79375 0.259375 0.103125 0.146875
0 0.8109375 0.1875 0.1 0.103125
0 0.89921875 0.184375 0.1046875 0.140625
0 0.97578125 0.13828125 0.1078125 0.1359375
0 0.85703125 0.0828125 0.1109375 0.071875
0 0.73984375 0.065625 0.1078125 0.0375
0 0.6953125 0.27734375 0.075 0.1421875
0 0.72578125 0.35625 0.0953125 0.13125
0 0.7046875 0.5359375 0.096875 0.1375
0 0.53984375 0.6171875 0.1078125 0.171875
0 0.3953125 0.57890625 0.096875 0.1421875
0 0.490625 0.5640625 0.1 0.153125
0 0.37265625 0.45 0.1078125 0.159375
0 0.45390625 0.3515625 0.0859375 0.15
0 0.25390625 0.509375 0.1234375 0.146875
0 0.140625 0.43984375 0.1 0.1421875
0 0.0875 0.51875 0.05 0.11875
0 0.10703125 0.2734375 0.0890625 0.159375
0 0.19921875 0.10390625 0.1421875 0.1140625
0 0.265625 0.23203125 0.096875 0.1359375
0 0.39765625 0.17265625 0.0796875 0.1078125
0 0.42890625 0.11015625 0.1015625 0.1265625
0 0.540625 0.16953125 0.075 0.1015625
0 0.58828125 0.2484375 0.1015625 0.1375
