0 0.39453125 1 0.0484375 0.03828125
0 0.43671875 1 0.0453125 0.03828125
0 0.3671875 0.95703125 0.0609375 0.0375
0 0.428125 0.84296875 0.08515625 0.0546875
0 0.65625 0.9640625 0.08828125 0.05546875
0 0.7078125 0.8921875 0.05546875 0.0484375
0 0.9625 0.8625 0.06328125 0.03828125
0 0.47890625 0.7640625 0.059375 0.040625
0 0.3734375 0.7171875 0.0515625 0.046875
0 0.50703125 0.715625 0.05859375 0.0328125
0 0.78984375 0.71796875 0.05078125 0.04140625
0 0.9796875 0.6828125 0.06796875 0.03828125
0 0.69921875 0.6671875 0.090625 0.05625
0 0.55078125 0.6359375 0.075 0.02734375
0 0.22578125 0.55703125 0.1015625 0.05390625
0 0.3640625 0.5875 0.06953125 0.05859375
0 0.69921875 0.525 0.08046875 0.06328125
0 0.6265625 0.3453125 0.05 0.04296875
0 0.54609375 0.28359375 0.08125 0.053125
0 0.91484375 0.21640625 0.09921875 0.05390625
