0 0.8171875 0.09921875 0.18359375 0.10234375
0 0.42890625 0.1046875 0.06953125 0.0703125
0 0.57890625 0.1390625 0.0765625 0.07734375
0 0.14921875 0.1078125 0.1234375 0.09375
0 0.14296875 0.19921875 0.1453125 0.1203125
0 0.371875 0.16796875 0.0609375 0.0671875
0 0.5390625 0.47421875 0.0390625 0.0625
0 0.81171875 0.39375 0.12421875 0.10859375
0 1 0.175 0.0890625 0.1171875
0 0.103125 0.33203125 0.07890625 0.09765625
0 0.46171875 0.69296875 0.16328125 0.1328125
0 0.56953125 0.703125 0.09375 0.10546875
0 0.90234375 0.53828125 0.15 0.159375
0 0.946875 0.7078125 0.078125 0.06484375
0 0.95625 0.6453125 0.06640625 0.06328125
0 0.5734375 1 0.109375 0.0578125
