0 0.66171875 0.2140625 0.3171875 0.31875
0 0.35 0.375 0.31875 0.296875
0 0.61796875 0.51796875 0.2984375 0.2859375
0 0.77421875 0.3890625 0.1609375 0.21875
0 0.8203125 0.62734375 0.2875 0.2703125
0 0.90234375 0.8765625 0.3203125 0.328125
0 0.49296875 1 0.1546875 0.0734375
0 0.60703125 0.7828125 0.2734375 0.303125
0 0.44375 0.775 0.171875 0.2875
0 0.2890625 0.659375 0.26875 0.278125
0 0.2453125 0.85078125 0.275 0.2328125
0 0.1203125 0.6375 0.115625 0.21875
0 0.09765625 0.48671875 0.0703125 0.1046875
0 0.078125 0.8546875 0.03125 0.178125
0 1 0.5203125 0.0703125 0.090625
0 1 0.575 0.025 0.084375
0 1 0.7421875 0.0375 0.071875
0 0.87734375 0.171875 0.1078125 0.115625
0 0.85859375 0.07578125 0.1734375 0.0578125
0 0.99609375 0.165625 0.0953125 0.090625
0 1 0.0828125 0.0828125 0.071875
