0 0.1984375 0.0984375 0.103125 0.103125
0 0.125 0.33671875 0.125 0.2078125
0 0.4015625 0.41953125 0.128125 0.1703125
0 0.36328125 0.559375 0.1109375 0.15625
0 0.26953125 0.371875 0.0921875 0.11875
0 0.1890625 0.41484375 0.115625 0.1515625
0 0.7796875 0.0984375 0.1125 0.103125
0 0.72734375 0.30546875 0.0984375 0.1359375
0 0.8 0.3953125 0.0875 0.153125
0 0.68125 0.39296875 0.125 0.1203125
0 0.65546875 0.51875 0.1171875 0.165625
0 0.74765625 0.50546875 0.0515625 0.1234375
0 0.6140625 0.7125 0.0875 0.121875
0 0.4921875 0.85859375 0.115625 0.1859375
0 0.6015625 0.86015625 0.103125 0.1546875
0 0.7765625 0.98671875 0.115625 0.1203125
0 0.61015625 0.99375 0.0859375 0.103125
0 0.53125 1 0.1 0.075
0 0.440625 0.7703125 0.053125 0.078125
0 0.853125 0.07734375 0.053125 0.0546875
0 0.728125 0.76796875 0.0375 0.1015625
