0 0.9375 0.99140625 0.08359375 0.0515625
0 1 0.9515625 0.075 0.05
0 1 0.915625 0.04140625 0.0375
0 0.9390625 0.92109375 0.0640625 0.0515625
0 0.73046875 0.7578125 0.075 0.04375
0 0.8625 0.7640625 0.06640625 0.040625
0 0.653125 0.79921875 0.09140625 0.0453125
0 0.403125 0.8671875 0.0640625 0.05
0 0.428125 0.9625 0.075 0.0375
0 0.096875 0.665625 0.06875 0.053125
0 0.24453125 0.6421875 0.103125 0.059375
0 0.309375 0.59296875 0.09453125 0.0703125
0 0.540625 0.57890625 0.0890625 0.0484375
0 1 0.39921875 0.075 0.0640625
0 0.81796875 0.32421875 0.1 0.0671875
0 0.7125 0.309375 0.06640625 0.05
0 1 0.25390625 0.046875 0.0515625
