0 0.08828125 0.07578125 0.0515625 0.0578125
0 0.17265625 0.2234375 0.0984375 0.1
0 0.103125 0.3234375 0.08125 0.115625
0 0.2796875 0.31171875 0.134375 0.1265625
0 0.4640625 0.31875 0.115625 0.13125
0 0.14296875 0.44609375 0.0796875 0.0640625
0 0.08515625 0.55234375 0.0453125 0.1015625
0 0.2671875 0.5875 0.115625 0.109375
0 0.35703125 0.81484375 0.1109375 0.1203125
0 0.38046875 0.71796875 0.1015625 0.0578125
0 0.428125 0.79375 0.071875 0.103125
0 0.4609375 0.90078125 0.11875 0.1078125
0 0.5265625 1 0.121875 0.04375
0 0.63515625 0.72734375 0.1234375 0.1171875
0 0.80546875 0.6921875 0.1296875 0.146875
0 0.93984375 0.65703125 0.1046875 0.0921875
0 0.90078125 0.40703125 0.1578125 0.1484375
0 0.5859375 0.51796875 0.075 0.0484375
0 0.53359375 0.65859375 0.0828125 0.0953125
0 0.62578125 0.63984375 0.0953125 0.0640625
0 0.39296875 0.5421875 0.0578125 0.05
0 0.81484375 0.209375 0.0515625 0.053125
0 0.66484375 0.3203125 0.0703125 0.08125
0 0.64765625 0.26171875 0.0578125 0.0609375
0 0.5140625 0.4609375 0.0375 0.046875
0 0.578125 0.44609375 0.06875 0.0453125
0 0.6140625 0.403125 0.065625 0.05
0 0.38515625 0.3296875 0.0515625 0.04375
0 0.68359375 0.53828125 0.0609375 0.0734375
0 1 0.28671875 0.0375 0.0515625
0 0.99140625 0.08984375 0.0546875 0.0421875
0 0.80546875 0.14140625 0.0453125 0.0515625
0 0.87265625 0.184375 0.0484375 0.05625
0 0.671875 0.45703125 0.053125 0.0484375
0 0.78671875 0.4640625 0.0546875 0.065625
0 0.721875 0.7796875 0.04375 0.04375
0 0.66015625 0.86015625 0.0484375 0.0515625
0 0.7296875 0.8671875 0.05 0.040625
0 1 0.746875 0.0328125 0.0375
