0 0.14921875 0.39375 0.07109375 0.028125
0 0.34375 0.3609375 0.07421875 0.046875
0 0.30234375 0.4578125 0.0765625 0.034375
0 0.30078125 0.48671875 0.03984375 0.0296875
0 0.425 0.4640625 0.04296875 0.040625
0 0.61484375 0.36484375 0.059375 0.0421875
0 0.6234375 0.31015625 0.0765625 0.0359375
0 0.73828125 0.47578125 0.0625 0.0359375
0 0.43046875 0.59140625 0.065625 0.0265625
0 0.3296875 0.55703125 0.05078125 0.0390625
0 0.61640625 0.61875 0.07421875 0.0375
0 1 0.59921875 0.059375 0.0390625
0 1 0.56015625 0.0796875 0.0390625
0 1 0.69375 0.08203125 0.0375
0 0.32421875 0.790625 0.05078125 0.021875
0 1 0.3734375 0.07421875 0.03125
0 0.9671875 0.39609375 0.05390625 0.0234375
0 0.953125 0.36640625 0.059375 0.0234375
