0 0.0984375 1 0.0609375 0.053125
0 0.5015625 0.99765625 0.078125 0.0484375
0 0.5625 0.9828125 0.05546875 0.04375
0 0.84453125 1 0.08046875 0.04375
0 0.67890625 0.83984375 0.09453125 0.0546875
0 0.75859375 0.73359375 0.06953125 0.0484375
0 0.94296875 0.69296875 0.078125 0.0484375
0 1 0.60859375 0.0609375 0.0359375
0 0.66953125 0.7078125 0.05859375 0.040625
0 0.52890625 0.61328125 0.121875 0.0265625
0 0.11796875 0.51640625 0.1109375 0.0578125
0 0.7359375 0.4515625 0.04140625 0.040625
0 0.8390625 0.4625 0.103125 0.05
0 0.3640625 0.23984375 0.0859375 0.0484375
0 0.45390625 0.34921875 0.071875 0.0515625
0 0.1859375 0.08125 0.153125 0.065625
0 0.77890625 0.3203125 0.06640625 0.046875
0 0.94296875 0.3046875 0.13359375 0.05625
0 0.5109375 0.81484375 0.103125 0.0703125
