0 0.27265625 0.09453125 0.1234375 0.09296875
0 0.71015625 0.0859375 0.121875 0.0765625
0 0.66796875 0.1875 0.05078125 0.059375
0 0.1203125 0.22890625 0.1140625 0.146875
0 0.2328125 0.2265625 0.13984375 0.159375
0 0.10234375 0.55078125 0.078125 0.04375
0 0.25703125 0.57578125 0.178125 0.19375
0 0.1015625 0.715625 0.0765625 0.07734375
0 0.7171875 0.38046875 0.1296875 0.128125
0 0.6890625 0.446875 0.09375 0.08671875
0 0.61875 0.5609375 0.1078125 0.1140625
0 0.67421875 0.6484375 0.034375 0.06328125
0 0.63359375 0.73671875 0.053125 0.0453125
0 0.58828125 0.89375 0.03984375 0.05
0 0.9484375 0.23515625 0.1046875 0.1453125
0 1 0.31640625 0.02421875 0.10390625
0 0.91484375 0.5109375 0.1515625 0.1453125
0 1 0.55 0.05546875 0.05390625
