0 0.471875 0.09921875 0.09375 0.1046875
0 0.46953125 0.1953125 0.0921875 0.103125
0 0.3984375 0.19921875 0.06875 0.0984375
0 0.8640625 0.09765625 0.090625 0.1015625
0 0.65078125 0.209375 0.0796875 0.096875
0 0.70546875 0.24296875 0.0796875 0.0953125
0 0.87734375 0.23046875 0.0828125 0.1015625
0 0.96796875 0.20703125 0.0796875 0.0671875
0 0.79375 0.3453125 0.075 0.078125
0 0.6 0.41796875 0.06875 0.0859375
0 0.64609375 0.35390625 0.0671875 0.0671875
0 0.50390625 0.2796875 0.0421875 0.078125
0 0.55078125 0.27578125 0.0765625 0.0828125
0 0.2453125 0.30234375 0.096875 0.1171875
0 0.134375 0.3921875 0.09375 0.090625
0 0.375 0.40546875 0.0625 0.0921875
0 0.4265625 0.39140625 0.071875 0.0984375
0 0.65859375 0.4421875 0.0546875 0.084375
0 0.70390625 0.45703125 0.0546875 0.0828125
0 0.7375 0.47421875 0.04375 0.0703125
0 0.80625 0.5171875 0.0625 0.084375
0 0.9265625 0.628125 0.065625 0.084375
0 0.96953125 0.5921875 0.0796875 0.078125
0 0.875 0.6390625 0.0625 0.0875
0 0.7125 0.675 0.065625 0.084375
0 0.64296875 0.58828125 0.0609375 0.0671875
0 0.7046875 0.5546875 0.05625 0.071875
0 0.115625 0.61484375 0.034375 0.0609375
0 0.15546875 0.54765625 0.0734375 0.0796875
0 0.18671875 0.60390625 0.0484375 0.0484375
0 0.275 0.55078125 0.078125 0.0796875
0 0.32890625 0.684375 0.0609375 0.06875
0 0.39453125 0.6875 0.0640625 0.078125
0 0.40234375 0.7875 0.0640625 0.065625
0 0.453125 0.771875 0.059375 0.065625
0 0.5046875 0.725 0.053125 0.0625
0 0.42890625 0.95078125 0.0703125 0.0734375
0 0.45078125 0.89140625 0.0640625 0.0671875
0 0.21640625 0.74609375 0.0734375 0.0671875
0 0.14609375 0.8453125 0.0546875 0.05625
0 0.309375 0.77734375 0.065625 0.0703125
0 0.87265625 0.7875 0.0734375 0.08125
0 1 0.84609375 0.0578125 0.0515625
0 1 0.79765625 0.0671875 0.0640625
0 0.7453125 0.93828125 0.06875 0.0734375
0 0.54921875 0.9359375 0.0546875 0.05
0 0.62265625 0.940625 0.0515625 0.053125
0 0.44453125 0.55234375 0.0515625 0.0609375
0 0.49609375 0.55 0.0640625 0.0875
0 0.59140625 0.5046875 0.0609375 0.075
0 0.609375 0.88359375 0.065625 0.0671875
0 0.334375 0.6171875 0.05625 0.05
