0 0.58359375 0.22109375 0.1453125 0.2328125
0 0.36796875 0.2765625 0.1296875 0.2125
0 0.2765625 0.659375 0.159375 0.246875
0 0.5140625 0.51953125 0.14375 0.2234375
0 0.78671875 0.3421875 0.0890625 0.134375
0 0.828125 0.303125 0.09375 0.134375
0 0.93046875 0.1453125 0.1015625 0.153125
0 0.971875 0.09375 0.090625 0.09375
0 0.80625 0.5828125 0.14375 0.209375
0 0.94453125 0.58984375 0.1359375 0.1921875
0 0.6453125 0.5109375 0.1625 0.1375
0 0.66484375 0.64609375 0.1171875 0.1421875
0 0.71328125 0.828125 0.1578125 0.2375
0 0.8828125 0.7671875 0.125 0.2
0 1 0.81484375 0.125 0.1765625
0 0.4765625 0.87109375 0.140625 0.2109375
0 0.1875 0.88203125 0.13125 0.2203125
0 0.315625 0.89453125 0.13125 0.1953125
0 0.3984375 0.815625 0.109375 0.153125
0 0.52421875 0.953125 0.0921875 0.128125
