0 0.1234375 0.21015625 0.121875 0.1390625
0 0.31640625 0.76953125 0.1515625 0.1296875
0 0.92890625 0.13984375 0.2671875 0.1859375
0 0.83046875 0.28046875 0.2140625 0.1484375
0 0.6 0.29921875 0.1875 0.1265625
0 0.5453125 0.09765625 0.171875 0.1015625
0 0.33828125 0.43125 0.1671875 0.103125
0 0.6578125 0.4734375 0.196875 0.15
0 0.79453125 0.7515625 0.1328125 0.125
0 0.67109375 0.80703125 0.1859375 0.1265625
0 0.6234375 0.94375 0.153125 0.10625
0 0.72421875 0.9453125 0.0671875 0.08125
0 0.44453125 0.9421875 0.1484375 0.096875
