0 0.084375 0.9375 0.04375 0.04375
0 0.1390625 0.925 0.05859375 0.0375
0 0.159375 0.79375 0.09453125 0.05625
0 0.41640625 0.64609375 0.08046875 0.0546875
0 0.24609375 0.68828125 0.071875 0.0515625
0 0.4765625 0.60859375 0.071875 0.0484375
0 0.715625 0.590625 0.121875 0.05625
0 0.78046875 0.55078125 0.10859375 0.0546875
0 0.746875 0.81328125 0.0640625 0.0484375
0 0.76640625 0.90625 0.08046875 0.03125
0 0.70703125 0.83984375 0.06640625 0.0390625
0 0.29296875 0.43046875 0.09453125 0.0609375
0 0.39140625 0.42578125 0.0640625 0.0515625
0 0.38359375 0.26875 0.103125 0.040625
