0 0.14296875 0.590625 0.08359375 0.13359375
0 0.09609375 0.88984375 0.06640625 0.1140625
0 0.2875 0.63046875 0.07109375 0.08359375
0 0.33359375 0.7328125 0.08359375 0.1109375
0 0.36796875 0.84296875 0.08359375 0.103125
0 0.52578125 0.4953125 0.09765625 0.146875
0 0.53359375 0.60078125 0.07890625 0.096875
0 0.49140625 0.70625 0.08359375 0.10859375
0 0.56015625 0.8 0.09140625 0.10546875
0 0.61796875 0.68125 0.09375 0.1140625
0 0.659375 0.61640625 0.09375 0.14453125
0 0.75078125 0.6078125 0.09375 0.14453125
0 0.715625 0.7875 0.10234375 0.1359375
0 0.73359375 0.93046875 0.1125 0.14453125
0 0.909375 0.87578125 0.12265625 0.14140625
0 0.94375 0.746875 0.07890625 0.1390625
0 1 0.459375 0.1 0.14140625
0 0.93515625 0.27734375 0.06640625 0.1
0 0.93125 0.10546875 0.10390625 0.1109375
0 0.57578125 0.10390625 0.04375 0.053125
0 0.46796875 0.1875 0.03515625 0.04140625
0 0.18515625 0.26328125 0.025 0.0390625
0 0.16484375 0.721875 0.0796875 0.109375
0 0.090625 0.70859375 0.053125 0.0953125
0 0.46171875 0.27265625 0.03203125 0.03203125
