0 0.4328125 0.43203125 0.06796875 0.140625
0 0.359375 0.48203125 0.075 0.125
0 0.153125 0.41640625 0.084375 0.13515625
0 0.3484375 0.796875 0.05625 0.10390625
0 0.69765625 0.109375 0.0796875 0.125
0 0.56953125 0.42578125 0.05859375 0.1484375
0 0.590625 0.6546875 0.06640625 0.12734375
0 0.6546875 0.48984375 0.04296875 0.09375
0 0.540625 0.4859375 0.0546875 0.08046875
0 0.38203125 0.89296875 0.046875 0.11484375
0 0.4328125 0.90234375 0.05 0.09140625
0 0.92734375 0.93984375 0.0546875 0.09921875
0 0.125 0.46875 0.075 0.10390625
0 0.26484375 0.41953125 0.06328125 0.15078125
