0 0.0921875 0.9328125 0.059375 0.04609375
0 0.6609375 0.7625 0.0890625 0.05234375
0 0.53515625 0.8390625 0.06796875 0.03984375
0 0.121875 0.69609375 0.0953125 0.05234375
0 0.09453125 0.6546875 0.0640625 0.05390625
0 0.2953125 0.6015625 0.08984375 0.04765625
0 0.33203125 0.52734375 0.078125 0.04140625
0 0.378125 0.4921875 0.08671875 0.05234375
0 0.89296875 0.5296875 0.0765625 0.02578125
0 0.63515625 0.40546875 0.07890625 0.05390625
0 0.77421875 0.2953125 0.1140625 0.07265625
0 0.409375 0.2140625 0.0609375 0.05078125
0 0.4734375 0.15625 0.09375 0.06484375
0 0.8828125 0.1296875 0.09609375 0.059375
0 0.43125 1 0.07421875 0.03203125
