0 0.50703125 0.1765625 0.1984375 0.175
0 0.1359375 0.20234375 0.146875 0.1265625
0 0.38203125 0.43203125 0.1640625 0.1421875
0 0.51875 0.390625 0.171875 0.14375
0 0.8390625 0.55703125 0.1125 0.0796875
0 0.5234375 0.54296875 0.115625 0.0734375
0 0.57265625 0.58046875 0.0734375 0.0859375
0 0.690625 0.58828125 0.084375 0.0796875
0 0.790625 0.69765625 0.08125 0.0640625
0 0.62734375 0.7875 0.0828125 0.0625
0 0.5984375 0.69609375 0.090625 0.0484375
0 0.44375 0.6625 0.078125 0.05
0 0.409375 0.58515625 0.0875 0.0578125
0 0.1921875 0.77578125 0.065625 0.0515625
0 0.4125 0.7453125 0.065625 0.053125
0 0.1234375 0.80546875 0.084375 0.0515625
