0 0.33515625 0.21484375 0.0625 0.0359375
0 0.48984375 0.2296875 0.0484375 0.028125
0 0.46328125 0.26484375 0.05703125 0.0265625
0 0.52421875 0.30390625 0.03671875 0.0296875
0 0.51953125 0.2578125 0.0453125 0.021875
0 0.49453125 0.34140625 0.05703125 0.0359375
0 0.39609375 0.3546875 0.03671875 0.025
0 0.33984375 0.34140625 0.0484375 0.0296875
0 0.3734375 0.3984375 0.059375 0.0375
0 0.4515625 0.4 0.0453125 0.025
0 0.30390625 0.40078125 0.05078125 0.0359375
0 0.40234375 0.44609375 0.05390625 0.0296875
0 0.56796875 0.409375 0.05703125 0.025
0 0.27265625 0.53515625 0.06796875 0.0296875
0 0.2953125 0.5609375 0.05078125 0.03125
0 0.32109375 0.58828125 0.05078125 0.0265625
0 0.57421875 0.5625 0.0625 0.01875
0 0.47734375 0.653125 0.06796875 0.034375
0 0.43046875 0.64765625 0.04296875 0.0234375
0 0.68359375 0.68125 0.03671875 0.025
0 0.42578125 0.559375 0.05078125 0.01875
0 0.921875 0.54609375 0.065625 0.0296875
0 0.8578125 0.6125 0.0453125 0.0375
0 0.99296875 0.24453125 0.07109375 0.0359375
0 0.89921875 0.36171875 0.04296875 0.0390625
0 0.84921875 0.35625 0.03984375 0.03125
0 0.81796875 0.36484375 0.034375 0.0234375
0 0.86640625 0.4828125 0.0625 0.0375
0 0.6546875 0.5796875 0.065625 0.0125
