0 0.2609375 0.13203125 0.04609375 0.06640625
0 0.3453125 0.18671875 0.0703125 0.0734375
0 0.4015625 0.26484375 0.06875 0.046875
0 0.190625 0.4890625 0.053125 0.0890625
0 0.7328125 0.10234375 0.1609375 0.109375
0 0.971875 0.15625 0.18046875 0.1875
0 0.8953125 0.53515625 0.1546875 0.16796875
0 0.3625 0.6890625 0.103125 0.12578125
0 0.56484375 0.68359375 0.121875 0.115625
0 0.6390625 0.78984375 0.059375 0.05859375
0 0.3875 0.925 0.1203125 0.12890625
0 0.1 0.9125 0.0734375 0.1453125
0 1 0.89453125 0.0453125 0.1390625
