0 0.5671875 0.19609375 0.25625 0.1984375
0 0.81953125 0.2671875 0.1765625 0.1375
0 0.98828125 0.24296875 0.1390625 0.1328125
0 1 0.1640625 0.0765625 0.128125
0 0.69609375 0.43203125 0.1453125 0.1328125
0 0.3984375 0.66953125 0.396875 0.3171875
0 0.1328125 0.48671875 0.1125 0.1015625
0 0.10703125 0.584375 0.0890625 0.11875
0 0.11484375 0.821875 0.0984375 0.0875
0 0.16796875 0.76953125 0.0921875 0.0859375
0 0.73046875 0.6625 0.1234375 0.1125
0 0.83359375 0.81171875 0.1203125 0.0984375
0 1 0.83359375 0.1109375 0.1046875
0 0.771875 0.91640625 0.125 0.1046875
0 0.81796875 1 0.1390625 0.071875
0 0.39296875 1 0.1015625 0.071875
0 0.36328125 0.8890625 0.0515625 0.046875
0 0.4265625 0.875 0.084375 0.075
0 0.59296875 0.93671875 0.0921875 0.0953125
0 0.3 1 0.125 0.0625
0 0.628125 0.7640625 0.103125 0.084375
0 0.68125 0.940625 0.05625 0.05625
0 0.67109375 0.875 0.0671875 0.05
0 0.528125 0.9828125 0.05625 0.046875
0 0.1 0.9640625 0.05 0.046875
0 0.18359375 1 0.0765625 0.0453125
0 0.21171875 0.9734375 0.0796875 0.0625
0 0.42109375 0.13515625 0.1296875 0.1015625
