0 0.625 0.278125 0.31875 0.4625
0 0.86015625 0.58046875 0.3328125 0.4453125
0 0.52421875 0.659375 0.2828125 0.41875
0 0.53671875 0.96015625 0.1390625 0.1734375
0 0.36484375 0.74453125 0.1453125 0.2890625
0 0.25078125 0.8765625 0.2515625 0.340625
0 0.13515625 0.80625 0.1421875 0.253125
0 0.115625 0.9671875 0.096875 0.128125
0 0.78046875 0.9171875 0.0453125 0.053125
0 0.88046875 0.83671875 0.0453125 0.0421875
0 0.17890625 0.128125 0.0359375 0.05625
0 0.1421875 0.0921875 0.040625 0.040625
0 0.39140625 0.1625 0.0421875 0.040625
