0 0.31328125 0.49375 0.2015625 0.31875
0 0.42890625 0.3828125 0.175 0.28203125
0 0.578125 0.40703125 0.12578125 0.26015625
0 0.7234375 0.28125 0.1921875 0.2734375
0 0.8625 0.14765625 0.23515625 0.2015625
0 0.7125 0.1109375 0.09765625 0.128125
0 0.715625 0.49375 0.1359375 0.2046875
0 0.82109375 0.65703125 0.1546875 0.24296875
0 0.99609375 0.8984375 0.1328125 0.175
0 0.9046875 1 0.18046875 0.0734375
0 0.61484375 0.68359375 0.1671875 0.2921875
0 0.4734375 0.7078125 0.1453125 0.26171875
0 0.17734375 0.73671875 0.14921875 0.228125
0 0.32109375 0.93046875 0.1453125 0.2328125
0 0.42578125 0.975 0.1359375 0.14375
