0 0.3453125 0.15234375 0.18125 0.1515625
0 0.60859375 0.09609375 0.2078125 0.0984375
0 0.4359375 0.103125 0.1 0.0875
0 0.4625 0.08515625 0.08125 0.0765625
0 0.9875 0.13671875 0.14375 0.1734375
0 0.778125 0.08671875 0.153125 0.0796875
0 0.71015625 0.1984375 0.1484375 0.1125
0 0.84765625 0.28515625 0.1296875 0.1140625
0 0.69609375 0.30859375 0.1109375 0.0953125
0 0.5390625 0.2640625 0.15 0.11875
0 0.375 0.54140625 0.146875 0.1109375
0 0.1125 0.72734375 0.1 0.1015625
0 0.4078125 0.78828125 0.11875 0.0671875
0 0.35859375 0.8765625 0.0796875 0.065625
0 0.30078125 0.94140625 0.0859375 0.0609375
0 0.68515625 0.84765625 0.1015625 0.0703125
0 0.88125 0.85859375 0.1125 0.0765625
0 0.81015625 0.6921875 0.0953125 0.06875
0 0.7359375 0.59609375 0.09375 0.0546875
0 0.84140625 0.428125 0.0921875 0.0625
0 0.8109375 0.3421875 0.115625 0.08125
0 0.45859375 0.67265625 0.1171875 0.0703125
0 0.6015625 0.7328125 0.065625 0.04375
0 0.25703125 0.76484375 0.0953125 0.0484375
0 0.13203125 0.35625 0.1234375 0.109375
0 0.1359375 0.27734375 0.13125 0.0515625
0 0.6765625 0.540625 0.065625 0.0625
0 0.7453125 0.5078125 0.103125 0.078125
0 0.53125 0.646875 0.053125 0.046875
