0 0.10625 0.1453125 0.0875 0.19375
0 0.78515625 0.646875 0.2453125 0.2390625
0 0.3609375 0.7265625 0.259375 0.25546875
0 0.60546875 0.38828125 0.2390625 0.2296875
0 0.4921875 0.19453125 0.27578125 0.24375
0 0.43203125 0.3640625 0.1921875 0.21640625
0 0.49765625 0.4984375 0.20078125 0.1671875
0 0.67734375 0.159375 0.17265625 0.2109375
0 0.74609375 0.078125 0.1921875 0.0625
0 0.94921875 0.43125 0.2265625 0.253125
0 0.7859375 0.65078125 0.265625 0.271875
0 0.36953125 0.73125 0.28828125 0.28515625
0 0.23125 0.4875 0.2578125 0.21796875
0 0.1875 0.7828125 0.17890625 0.17890625
0 0.484375 0.64375 0.14765625 0.17890625
0 0.69140625 0.79765625 0.16953125 0.1671875
