0 0.703125 0.54375 0.175 0.15
0 0.85 0.47421875 0.165625 0.1390625
0 0.56328125 0.38671875 0.1546875 0.1046875
0 0.5734375 0.48984375 0.15625 0.1296875
0 0.42578125 0.50703125 0.1609375 0.1515625
0 0.3234375 0.60859375 0.1875 0.1484375
0 0.1609375 0.52265625 0.196875 0.1515625
0 0.21015625 0.303125 0.1609375 0.196875
0 0.32265625 0.12578125 0.1046875 0.1078125
0 0.36875 0.165625 0.090625 0.090625
0 0.58203125 0.6625 0.1234375 0.1
0 0.51640625 0.753125 0.1109375 0.090625
0 0.63125 0.775 0.103125 0.1
0 0.49140625 0.85546875 0.1078125 0.1015625
0 0.61875 0.88125 0.140625 0.096875
0 0.53671875 0.921875 0.1140625 0.078125
0 0.809375 0.690625 0.075 0.059375
0 0.8234375 0.590625 0.103125 0.090625
