0 0.121875 0.43125 0.0453125 0.025
0 0.12890625 0.40390625 0.07109375 0.0234375
0 0.38046875 0.33046875 0.07421875 0.0296875
0 0.36796875 0.39921875 0.065625 0.0328125
0 0.33515625 0.47421875 0.0453125 0.0265625
0 0.28828125 0.5265625 0.04296875 0.03125
0 0.38515625 0.5734375 0.059375 0.03125
0 0.184375 0.60625 0.05078125 0.028125
0 0.53671875 0.63515625 0.0453125 0.0234375
0 0.871875 0.27109375 0.05078125 0.0390625
0 0.9078125 0.259375 0.07109375 0.0375
0 0.97734375 0.20546875 0.05078125 0.0359375
0 1 0.16484375 0.05703125 0.0328125
0 0.8296875 0.51015625 0.06796875 0.0234375
0 0.8265625 0.48203125 0.0625 0.0296875
0 0.90234375 0.5828125 0.0484375 0.025
0 0.903125 0.56015625 0.0625 0.0203125
0 0.7359375 0.61875 0.0625 0.034375
0 0.9703125 0.64765625 0.065625 0.0265625
0 0.97890625 0.67109375 0.04296875 0.0265625
0 0.35390625 0.67421875 0.065625 0.0328125
