0 0.1015625 0.48359375 0.078125 0.0578125
0 0.1390625 0.69921875 0.0859375 0.0484375
0 0.234375 0.66171875 0.0890625 0.0453125
0 0.4125 0.6390625 0.09453125 0.059375
0 0.475 0.5953125 0.103125 0.0625
0 0.696875 0.5828125 0.09140625 0.05
0 0.88359375 0.76328125 0.09140625 0.0546875
0 1 0.77109375 0.05859375 0.0421875
0 0.8 0.796875 0.09140625 0.05
0 0.5265625 0.86015625 0.071875 0.0515625
0 0.5515625 0.95703125 0.06640625 0.0359375
0 0.88046875 0.3171875 0.0640625 0.046875
0 0.9984375 0.32890625 0.09453125 0.0609375
0 0.39453125 0.06328125 0.096875 0.0328125
