0 0.20078125 0.35 0.1671875 0.184375
0 0.1015625 0.42109375 0.078125 0.1609375
0 0.16171875 0.53515625 0.1578125 0.1546875
0 0.253125 0.4578125 0.15 0.121875
0 0.27578125 0.559375 0.1234375 0.109375
0 0.390625 0.590625 0.115625 0.115625
0 0.440625 0.4921875 0.1375 0.146875
0 0.57109375 0.39453125 0.1515625 0.1609375
0 0.75 0.33671875 0.1 0.0984375
0 0.6703125 0.46484375 0.1375 0.1609375
0 0.69921875 0.61640625 0.1015625 0.1171875
0 0.7828125 0.61015625 0.096875 0.1140625
0 0.66875 0.71640625 0.084375 0.0828125
0 0.7078125 0.80546875 0.0875 0.0828125
0 0.81015625 0.6640625 0.0921875 0.090625
0 0.87890625 0.765625 0.0671875 0.084375
0 0.9328125 0.73203125 0.0875 0.0953125
0 0.7421875 0.93046875 0.071875 0.0421875
0 0.71953125 0.8890625 0.0640625 0.0625
0 0.76015625 0.81484375 0.0640625 0.0796875
0 0.95625 0.26484375 0.078125 0.0921875
0 1 0.0703125 0.0984375 0.046875
0 1 0.3484375 0.040625 0.0875
0 1 0.51640625 0.071875 0.0703125
0 0.94296875 0.56796875 0.0703125 0.0671875
0 0.5703125 0.865625 0.059375 0.059375
0 0.6453125 0.81328125 0.05625 0.0734375
