0 0.1484375 0.2390625 0.125 0.28125
0 0.4265625 0.30546875 0.053125 0.1421875
0 0.5015625 0.54765625 0.05625 0.1453125
0 0.721875 0.821875 0.109375 0.31875
0 0.13671875 0.54140625 0.0484375 0.1046875
0 0.58359375 0.52421875 0.0671875 0.1921875
0 0.6265625 0.6875 0.08125 0.21875
0 0.90390625 0.575 0.1140625 0.3125
0 0.97578125 0.5734375 0.0765625 0.265625
0 0.7875 0.63046875 0.09375 0.2328125
0 0.38671875 0.9421875 0.0484375 0.090625
0 0.35 0.821875 0.040625 0.084375
0 0.41953125 0.78828125 0.0328125 0.0765625
0 0.55625 0.17578125 0.046875 0.0890625
