0 0.61328125 0.31875 0.1109375 0.125
0 0.0828125 0.103125 0.040625 0.1125
0 0.1890625 0.18515625 0.1125 0.1265625
0 0.3375 0.2625 0.1125 0.14375
0 0.453125 0.28125 0.08125 0.14375
0 0.515625 0.2796875 0.053125 0.11875
0 0.24140625 0.415625 0.1484375 0.184375
0 0.11328125 0.45859375 0.1015625 0.1359375
0 0.49609375 0.65234375 0.1109375 0.1359375
0 0.38359375 0.68046875 0.0984375 0.1078125
0 0.6390625 0.68515625 0.1 0.1328125
0 0.73359375 0.709375 0.0921875 0.125
0 0.86875 0.79765625 0.084375 0.1078125
0 0.73046875 0.88125 0.0796875 0.109375
0 0.53984375 0.87109375 0.0796875 0.0703125
0 0.5734375 0.5390625 0.06875 0.115625
