0 0.35546875 0.13359375 0.1203125 0.175
0 0.16328125 0.15390625 0.0796875 0.1078125
0 0.0875 0.2171875 0.0828125 0.0984375
0 0.08515625 0.146875 0.08125 0.0921875
0 0.475 0.03125 0.0875 0.0625
0 0.62578125 0.0296875 0.1078125 0.059375
0 0.7953125 0.19921875 0.084375 0.1078125
0 0.90625 0.190625 0.075 0.096875
0 0.76640625 0.42265625 0.1421875 0.240625
0 0.6625 0.42265625 0.1375 0.2296875
0 0.553125 0.53359375 0.15625 0.221875
0 0.86796875 0.5828125 0.1796875 0.271875
0 0.97578125 0.65078125 0.0484375 0.1390625
0 0.6140625 0.91640625 0.084375 0.1421875
0 0.49375 0.9234375 0.0890625 0.1265625
0 0.15078125 0.8265625 0.1375 0.2171875
0 0.0609375 0.88828125 0.08125 0.165625
0 0.4234375 0.53984375 0.0890625 0.1328125
0 0.43125 0.403125 0.084375 0.1265625