0 0.05546875 0.1359375 0.1109375 0.121875
0 0.05546875 0.38515625 0.1109375 0.2296875
0 0.31640625 0.40859375 0.1609375 0.19375
0 0.3078125 0.55390625 0.140625 0.1765625
0 0.17734375 0.38984375 0.115625 0.1359375
0 0.10703125 0.4484375 0.1453125 0.171875
0 0.61875 0.0390625 0.13125 0.078125
0 0.6109375 0.2296875 0.125 0.153125
0 0.70078125 0.30234375 0.1171875 0.16875
0 0.584375 0.325 0.146875 0.14375
0 0.58515625 0.453125 0.1484375 0.1859375
0 0.67265625 0.42109375 0.0765625 0.13125
0 0.58515625 0.6515625 0.1109375 0.1375
0 0.49609375 0.81953125 0.1515625 0.20625
0 0.603125 0.7984375 0.1328125 0.1734375
0 0.80078125 0.8859375 0.1375 0.1421875
0 0.63984375 0.92734375 0.10625 0.11875
0 0.56484375 0.95546875 0.1140625 0.0890625
0 0.42734375 0.74375 0.06875 0.0875
0 0.7078125 0.68203125 0.0578125 0.1078125