0 0.24375 0.05625 0.053125 0.0703125
0 0.321875 0.11875 0.078125 0.0796875
0 0.36953125 0.20234375 0.0734375 0.053125
0 0.1359375 0.40390625 0.0625 0.09375
0 0.715625 0.07578125 0.171875 0.125
0 0.92421875 0.15390625 0.1515625 0.2046875
0 0.83203125 0.5234375 0.171875 0.1828125
0 0.2859375 0.6203125 0.115625 0.1359375
0 0.48828125 0.6359375 0.1328125 0.128125
0 0.55078125 0.75 0.065625 0.0640625
0 0.28671875 0.8578125 0.1328125 0.140625
0 0.02265625 0.81484375 0.0453125 0.1515625
0 0.93828125 0.8953125 0.059375 0.14375