0 0.790625 0.375 0.2375 0.3421875
0 0.84375 0.58671875 0.1421875 0.190625
0 0.87890625 0.034375 0.1515625 0.06875
0 0.7890625 0.16484375 0.1421875 0.1625
0 0.56484375 0.06328125 0.2203125 0.1265625
0 0.6203125 0.2171875 0.1890625 0.259375
0 0.57421875 0.38671875 0.25 0.3671875
0 0.46171875 0.17734375 0.146875 0.2609375
0 0.37890625 0.3375 0.1453125 0.2078125
0 0.32578125 0.44296875 0.134375 0.1953125
0 0.22265625 0.40234375 0.10625 0.1609375
0 0.2546875 0.6484375 0.1359375 0.1796875
0 0.13515625 0.76484375 0.14375 0.19375
0 0.12734375 0.63203125 0.1171875 0.1265625
0 0.41484375 0.64921875 0.1265625 0.175
0 0.49765625 0.6328125 0.1015625 0.159375
0 0.3765625 0.75859375 0.090625 0.125
0 0.2796875 0.8546875 0.0890625 0.1109375
0 0.35546875 0.8578125 0.090625 0.1265625
0 0.43203125 0.87109375 0.09375 0.134375
0 0.58125 0.91171875 0.1390625 0.1765625
0 0.24609375 0.97265625 0.0890625 0.0546875
0 0.27109375 0.5140625 0.090625 0.1125
0 0.484375 0.51171875 0.1078125 0.1640625