0 0.01484375 0.91328125 0.0296875 0.0578125
0 0.4 0.94375 0.0828125 0.0546875
0 0.46171875 0.934375 0.059375 0.0484375
0 0.7390625 0.98671875 0.084375 0.0265625
0 0.590625 0.80234375 0.0984375 0.0625
0 0.67890625 0.703125 0.0734375 0.0546875
0 0.86640625 0.67890625 0.0828125 0.0546875
0 0.934375 0.6 0.0640625 0.040625
0 0.59296875 0.66953125 0.0625 0.0453125
0 0.4609375 0.56328125 0.1234375 0.0375
0 0.06015625 0.43125 0.115625 0.0671875
0 0.68125 0.4203125 0.0453125 0.04375
0 0.7828125 0.43984375 0.1078125 0.059375
0 0.32890625 0.1765625 0.0890625 0.05625
0 0.409375 0.29375 0.0765625 0.0578125
0 0.16484375 0.02109375 0.1578125 0.0421875
0 0.73515625 0.29296875 0.0703125 0.053125
0 0.9 0.2921875 0.1375 0.0671875
0 0.425 0.7625 0.109375 0.0796875