0 0.24921875 0.07421875 0.0515625 0.0609375
0 0.309375 0.0453125 0.0390625 0.05
0 0.4890625 0.10859375 0.059375 0.0578125
0 0.453125 0.2203125 0.05625 0.0671875
0 0.67421875 0.3265625 0.0640625 0.065625
0 0.6296875 0.4171875 0.059375 0.078125
0 0.7953125 0.4828125 0.0625 0.0671875
0 0.7265625 0.4171875 0.04375 0.0484375
0 0.6890625 0.57109375 0.059375 0.0671875
0 0.6921875 0.53359375 0.0515625 0.0515625
0 0.678125 0.50703125 0.0375 0.0421875
0 0.58125 0.50859375 0.059375 0.0671875
0 0.56953125 0.559375 0.05 0.053125
0 0.5484375 0.61953125 0.0484375 0.0609375
0 0.46796875 0.56171875 0.040625 0.0484375
0 0.52578125 0.4765625 0.0578125 0.06875
0 0.64609375 0.6703125 0.046875 0.0578125
0 0.68828125 0.69921875 0.040625 0.05
0 0.665625 0.7734375 0.053125 0.0578125
0 0.465625 0.65078125 0.0421875 0.05625
0 0.7859375 0.75234375 0.034375 0.0375
0 0.35390625 0.54921875 0.0640625 0.0703125
0 0.40546875 0.4890625 0.065625 0.0828125
0 0.346875 0.41015625 0.05 0.05625
0 0.36953125 0.59296875 0.0375 0.04375
0 0.38828125 0.5453125 0.0359375 0.0484375
0 0.41953125 0.5265625 0.034375 0.0375
0 0.0953125 0.175 0.04375 0.0546875
0 0.09921875 0.3453125 0.0546875 0.0703125
0 0.05234375 0.3578125 0.04375 0.0515625
0 0.15078125 0.3484375 0.0484375 0.0546875
0 0.16484375 0.32890625 0.0375 0.0453125
0 0.19765625 0.43515625 0.05 0.053125
0 0.15703125 0.57265625 0.034375 0.034375
0 0.05390625 0.54609375 0.0265625 0.0328125
0 0.2203125 0.75390625 0.04375 0.0484375
0 0.26640625 0.67734375 0.034375 0.0390625
0 0.3078125 0.7140625 0.034375 0.0359375
0 0.303125 0.54375 0.04375 0.0453125
0 0.27578125 0.584375 0.0359375 0.0390625
0 0.6734375 0.88203125 0.0515625 0.0546875
0 0.56015625 0.778125 0.0359375 0.0421875
0 0.8390625 0.76640625 0.0375 0.0421875
0 0.86796875 0.7625 0.0359375 0.0484375
0 0.834375 0.7265625 0.0328125 0.0421875
0 0.81015625 0.7125 0.034375 0.040625
0 0.81015625 0.81484375 0.0375 0.0421875
0 0.8890625 0.64296875 0.046875 0.0546875
0 0.8046875 0.56328125 0.0328125 0.040625
0 0.77890625 0.54296875 0.0359375 0.0421875
0 0.93671875 0.7203125 0.040625 0.040625
0 0.24765625 0.48515625 0.0359375 0.0375
0 0.1140625 0.41328125 0.0375 0.0390625