0 0.5359375 0.03984375 0.21875 0.0796875
0 0.428125 0.1421875 0.225 0.225
0 0.57578125 0.2875 0.2203125 0.221875
0 0.7875 0.375 0.209375 0.203125
0 0.5953125 0.48203125 0.184375 0.1828125
0 0.71953125 0.50859375 0.1453125 0.1671875
0 0.19921875 0.2296875 0.0734375 0.065625
0 0.03359375 0.51171875 0.0671875 0.1421875
0 0.0765625 0.6640625 0.13125 0.1375
0 0.21015625 0.678125 0.1359375 0.128125
0 0.15234375 0.7953125 0.1421875 0.109375
0 0.1453125 0.91875 0.115625 0.1125
0 0.3234375 0.84921875 0.140625 0.1390625
0 0.62734375 0.7078125 0.1578125 0.15
0 0.909375 0.80703125 0.175 0.1796875
0 0.9765625 0.86875 0.046875 0.18125
0 0.81796875 0.96328125 0.1484375 0.0734375
0 0.590625 0.8046875 0.059375 0.0625
0 0.4703125 0.90625 0.05625 0.053125
0 0.1984375 0.97109375 0.096875 0.0578125