0 0.128125 0.06328125 0.10625 0.1265625
0 0.41875 0.4 0.2109375 0.253125
0 0.23515625 0.9171875 0.0640625 0.0703125
0 0.1984375 0.340625 0.24375 0.28125
0 0.73203125 0.72265625 0.021875 0.025
0 0.66328125 0.984375 0.0390625 0.03125
0 0.79453125 0.6984375 0.0203125 0.0234375
0 0.2734375 0.59921875 0.2328125 0.2859375
0 0.596875 0.62734375 0.01875 0.0234375
0 0.56875 0.76953125 0.0234375 0.0296875
0 0.02578125 0.5125 0.0515625 0.16875
0 0.4578125 0.50859375 0.0921875 0.128125
0 0.29296875 0.78203125 0.2234375 0.278125