0 0.93515625 0.73046875 0.1296875 0.2171875
0 0.07890625 0.07734375 0.1578125 0.1546875
0 0.40859375 0.79609375 0.2765625 0.3953125
0 0.3203125 0.08671875 0.09296875 0.08671875
0 0.1234375 0.80859375 0.24140625 0.33359375
0 0.23125 0.81796875 0.09609375 0.3640625
0 0.64765625 0.82109375 0.221875 0.33359375
0 0.87578125 0.85703125 0.2484375 0.2828125
0 0.65546875 0.0953125 0.1796875 0.190625
0 0.19453125 0.1296875 0.1640625 0.16015625
0 0.86484375 0.1546875 0.25703125 0.29609375
0 0.6140625 0.265625 0.23828125 0.3578125
0 0.18671875 0.271875 0.14765625 0.28359375
0 0.92578125 0.31796875 0.14140625 0.33984375
0 0.46171875 0.32109375 0.10625 0.3578125
0 0.3390625 0.3484375 0.24140625 0.4875
0 0.08203125 0.34921875 0.15078125 0.43203125
0 0.79921875 0.475 0.13203125 0.29609375
0 0.73984375 0.6015625 0.25078125 0.3515625
0 0.48515625 0.6140625 0.1796875 0.228125
0 0.4515625 0.0765625 0.19296875 0.15234375