0 0.93984375 0.18671875 0.1203125 0.2078125
0 0.85078125 0.50234375 0.1859375 0.215625
0 0.85859375 0.58984375 0.1359375 0.1421875
0 0.77734375 0.703125 0.1515625 0.1703125
0 0.4390625 0.62734375 0.1484375 0.190625
0 0.540625 0.53359375 0.1046875 0.1046875
0 0.33671875 0.3875 0.1203125 0.1359375
0 0.23046875 0.38359375 0.1546875 0.1921875
0 0.2125 0.5671875 0.1625 0.2125
0 0.28046875 0.63515625 0.128125 0.1625
0 0.2328125 0.82890625 0.1484375 0.1890625
0 0.1484375 0.7859375 0.1171875 0.1828125
0 0.3125 0.5328125 0.115625 0.1375
0 0.375 0.4609375 0.0640625 0.0828125