0 0.20625 0.31015625 0.0734375 0.075
0 0.2390625 0.2484375 0.0828125 0.0875
0 0.27109375 0.3140625 0.0640625 0.0609375
0 0.3703125 0.40625 0.059375 0.065625
0 0.55234375 0.3484375 0.06875 0.0734375
0 0.4171875 0.3953125 0.0578125 0.0640625
0 0.7265625 0.3375 0.065625 0.0578125
0 0.5203125 0.1796875 0.0359375 0.0390625
0 0.76484375 0.26171875 0.0546875 0.0625
0 0.84140625 0.27734375 0.059375 0.059375
0 0.5578125 0.8546875 0.0765625 0.071875
0 0.62578125 0.93046875 0.059375 0.053125
0 0.63046875 0.8296875 0.0671875 0.0796875
0 0.55703125 0.7125 0.0765625 0.0796875
0 0.47421875 0.71796875 0.0640625 0.05625
0 0.20234375 0.62890625 0.05 0.0515625
0 0.2609375 0.6578125 0.0546875 0.05625
0 0.3421875 0.54453125 0.05 0.05625
0 0.38359375 0.58125 0.0484375 0.059375
0 0.44453125 0.55234375 0.06875 0.0859375
0 0.44765625 0.60859375 0.04375 0.0421875
0 0.55859375 0.56796875 0.0625 0.0515625
0 0.5359375 0.66171875 0.0515625 0.0453125
0 0.57265625 0.61953125 0.0625 0.0515625
0 0.76015625 0.371875 0.0578125 0.0671875
0 0.6609375 0.3921875 0.0453125 0.046875
0 0.80703125 0.5625 0.0625 0.0546875
0 0.21171875 0.421875 0.053125 0.0671875
0 0.2625 0.42265625 0.0484375 0.0625
0 0.9484375 0.121875 0.075 0.0734375
0 0.8703125 0.25703125 0.04375 0.053125