0 0.4859375 0.16796875 0.084375 0.0890625
0 0.55 0.12890625 0.0984375 0.1171875
0 0.86015625 0.1359375 0.2046875 0.271875
0 0.6015625 0.290625 0.09375 0.1015625
0 0.67109375 0.36015625 0.090625 0.1
0 0.74921875 0.45390625 0.0890625 0.096875
0 0.6109375 0.53359375 0.075 0.0828125
0 0.6609375 0.4796875 0.096875 0.0890625
0 0.68671875 0.4203125 0.0875 0.046875
0 0.7125 0.55859375 0.1109375 0.0984375
0 0.76796875 0.61015625 0.1328125 0.121875
0 0.96171875 0.4109375 0.06875 0.06875
0 0.8109375 0.3625 0.065625 0.071875
0 0.84765625 0.5328125 0.040625 0.05
0 0.921875 0.53515625 0.0609375 0.0578125
0 0.825 0.509375 0.040625 0.0421875
0 0.81328125 0.82109375 0.1125 0.115625
0 0.56953125 0.9171875 0.0984375 0.09375
0 0.40234375 0.85390625 0.1234375 0.1078125
0 0.21875 0.81953125 0.0875 0.075
0 0.09921875 0.9484375 0.0703125 0.103125
0 0.0484375 0.5890625 0.09375 0.103125
0 0.11015625 0.55078125 0.0828125 0.090625
0 0.13671875 0.4828125 0.09375 0.0796875
0 0.17421875 0.4109375 0.084375 0.084375
0 0.284375 0.49296875 0.0984375 0.1203125
0 0.3296875 0.6265625 0.115625 0.11875
0 0.40703125 0.678125 0.103125 0.1046875
0 0.42109375 0.61328125 0.0859375 0.0765625
0 0.4859375 0.565625 0.0890625 0.096875
0 0.5375 0.6109375 0.078125 0.09375
0 0.5984375 0.6796875 0.1046875 0.1046875
0 0.521875 0.3265625 0.0640625 0.0625
0 0.52890625 0.43359375 0.0703125 0.0703125