0 0.77890625 0.35 0.2625 0.3546875
0 0.85 0.55625 0.15625 0.1984375
0 0.83515625 0.021875 0.1578125 0.04375
0 0.75859375 0.140625 0.153125 0.171875
0 0.5265625 0.065625 0.228125 0.13125
0 0.5953125 0.2078125 0.2078125 0.2703125
0 0.5640625 0.38046875 0.278125 0.38125
0 0.43359375 0.18203125 0.1671875 0.26875
0 0.365625 0.3484375 0.159375 0.215625
0 0.321875 0.45859375 0.1484375 0.203125
0 0.215625 0.42734375 0.1171875 0.165625
0 0.26875 0.66875 0.1484375 0.1890625
0 0.159375 0.7953125 0.1578125 0.2015625
0 0.140625 0.6640625 0.1265625 0.134375
0 0.42890625 0.65625 0.1390625 0.18125
0 0.509375 0.6328125 0.1125 0.165625
0 0.39921875 0.76875 0.0984375 0.1296875
0 0.31171875 0.87265625 0.096875 0.115625
0 0.38671875 0.86875 0.1 0.13125
0 0.46484375 0.875 0.1046875 0.1390625
0 0.61640625 0.903125 0.1515625 0.184375
0 0.28984375 0.98125 0.0953125 0.0375
0 0.2734375 0.53359375 0.0984375 0.11875
0 0.4859375 0.51328125 0.1203125 0.16875