0 0.346875 0.16875 0.25 0.3375
0 0.10234375 0.2375 0.2046875 0.453125
0 0.1921875 0.46015625 0.2625 0.434375
0 0.33515625 0.57265625 0.25 0.4515625
0 0.1109375 0.7578125 0.1890625 0.30625
0 0.61015625 0.62265625 0.25625 0.3859375
0 0.4265625 0.753125 0.2875 0.475
0 0.459375 0.25546875 0.2421875 0.3953125
0 0.5421875 0.37109375 0.221875 0.403125
0 0.67109375 0.29296875 0.215625 0.3546875
0 0.81953125 0.23515625 0.246875 0.3421875
0 0.77890625 0.61796875 0.2484375 0.4171875
0 0.69140625 0.87265625 0.2296875 0.2546875
0 0.93359375 0.4671875 0.1328125 0.475
0 0.8484375 0.80078125 0.234375 0.3984375
0 0.06328125 0.62109375 0.1265625 0.3828125
0 0.23828125 0.86640625 0.1921875 0.1921875
0 0.5421875 0.928125 0.19375 0.14375
0 0.9203125 0.259375 0.159375 0.328125
0 0.60078125 0.11796875 0.1765625 0.2359375