0 0.8 0.89453125 0.071875 0.0453125
0 0.4015625 0.8453125 0.06953125 0.040625
0 0.396875 0.73359375 0.078125 0.0453125
0 0.4625 0.725 0.053125 0.0375
0 0.575 0.60703125 0.0390625 0.0359375
0 0.35390625 0.4828125 0.0640625 0.04375
0 0.340625 0.41015625 0.096875 0.0546875
0 0.40703125 0.40703125 0.05859375 0.0546875
0 0.45546875 0.409375 0.078125 0.05
0 0.2234375 0.34765625 0.06953125 0.0453125
0 0.159375 0.27734375 0.0640625 0.0390625
0 0.2515625 0.26953125 0.053125 0.0453125
0 0.44609375 0.14296875 0.08046875 0.0515625
0 0.5734375 0.25546875 0.0640625 0.0484375
0 0.5125 0.284375 0.0640625 0.034375
0 0.809375 0.3078125 0.04140625 0.05
0 0.7890625 0.78984375 0.0390625 0.0328125
0 0.4859375 0.76640625 0.0609375 0.0265625