0 0.79296875 0.9 0.071875 0.046875
0 0.3953125 0.84375 0.0703125 0.0421875
0 0.39296875 0.73203125 0.078125 0.046875
0 0.45859375 0.72421875 0.053125 0.0390625
0 0.5734375 0.60859375 0.0390625 0.0359375
0 0.35390625 0.48046875 0.0640625 0.0453125
0 0.3421875 0.40703125 0.0984375 0.05625
0 0.40859375 0.40546875 0.059375 0.05625
0 0.45703125 0.40859375 0.0796875 0.0515625
0 0.22578125 0.34296875 0.0703125 0.046875
0 0.16328125 0.27109375 0.0640625 0.040625
0 0.25546875 0.26484375 0.0546875 0.046875
0 0.45234375 0.1421875 0.08125 0.053125
0 0.57734375 0.25703125 0.065625 0.05
0 0.51640625 0.284375 0.0640625 0.0359375
0 0.8125 0.31328125 0.0421875 0.05
0 0.78359375 0.79453125 0.0390625 0.0328125
0 0.48125 0.76640625 0.0609375 0.028125