0 0.065625 0.08828125 0.0515625 0.021875
0 0.3609375 0.046875 0.1625 0.084375
0 0.090625 0.29140625 0.18125 0.1953125
0 0.2046875 0.46796875 0.1328125 0.1046875
0 0.20625 0.65546875 0.165625 0.18125
0 0.534375 0.47734375 0.0921875 0.1546875
0 0.8125 0.31640625 0.1921875 0.19375
0 0.40703125 0.65 0.15625 0.1765625
0 0.6515625 0.71015625 0.0875 0.1203125
0 0.7109375 0.6359375 0.06875 0.05
0 0.8234375 0.5625 0.14375 0.140625
0 0.41484375 0.9109375 0.1890625 0.178125
0 0.61015625 0.9453125 0.14375 0.1078125
0 0.72734375 0.91484375 0.1265625 0.1140625
0 0.98515625 0.61171875 0.0296875 0.1640625
0 0.98125 0.85390625 0.0375 0.0859375