0 0.2078125 0.021875 0.2125 0.04375
0 0.16953125 0.53046875 0.225 0.21875
0 0.5421875 0.621875 0.28125 0.3625
0 0.67109375 0.76015625 0.196875 0.203125
0 0.03515625 0.64765625 0.0703125 0.2609375
0 0.3265625 0.7546875 0.225 0.309375
0 0.81796875 0.86015625 0.2546875 0.2796875
0 0.47734375 0.85625 0.203125 0.1984375
0 0.1078125 0.775 0.215625 0.315625
0 0.4171875 0.09140625 0.25 0.1828125
0 0.61953125 0.91484375 0.2359375 0.1703125
0 0.41875 0.95078125 0.184375 0.0984375
0 0.85859375 0.17890625 0.2109375 0.2453125
0 0.5984375 0.12734375 0.178125 0.1625
0 0.9171875 0.27109375 0.165625 0.2765625
0 0.22578125 0.1421875 0.221875 0.2328125
0 0.73125 0.32265625 0.140625 0.2296875
0 0.39765625 0.24921875 0.165625 0.1796875
0 0.59375 0.30625 0.21875 0.2921875
0 0.74296875 0.07890625 0.146875 0.0984375
0 0.23515625 0.36015625 0.23125 0.2921875
0 0.7734375 0.52109375 0.2125 0.3421875
0 0.075 0.36484375 0.15 0.3203125
0 0.890625 0.58125 0.21875 0.334375
0 0.39921875 0.46953125 0.225 0.2875