0 0.01484375 0.7609375 0.0296875 0.059375
0 0.06015625 0.84375 0.078125 0.05625
0 0.1171875 0.87265625 0.08125 0.0625
0 0.83203125 0.9703125 0.0921875 0.059375
0 0.8125 0.98984375 0.078125 0.0203125
0 0.865625 0.98828125 0.071875 0.0234375
0 0.5484375 0.665625 0.0765625 0.053125
0 0.78671875 0.61171875 0.0984375 0.0640625
0 0.42890625 0.521875 0.0953125 0.0609375
0 0.2734375 0.39765625 0.06875 0.053125
0 0.6671875 0.4453125 0.0890625 0.0515625
0 0.746875 0.4515625 0.084375 0.04375
0 0.73984375 0.165625 0.08125 0.065625
0 0.815625 0.18671875 0.0765625 0.053125
0 0.290625 0.54453125 0.0328125 0.0265625