0 0.44375 0.06015625 0.0921875 0.0875
0 0.428125 0.14609375 0.1015625 0.1
0 0.47578125 0.23984375 0.10625 0.0828125
0 0.73046875 0.30390625 0.1109375 0.1296875
0 0.65078125 0.35234375 0.09375 0.103125
0 0.55390625 0.51171875 0.0828125 0.0859375
0 0.58671875 0.453125 0.071875 0.0734375
0 0.60234375 0.3828125 0.0890625 0.09375
0 0.203125 0.35546875 0.1109375 0.1078125
0 0.2875 0.4984375 0.1203125 0.125
0 0.6984375 0.496875 0.090625 0.09375
0 0.7484375 0.4359375 0.0828125 0.090625
0 0.84296875 0.52421875 0.1234375 0.1140625
0 0.8671875 0.6765625 0.1046875 0.1171875
0 0.66640625 0.91328125 0.096875 0.0890625
0 0.625 0.715625 0.090625 0.0921875
0 0.5640625 0.69765625 0.065625 0.084375
0 0.61015625 0.59453125 0.0828125 0.0703125
0 0.17421875 0.75625 0.065625 0.0484375
0 0.21484375 0.71640625 0.0609375 0.0609375
0 0.20078125 0.65859375 0.0625 0.0625
0 0.125 0.86875 0.071875 0.071875