0 0.79609375 0.125 0.2921875 0.25
0 0.85703125 0.25625 0.225 0.1953125
0 0.58828125 0.2171875 0.246875 0.2375
0 0.3390625 0.14453125 0.15 0.1640625
0 0.49609375 0.11015625 0.096875 0.1125
0 0.3109375 0.3109375 0.1546875 0.1625
0 0.40625 0.2359375 0.08125 0.0828125
0 0.4515625 0.25625 0.0796875 0.1046875
0 0.4359375 0.415625 0.1828125 0.203125
0 0.090625 0.50703125 0.18125 0.2359375
0 0.0953125 0.71796875 0.15 0.1921875
0 0.19453125 0.84609375 0.146875 0.14375
0 0.32734375 0.68984375 0.325 0.30625
0 0.5734375 0.58828125 0.325 0.321875
0 0.7109375 0.66328125 0.2203125 0.21875
0 0.64921875 0.85625 0.26875 0.26875
0 0.45546875 0.8921875 0.2078125 0.178125
0 0.859375 0.8125 0.1578125 0.15625
0 0.84375 0.8921875 0.1609375 0.1125
0 0.0265625 0.3484375 0.053125 0.11875
0 0.1640625 0.21796875 0.1375 0.0828125
0 0.02890625 0.26796875 0.0578125 0.0921875