0 0.33203125 0.18203125 0.1 0.078125
0 0.85546875 0.82734375 0.078125 0.0609375
0 0.42109375 0.76484375 0.078125 0.0625
0 0.45 0.87421875 0.0859375 0.059375
0 0.48125 0.740625 0.0546875 0.05
0 0.56015625 0.6 0.0484375 0.0453125
0 0.29375 0.46484375 0.1046875 0.0765625
0 0.35625 0.446875 0.0703125 0.065625
0 0.41015625 0.4328125 0.0828125 0.059375
0 0.32578125 0.53046875 0.071875 0.0515625
0 0.16484375 0.43046875 0.075 0.0609375
0 0.10078125 0.375 0.0984375 0.059375
0 0.178125 0.35078125 0.0515625 0.0546875
0 0.48515625 0.25625 0.0765625 0.0625
0 0.428125 0.30859375 0.09375 0.0625
0 0.7359375 0.25078125 0.053125 0.053125
0 0.81640625 0.73046875 0.04375 0.0421875
0 0.51328125 0.77734375 0.0625 0.040625