0 0.0625 0.26796875 0.125 0.2984375
0 0.32421875 0.2859375 0.0765625 0.15
0 0.43984375 0.51171875 0.08125 0.153125
0 0.7046875 0.74296875 0.1625 0.3328125
0 0.0796875 0.56875 0.065625 0.1109375
0 0.5171875 0.47421875 0.1 0.2015625
0 0.5875 0.62734375 0.11875 0.2296875
0 0.84140625 0.46875 0.1671875 0.328125
0 0.91171875 0.4546875 0.121875 0.275
0 0.7359375 0.54296875 0.1328125 0.2453125
0 0.3953125 0.91953125 0.0640625 0.0984375
0 0.33828125 0.8078125 0.0546875 0.090625
0 0.40078125 0.7625 0.0453125 0.08125
0 0.4296875 0.1359375 0.0609375 0.0953125