0 0.87421875 0.31953125 0.2359375 0.275
0 0.55234375 0.23125 0.2703125 0.2578125
0 0.096875 0.21953125 0.19375 0.2109375
0 0.90390625 0.62109375 0.1921875 0.2390625
0 0.0859375 0.4671875 0.171875 0.23125
0 0.19609375 0.59921875 0.2515625 0.25
0 0.35703125 0.16796875 0.2453125 0.2359375
0 0.7296875 0.77265625 0.2203125 0.21875
0 0.40546875 0.034375 0.2234375 0.06875
0 0.46171875 0.42421875 0.2578125 0.2671875
0 0.68984375 0.43984375 0.225 0.2046875
0 0.60234375 0.6 0.2703125 0.240625
0 0.5625 0.91171875 0.190625 0.1765625