0 0.3328125 0.2171875 0.15625 0.215625
0 0.54765625 0.1734375 0.15 0.2453125
0 0.73515625 0.31328125 0.096875 0.1421875
0 0.89375 0.125 0.128125 0.1609375
0 0.93203125 0.06953125 0.10625 0.0875
0 0.78671875 0.275 0.096875 0.1484375
0 0.4515625 0.47109375 0.1421875 0.225
0 0.2046875 0.59765625 0.1671875 0.2515625
0 0.10625 0.81015625 0.140625 0.221875
0 0.2296875 0.82734375 0.1421875 0.2203125
0 0.3171875 0.753125 0.109375 0.159375
0 0.39140625 0.8125 0.15625 0.2171875
0 0.43046875 0.89375 0.1 0.1328125
0 0.6296875 0.79296875 0.184375 0.2421875
0 0.803125 0.73828125 0.146875 0.1953125
0 0.9265625 0.78828125 0.1203125 0.1671875
0 0.88046875 0.5640625 0.1375 0.1921875
0 0.7390625 0.54453125 0.1484375 0.2
0 0.615625 0.475 0.090625 0.125
0 0.59140625 0.59921875 0.115625 0.1421875
0 0.5375 0.4734375 0.0796875 0.171875