0 0.02890625 0.21015625 0.0578125 0.1953125
0 0.16328125 0.1875 0.175 0.1875
0 0.24765625 0.321875 0.21875 0.1953125
0 0.115625 0.47265625 0.140625 0.128125
0 0.46640625 0.35078125 0.278125 0.2421875
0 0.653125 0.065625 0.296875 0.13125
0 0.565625 0.51171875 0.3296875 0.31875
0 0.52734375 0.71328125 0.2890625 0.2546875
0 0.77578125 0.65625 0.296875 0.278125
0 0.6671875 0.87578125 0.278125 0.2421875
0 0.52421875 0.840625 0.0890625 0.0953125
0 0.91171875 0.69375 0.1015625 0.0921875
0 0.81640625 0.51640625 0.13125 0.103125
0 0.13359375 0.67890625 0.0875 0.0734375
0 0.1421875 0.62578125 0.0796875 0.0640625
0 0.45625 0.85703125 0.0765625 0.078125
0 0.29375 0.61328125 0.0859375 0.065625
0 0.42734375 0.58828125 0.08125 0.0796875