0 0.24765625 0.21640625 0.0625 0.075
0 0.325 0.190625 0.0640625 0.08125
0 0.40625 0.23828125 0.0859375 0.1015625
0 0.5046875 0.22421875 0.153125 0.171875
0 0.5890625 0.3359375 0.121875 0.171875
0 0.6734375 0.30859375 0.075 0.09375
0 0.64140625 0.39375 0.0625 0.075
0 0.64453125 0.51484375 0.153125 0.16875
0 0.62109375 0.60234375 0.1265625 0.0890625
0 0.3828125 0.434375 0.1734375 0.18125
0 0.36328125 0.52109375 0.1390625 0.128125
0 0.26796875 0.6125 0.196875 0.215625
0 0.27421875 0.809375 0.125 0.15625
0 0.71640625 0.6734375 0.075 0.08125
0 0.80703125 0.53828125 0.0875 0.08125