0 0.08125 0.36171875 0.071875 0.03125
0 0.275 0.321875 0.0765625 0.05
0 0.23671875 0.4203125 0.078125 0.0375
0 0.23671875 0.44921875 0.040625 0.03125
0 0.359375 0.421875 0.04375 0.0421875
0 0.54609375 0.31640625 0.0609375 0.04375
0 0.55234375 0.2609375 0.078125 0.0390625
0 0.6734375 0.42265625 0.0640625 0.0375
0 0.36953125 0.54921875 0.0671875 0.028125
0 0.26796875 0.51796875 0.0515625 0.040625
0 0.55625 0.5703125 0.075 0.040625
0 0.96015625 0.5359375 0.0609375 0.040625
0 0.94296875 0.49765625 0.08125 0.0421875
0 0.959375 0.63125 0.08125 0.040625
0 0.2703125 0.7515625 0.0515625 0.0234375
0 0.93125 0.31171875 0.075 0.034375
0 0.89921875 0.33515625 0.0546875 0.025
0 0.884375 0.30625 0.0609375 0.025