0 0.81484375 0.421875 0.3703125 0.25625
0 0.63828125 0.33359375 0.371875 0.2140625
0 0.10625 0.58984375 0.2109375 0.15
0 0.73671875 0.11015625 0.0984375 0.06875
0 0.3609375 0.196875 0.0953125 0.059375
0 0.9296875 0.23125 0.0984375 0.0546875
0 0.22734375 0.4890625 0.3046875 0.1578125
0 0.48203125 0.21328125 0.0953125 0.05625
0 0.61328125 0.64453125 0.3609375 0.228125
0 0.19296875 0.340625 0.3859375 0.221875
0 0.9609375 0.3046875 0.0640625 0.0375
0 0.2015625 0.84140625 0.2 0.1296875
0 0.45703125 0.828125 0.1375 0.0984375
0 0.5671875 0.87734375 0.0921875 0.078125
0 0.696875 0.8609375 0.125 0.08125
0 0.03046875 0.878125 0.0375 0.096875
0 0.0609375 0.8265625 0.090625 0.075
0 0.034375 0.68046875 0.059375 0.0765625