0 0.1109375 0.5484375 0.0890625 0.0484375
0 0.090625 0.49765625 0.0875 0.0546875
0 0.17109375 0.68203125 0.0640625 0.0484375
0 0.05625 0.6234375 0.0859375 0.05
0 0.1484375 0.7203125 0.0796875 0.040625
0 0.6953125 0.66328125 0.071875 0.0375
0 0.73203125 0.640625 0.071875 0.04375
0 0.76015625 0.65390625 0.0609375 0.0375
0 0.9265625 0.62734375 0.0765625 0.0546875
0 0.903125 0.6453125 0.065625 0.0515625
0 0.940625 0.5328125 0.0796875 0.05625
0 0.92421875 0.484375 0.0984375 0.05
0 0.8765625 0.58359375 0.0828125 0.034375
0 0.71484375 0.43515625 0.0953125 0.05625
0 0.75625 0.465625 0.078125 0.0375
0 0.76328125 0.40234375 0.0578125 0.0375
0 0.81796875 0.21796875 0.0984375 0.0515625
0 0.74140625 0.3109375 0.0765625 0.0515625