0 0.9546875 0.7640625 0.053125 0.0484375
0 0.86796875 0.79609375 0.071875 0.046875
0 0.80546875 0.66875 0.06875 0.0515625
0 0.74765625 0.6671875 0.06875 0.04375
0 0.35703125 0.7125 0.0859375 0.053125
0 0.09375 0.703125 0.0703125 0.0578125
0 0.05078125 0.73203125 0.078125 0.0421875
0 0.07890625 0.56796875 0.0875 0.040625
0 0.27421875 0.44296875 0.0890625 0.0546875
0 0.11015625 0.41953125 0.0859375 0.05
0 0.58359375 0.47578125 0.0953125 0.05625
0 0.3859375 0.29453125 0.096875 0.053125
0 0.36015625 0.36875 0.0875 0.0421875
0 0.33671875 0.33046875 0.0578125 0.040625
0 0.96875 0.42578125 0.0625 0.0640625
0 0.86328125 0.27734375 0.11875 0.05625
0 0.8515625 0.35078125 0.0671875 0.0546875
0 0.63515625 0.17890625 0.0890625 0.05
0 0.17109375 0.36640625 0.1 0.0546875
0 0.94609375 0.88828125 0.059375 0.0625
0 0.61015625 0.40390625 0.08125 0.05625
0 0.15 0.5421875 0.0890625 0.0484375
0 0.1625 0.2828125 0.078125 0.05625