0 0.07109375 0.1625 0.0890625 0.1484375
0 0.2078125 0.10625 0.0890625 0.10625
0 0.23125 0.01796875 0.153125 0.0359375
0 0.2984375 0.165625 0.1546875 0.1609375
0 0.13828125 0.2296875 0.06875 0.06875
0 0.32890625 0.34765625 0.059375 0.053125
0 0.08203125 0.4375 0.1640625 0.16875
0 0.159375 0.81640625 0.196875 0.18125
0 0.21328125 0.934375 0.084375 0.084375
0 0.45703125 0.11171875 0.1734375 0.1578125
0 0.62734375 0.0515625 0.178125 0.096875
0 0.97578125 0.08125 0.0484375 0.06875
0 0.590625 0.1765625 0.053125 0.075
0 0.95390625 0.32578125 0.0921875 0.1671875
0 0.63125 0.53046875 0.1421875 0.1484375
0 0.578125 0.6859375 0.1234375 0.153125
0 0.31171875 0.6984375 0.1671875 0.15625
0 0.44453125 0.82109375 0.1203125 0.05
0 0.95546875 0.73671875 0.0515625 0.103125
0 0.83046875 0.796875 0.06875 0.0578125
0 0.8734375 0.84765625 0.04375 0.05
0 0.5453125 0.9625 0.15625 0.075