0 0.2921875 0.9859375 0.096875 0.028125
0 0.68125 0.9015625 0.084375 0.0640625
0 0.73203125 0.8703125 0.0765625 0.0640625
0 0.97890625 0.8390625 0.0421875 0.0625
0 0.8328125 0.7015625 0.0921875 0.0671875
0 0.64375 0.73125 0.08125 0.0703125
0 0.78359375 0.58515625 0.0765625 0.06875
0 0.86796875 0.5828125 0.06875 0.0609375
0 0.60859375 0.534375 0.075 0.046875
0 0.246875 0.5375 0.096875 0.071875
0 0.7921875 0.321875 0.09375 0.0703125
0 0.884375 0.30703125 0.11875 0.08125
0 0.73125 0.3 0.078125 0.0703125
0 0.48203125 0.30078125 0.08125 0.06875
0 0.38515625 0.21796875 0.0828125 0.0578125
0 0.2125 0.0921875 0.1046875 0.075
0 0.16328125 0.12421875 0.0828125 0.0671875