0 0.5703125 0.2046875 0.2265625 0.190625
0 0.796875 0.2140625 0.15625 0.146875
0 0.90546875 0.16328125 0.153125 0.14375
0 0.69296875 0.065625 0.153125 0.103125
0 0.40859375 0.08203125 0.1953125 0.1640625
0 0.1640625 0.03203125 0.153125 0.0640625
0 0.25859375 0.26015625 0.14375 0.1203125
0 0.38828125 0.24140625 0.140625 0.134375
0 0.2109375 0.5765625 0.2671875 0.2390625
0 0.51328125 0.86484375 0.3359375 0.2703125
0 0.5265625 0.621875 0.1234375 0.09375
0 0.3640625 0.63203125 0.0984375 0.1
0 0.75546875 0.80703125 0.1015625 0.0859375
0 0.6734375 0.43671875 0.0875 0.084375
0 0.7421875 0.3828125 0.0765625 0.0765625
0 0.046875 0.86484375 0.09375 0.1171875
0 0.6109375 0.95859375 0.140625 0.0828125
0 0.60859375 0.2890625 0.1359375 0.0875