0 0.69453125 0.26640625 0.07109375 0.0421875
0 0.684375 0.2984375 0.08515625 0.0375
0 0.671875 0.3484375 0.0765625 0.034375
0 0.60078125 0.34375 0.0765625 0.0375
0 0.55546875 0.4640625 0.08203125 0.040625
0 0.62109375 0.44609375 0.065625 0.0390625
0 0.6703125 0.4171875 0.090625 0.0375
0 0.72421875 0.4453125 0.05703125 0.034375
0 0.66796875 0.50234375 0.07421875 0.0359375
0 0.58359375 0.5 0.065625 0.0375
0 0.753125 0.5859375 0.0796875 0.040625
0 0.78125 0.5390625 0.06796875 0.034375
0 0.5640625 0.66953125 0.05390625 0.0328125
0 0.528125 0.68125 0.096875 0.03125
0 0.60234375 0.67890625 0.0625 0.0328125
0 0.75703125 0.675 0.07109375 0.040625
0 0.8296875 0.6609375 0.10234375 0.034375
0 0.71015625 0.63125 0.0796875 0.028125
0 0.03125 0.63125 0.05703125 0.0375
0 0.72265625 0.6953125 0.08828125 0.04375