0 0.18828125 0.88203125 0.1734375 0.2125
0 0.41484375 0.6625 0.1484375 0.1890625
0 0.45703125 0.325 0.1296875 0.1765625
0 0.1890625 0.6546875 0.15625 0.184375
0 0.26328125 0.1859375 0.1421875 0.1953125
0 0.65078125 0.79296875 0.13125 0.15625
0 0.7 0.52734375 0.11875 0.1640625
0 0.15234375 0.15703125 0.115625 0.19375
0 0.5953125 0.4890625 0.1171875 0.153125
0 0.65546875 0.609375 0.1171875 0.1109375
0 0.46328125 0.1421875 0.078125 0.090625
0 0.85078125 0.1109375 0.084375 0.1015625
0 0.96328125 0.3890625 0.0734375 0.125
0 0.92578125 0.31875 0.0578125 0.0609375
0 0.72578125 0.3328125 0.071875 0.0671875
0 0.59765625 0.378125 0.0828125 0.0890625
0 0.32734375 0.41796875 0.0609375 0.078125
0 0.15625 0.3671875 0.0609375 0.04375
0 0.1609375 0.4234375 0.040625 0.04375
0 0.134375 0.25625 0.0609375 0.04375
0 0.02734375 0.80078125 0.0546875 0.0765625
0 0.04453125 0.2953125 0.046875 0.0640625
0 0.75234375 0.6921875 0.090625 0.103125