0 0.5640625 0.415625 0.209375 0.2734375
0 0.68671875 0.58984375 0.228125 0.290625
0 0.87421875 0.603125 0.2484375 0.34375
0 0.54140625 0.7546875 0.1375 0.1890625
0 0.60078125 0.778125 0.0953125 0.1609375
0 0.678125 0.80859375 0.1125 0.1578125
0 0.74921875 0.80546875 0.134375 0.19375
0 0.8265625 0.92578125 0.115625 0.1484375
0 0.884375 0.92109375 0.109375 0.1578125
0 0.48515625 0.58359375 0.178125 0.2375
0 0.36875 0.578125 0.1640625 0.2203125
0 0.19921875 0.4796875 0.1859375 0.2484375
0 0.1125 0.43359375 0.15625 0.246875
0 0.10078125 0.5515625 0.0953125 0.1046875
0 0.096875 0.26015625 0.1078125 0.15
0 0.23046875 0.31171875 0.103125 0.115625
0 0.35078125 0.26328125 0.1140625 0.1359375
0 0.33671875 0.4734375 0.134375 0.1875
0 0.29609375 0.6265625 0.1015625 0.1484375
0 0.35 0.79609375 0.103125 0.1359375
0 0.52265625 0.90234375 0.13125 0.1671875
0 0.47109375 0.98125 0.1171875 0.0375
0 0.15625 0.86796875 0.1125 0.140625