0 0.59375 0.165625 0.3234375 0.325
0 0.284375 0.33203125 0.3234375 0.303125
0 0.5546875 0.4703125 0.303125 0.290625
0 0.70859375 0.33828125 0.1640625 0.221875
0 0.759375 0.57578125 0.2921875 0.275
0 0.840625 0.8234375 0.31875 0.334375
0 0.4375 0.9625 0.15625 0.075
0 0.5484375 0.73515625 0.278125 0.3078125
0 0.38515625 0.73046875 0.1765625 0.290625
0 0.22890625 0.6171875 0.2734375 0.2828125
0 0.18828125 0.809375 0.2796875 0.2375
0 0.059375 0.5984375 0.11875 0.2203125
0 0.03515625 0.446875 0.0703125 0.10625
0 0.02109375 0.81640625 0.034375 0.178125
0 0.95 0.465625 0.071875 0.0921875
0 0.9875 0.51875 0.025 0.084375
0 0.98203125 0.6859375 0.0359375 0.071875
0 0.80859375 0.11953125 0.109375 0.1171875
0 0.7875 0.0265625 0.175 0.053125
0 0.9265625 0.1109375 0.096875 0.0921875
0 0.95 0.03203125 0.084375 0.0640625