0 0.31328125 0.12734375 0.0515625 0.0359375
0 0.45546875 0.16953125 0.0578125 0.040625
0 0.48515625 0.20546875 0.0515625 0.034375
0 0.434375 0.203125 0.04375 0.034375
0 0.48515625 0.2484375 0.05 0.0390625
0 0.446875 0.2921875 0.0625 0.0484375
0 0.35625 0.284375 0.0484375 0.03125
0 0.29296875 0.26640625 0.04375 0.03125
0 0.371875 0.25703125 0.0421875 0.0265625
0 0.31953125 0.321875 0.059375 0.046875
0 0.3890625 0.3375 0.053125 0.0375
0 0.50859375 0.36796875 0.05625 0.028125
0 0.3390625 0.375 0.071875 0.0453125
0 0.2640625 0.371875 0.04375 0.0359375
0 0.25390625 0.32265625 0.0625 0.0359375
0 0.19921875 0.4453125 0.0640625 0.0421875
0 0.225 0.47421875 0.0546875 0.0359375
0 0.24140625 0.49765625 0.0484375 0.0328125
0 0.38359375 0.58828125 0.053125 0.04375
0 0.34921875 0.57890625 0.0546875 0.0359375
0 0.40390625 0.4859375 0.0375 0.03125
0 0.509375 0.5140625 0.0375 0.0265625
0 0.85 0.36484375 0.0609375 0.040625
0 0.79609375 0.35234375 0.0484375 0.025
0 0.80078125 0.48046875 0.059375 0.04375
0 0.76328125 0.48125 0.0578125 0.0328125
0 0.85234375 0.5546875 0.0640625 0.0421875
0 0.78359375 0.60703125 0.0640625 0.0390625
0 0.96484375 0.259375 0.053125 0.04375