0 0.85390625 0.3109375 0.059375 0.0859375
0 0.41640625 0.3484375 0.0671875 0.103125
0 0.4328125 0.496875 0.025 0.0890625
0 0.65625 0.58359375 0.0796875 0.078125
0 0.7953125 0.60546875 0.0375 0.096875
0 0.04609375 0.64453125 0.0890625 0.075
0 0.3125 0.646875 0.090625 0.13359375
0 0.22578125 0.68046875 0.0484375 0.09453125
0 0.70703125 0.0734375 0.1015625 0.146875
0 0.95859375 0.746875 0.08125 0.125
0 0.13984375 0.8890625 0.0765625 0.1390625
0 0.665625 0.96484375 0.065625 0.0703125
0 0.82265625 0.171875 0.0859375 0.11640625
0 0.06953125 0.209375 0.0859375 0.11953125