0 0.5234375 0.24296875 0.09375 0.05625
0 0.51484375 0.2703125 0.0609375 0.0421875
0 0.35703125 0.42265625 0.0765625 0.0546875
0 0.440625 0.4109375 0.084375 0.0484375
0 0.4890625 0.390625 0.0734375 0.0515625
0 0.5390625 0.346875 0.078125 0.0453125
0 0.47734375 0.465625 0.08125 0.0484375
0 0.39375 0.47109375 0.0921875 0.046875
0 0.59453125 0.53046875 0.059375 0.0453125
0 0.5765625 0.56875 0.0796875 0.053125
0 0.54765625 0.659375 0.0703125 0.0453125
0 0.5203125 0.665625 0.05 0.046875
0 0.42421875 0.63984375 0.046875 0.0328125
0 0.3859375 0.61640625 0.071875 0.040625
0 0.353125 0.63515625 0.0796875 0.04375