0 0.778125 0.06640625 0.1890625 0.1125
0 0.38984375 0.0515625 0.0734375 0.0734375
0 0.5375 0.09375 0.08125 0.08125
0 0.109375 0.04453125 0.128125 0.0890625
0 0.09921875 0.13125 0.1515625 0.128125
0 0.3296875 0.11171875 0.0640625 0.0703125
0 0.48046875 0.4265625 0.0421875 0.0640625
0 0.75703125 0.36015625 0.1296875 0.115625
0 0.96328125 0.1515625 0.0734375 0.121875
0 0.05234375 0.26171875 0.084375 0.1015625
0 0.39140625 0.640625 0.1703125 0.140625
0 0.49921875 0.65625 0.0984375 0.1109375
0 0.83984375 0.509375 0.1578125 0.1671875
0 0.87578125 0.68046875 0.08125 0.06875
0 0.88828125 0.61875 0.0703125 0.0671875
0 0.4859375 0.96953125 0.1125 0.0609375