0 0.49375 0.2421875 0.075 0.0953125
0 0.76328125 0.23515625 0.0796875 0.0875
0 0.82890625 0.228125 0.0625 0.0765625
0 0.87109375 0.31796875 0.06875 0.078125
0 0.94765625 0.28671875 0.0828125 0.103125
0 0.8828125 0.39453125 0.0734375 0.084375
0 0.79296875 0.54453125 0.0796875 0.0921875
0 0.87890625 0.53046875 0.078125 0.0828125
0 0.89140625 0.62734375 0.06875 0.0703125
0 0.89296875 0.58984375 0.053125 0.053125
0 0.940625 0.5609375 0.078125 0.0984375
0 0.9765625 0.5921875 0.0453125 0.0703125
0 0.7859375 0.7234375 0.0578125 0.0578125
0 0.803125 0.675 0.0625 0.0765625
0 0.8375 0.70859375 0.0671875 0.084375
0 0.721875 0.63046875 0.071875 0.084375
0 0.62109375 0.571875 0.084375 0.0921875
0 0.6203125 0.52265625 0.065625 0.0796875
0 0.68203125 0.4765625 0.0703125 0.0828125
0 0.56015625 0.440625 0.0796875 0.0796875
0 0.5796875 0.396875 0.075 0.0875
0 0.48046875 0.3296875 0.075 0.090625
0 0.42421875 0.39453125 0.075 0.0875
0 0.171875 0.15546875 0.071875 0.071875
0 0.275 0.3203125 0.059375 0.0625
0 0.31171875 0.26640625 0.06875 0.0828125
0 0.2015625 0.33203125 0.0734375 0.08125
0 0.22421875 0.2953125 0.071875 0.084375
0 0.32734375 0.51015625 0.075 0.0890625
0 0.275 0.58125 0.071875 0.0828125
0 0.340625 0.6375 0.075 0.0921875
0 0.40234375 0.60546875 0.0578125 0.075
0 0.41484375 0.78125 0.0890625 0.090625
0 0.41640625 0.70859375 0.059375 0.08125
0 0.4578125 0.853125 0.0734375 0.0921875
0 0.621875 0.9421875 0.0671875 0.0765625
0 0.7109375 0.9109375 0.078125 0.0921875
0 0.725 0.9484375 0.0625 0.06875
0 0.58984375 0.77421875 0.0703125 0.084375
0 0.03203125 0.7953125 0.0640625 0.103125
0 0.0671875 0.8375 0.0796875 0.0984375
0 0.0515625 0.590625 0.0734375 0.096875
0 0.1421875 0.6328125 0.0765625 0.084375
0 0.02890625 0.68046875 0.0578125 0.0953125
0 0.10859375 0.78359375 0.0640625 0.0890625
0 0.1203125 0.7078125 0.0609375 0.078125
0 0.18359375 0.7359375 0.0703125 0.075
0 0.32109375 0.93984375 0.0625 0.0703125
0 0.59453125 0.3015625 0.0515625 0.046875
0 0.621875 0.253125 0.0671875 0.0703125
0 0.4703125 0.52109375 0.0546875 0.071875
0 0.4640625 0.6375 0.0671875 0.0734375
0 0.21171875 0.41953125 0.071875 0.0984375