0 0.4734375 0.19453125 0.05625 0.0328125
0 0.60703125 0.23203125 0.0515625 0.03125
0 0.63671875 0.2578125 0.053125 0.028125
0 0.590625 0.26328125 0.053125 0.028125
0 0.6328125 0.29765625 0.053125 0.03125
0 0.58671875 0.3375 0.05625 0.0328125
0 0.509375 0.33203125 0.0421875 0.034375
0 0.45625 0.3203125 0.04375 0.0375
0 0.4703125 0.37265625 0.0703125 0.0375
0 0.53359375 0.38203125 0.0390625 0.0265625
0 0.4890625 0.4234375 0.0796875 0.0453125
0 0.415625 0.3734375 0.0421875 0.0265625
0 0.6296875 0.40703125 0.053125 0.0234375
0 0.41796875 0.41640625 0.04375 0.0375
0 0.34765625 0.4875 0.059375 0.0390625
0 0.37265625 0.5125 0.0421875 0.034375
0 0.3828125 0.53671875 0.0390625 0.028125
0 0.196875 0.5265625 0.053125 0.0296875
0 0.615625 0.5453125 0.053125 0.0328125
0 0.521875 0.6234375 0.065625 0.040625
0 0.48515625 0.60703125 0.0609375 0.03125
0 0.54921875 0.51796875 0.059375 0.03125
0 0.9703125 0.3921875 0.05625 0.0359375
0 0.909375 0.39140625 0.05625 0.0296875
0 0.92578125 0.5140625 0.0625 0.0359375
0 0.875 0.50625 0.0453125 0.0234375
0 0.96875 0.5796875 0.0484375 0.03125
0 0.8625 0.5859375 0.0421875 0.028125
0 0.88828125 0.625 0.0734375 0.034375