0 0.78359375 0.08046875 0.2015625 0.125
0 0.45078125 0.08984375 0.2171875 0.1796875
0 0.5828125 0.25859375 0.190625 0.1609375
0 0.91796875 0.43984375 0.1640625 0.1578125
0 0.6234375 0.57578125 0.15 0.1234375
0 0.45 0.38671875 0.0875 0.08125
0 0.66875 0.1953125 0.096875 0.1
0 0.68125 0.29453125 0.1046875 0.10625
0 0.75625 0.52734375 0.1 0.0734375
0 0.86796875 0.6625 0.1390625 0.121875
0 0.8984375 0.828125 0.15 0.1328125
0 0.5921875 0.78359375 0.140625 0.1171875
0 0.45703125 0.81328125 0.0734375 0.0640625
0 0.48984375 0.71875 0.06875 0.0625
0 0.46015625 0.67265625 0.0515625 0.059375
0 0.89375 0.90078125 0.1171875 0.08125