0 0.45234375 0.4671875 0.1609375 0.215625
0 0.55703125 0.42734375 0.1171875 0.1828125
0 0.0890625 0.59375 0.13125 0.175
0 0.24375 0.653125 0.103125 0.18125
0 0.1828125 0.92265625 0.171875 0.1546875
0 0.4 0.88671875 0.159375 0.2265625
0 0.95859375 0.415625 0.0828125 0.09375
0 0.234375 0.334375 0.109375 0.10625
0 0.87421875 0.678125 0.0890625 0.090625
0 0.7265625 0.70625 0.071875 0.0875
0 0.64921875 0.7328125 0.0671875 0.096875
0 0.7578125 0.60078125 0.053125 0.0796875
0 0.91640625 0.54609375 0.0578125 0.0703125
0 0.89140625 0.375 0.0515625 0.071875