0 0.4359375 0.21328125 0.053125 0.0390625
0 0.4140625 0.23125 0.03125 0.03125
0 0.57265625 0.2046875 0.0625 0.04375
0 0.559375 0.2375 0.0484375 0.034375
0 0.61328125 0.21953125 0.053125 0.034375
0 0.8890625 0.259375 0.046875 0.03125
0 0.9328125 0.23984375 0.0375 0.028125
0 0.95390625 0.359375 0.05625 0.0390625
0 0.91640625 0.36875 0.0484375 0.034375
0 0.9578125 0.47578125 0.0375 0.034375
0 0.9234375 0.4546875 0.059375 0.0421875
0 0.61171875 0.259375 0.0578125 0.034375
0 0.5921875 0.30546875 0.06875 0.05
0 0.45703125 0.3328125 0.06875 0.0390625
0 0.51640625 0.32890625 0.0546875 0.034375
0 0.49296875 0.378125 0.0625 0.04375
0 0.55546875 0.365625 0.040625 0.0296875
0 0.52734375 0.42109375 0.0640625 0.046875
0 0.43671875 0.40390625 0.0359375 0.0296875
0 0.4171875 0.52578125 0.0640625 0.0421875
0 0.29609375 0.609375 0.0484375 0.028125
0 0.44296875 0.54375 0.05 0.0375
0 0.46953125 0.56015625 0.05625 0.0265625
0 0.68359375 0.48984375 0.0546875 0.025
0 0.65546875 0.50546875 0.046875 0.0328125
0 0.61796875 0.5921875 0.0609375 0.0484375
0 0.571875 0.5953125 0.040625 0.03125
0 0.796875 0.58125 0.040625 0.028125