0 0.59765625 0.90546875 0.0703125 0.053125
0 0.6640625 0.85703125 0.071875 0.05
0 0.89453125 0.8875 0.08125 0.0453125
0 0.8375 0.95703125 0.0671875 0.0359375
0 0.6109375 0.84375 0.06875 0.04375
0 0.703125 0.8265625 0.0625 0.0421875
0 0.840625 0.7859375 0.09375 0.0546875
0 0.884375 0.7125 0.0796875 0.05625
0 0.51171875 0.69375 0.084375 0.0515625
0 0.3703125 0.7015625 0.078125 0.05625
0 0.2859375 0.7375 0.0921875 0.0546875
0 0.09609375 0.8296875 0.078125 0.0546875
0 0.1109375 0.92109375 0.06875 0.0421875
0 0.18125 0.546875 0.075 0.05
0 0.175 0.59765625 0.0609375 0.046875
0 0.64296875 0.340625 0.1 0.065625
0 0.884375 0.28984375 0.0625 0.046875
0 0.31796875 0.27890625 0.065625 0.0515625
0 0.41953125 0.2859375 0.0921875 0.0640625
0 0.621875 0.2109375 0.053125 0.0390625
0 0.11640625 0.1578125 0.1125 0.059375
0 0.60703125 0.05 0.0890625 0.0671875