0 0.615625 0.1984375 0.1265625 0.1828125
0 0.70390625 0.30234375 0.13125 0.1953125
0 0.80390625 0.38359375 0.1140625 0.1578125
0 0.52421875 0.35859375 0.121875 0.1734375
0 0.4125 0.40546875 0.1171875 0.171875
0 0.25546875 0.4046875 0.1140625 0.1671875
0 0.15 0.39375 0.109375 0.1578125
0 0.04453125 0.40390625 0.0890625 0.175
0 0.16328125 0.9140625 0.0984375 0.1234375
0 0.59296875 0.7796875 0.096875 0.1140625
0 0.61875 0.92890625 0.11875 0.1421875
0 0.7078125 0.93359375 0.103125 0.1328125
0 0.66875 0.83125 0.0953125 0.1046875
0 0.57421875 0.88515625 0.1015625 0.1375
0 0.509375 0.92890625 0.0859375 0.1
0 0.48125 0.80703125 0.0640625 0.1046875
0 0.5296875 0.78359375 0.075 0.1296875
0 0.68515625 0.771875 0.0890625 0.103125
0 0.74375 0.8640625 0.0796875 0.1140625