0 0.49375 0.26640625 0.1375 0.1484375
0 0.059375 0.2390625 0.11875 0.15
0 0.2125 0.278125 0.14375 0.1671875
0 0.3296875 0.26875 0.1140625 0.159375
0 0.38984375 0.25234375 0.0796875 0.128125
0 0.15703125 0.45 0.1890625 0.2140625
0 0.05390625 0.521875 0.1078125 0.15625
0 0.4609375 0.61875 0.140625 0.159375
0 0.35859375 0.67265625 0.121875 0.128125
0 0.6078125 0.615625 0.1296875 0.153125
0 0.70546875 0.61640625 0.1203125 0.14375
0 0.8578125 0.66953125 0.1078125 0.125
0 0.74375 0.78359375 0.103125 0.125
0 0.55625 0.8203125 0.09375 0.0875
0 0.50859375 0.48984375 0.0953125 0.128125