0 0.29921875 0.2 0.1671875 0.240625
0 0.54609375 0.43125 0.1890625 0.25
0 0.115625 0.66015625 0.23125 0.3703125
0 0.75078125 0.93125 0.2453125 0.1375
0 0.66484375 0.81875 0.1921875 0.3
0 0.5015625 0.9515625 0.109375 0.096875
0 0.78203125 0.6390625 0.1671875 0.240625
0 0.88984375 0.38984375 0.1578125 0.2453125
0 0.77890625 0.2390625 0.1421875 0.20625
0 0.815625 0.053125 0.171875 0.10625
0 0.64453125 0.0453125 0.1671875 0.090625
0 0.56953125 0.1125 0.1765625 0.225
0 0.2078125 0.08515625 0.18125 0.1703125
0 0.42578125 0.340625 0.1359375 0.209375
0 0.45078125 0.5453125 0.1703125 0.19375
0 0.34375 0.390625 0.128125 0.196875
0 0.68984375 0.503125 0.1484375 0.259375