0 0.4 0.1765625 0.1875 0.2671875
0 0.1953125 0.26796875 0.159375 0.221875
0 0.07109375 0.56953125 0.1421875 0.2609375
0 0.08125 0.44765625 0.1625 0.2484375
0 0.2296875 0.484375 0.1765625 0.240625
0 0.19453125 0.84140625 0.21875 0.30625
0 0.284375 0.6578125 0.2015625 0.25625
0 0.384375 0.88828125 0.184375 0.2234375
0 0.36484375 0.471875 0.1484375 0.2140625
0 0.5125 0.51953125 0.209375 0.2703125
0 0.44765625 0.7796875 0.2171875 0.259375
0 0.571875 0.903125 0.215625 0.19375
0 0.58359375 0.715625 0.184375 0.2375
0 0.72109375 0.61796875 0.209375 0.2859375
0 0.778125 0.37421875 0.190625 0.265625
0 0.61640625 0.35078125 0.2109375 0.275
0 0.6359375 0.196875 0.16875 0.2
0 0.71953125 0.06875 0.1703125 0.1375
0 0.88359375 0.278125 0.184375 0.2203125
0 0.8671875 0.565625 0.2 0.2671875
0 0.87578125 0.84140625 0.2 0.2234375
0 0.94609375 0.74375 0.1078125 0.240625
0 0.48671875 0.1078125 0.1953125 0.215625
0 0.0359375 0.19140625 0.071875 0.2328125
0 0.2421875 0.12265625 0.14375 0.184375
0 0.74140625 0.88828125 0.1484375 0.1703125
0 0.878125 0.11484375 0.1421875 0.146875