0 0.3609375 0.2328125 0.234375 0.2046875
0 0.3796875 0.059375 0.103125 0.096875
0 0.16171875 0.21953125 0.1578125 0.1625
0 0.1328125 0.5265625 0.265625 0.228125
0 0.0578125 0.53671875 0.115625 0.1703125
0 0.359375 0.60859375 0.134375 0.1125
0 0.59140625 0.43359375 0.2078125 0.178125
0 0.74609375 0.51328125 0.20625 0.16875
0 0.6203125 0.62734375 0.128125 0.1109375
0 0.57734375 0.68046875 0.1171875 0.0921875
0 0.25078125 0.82265625 0.1609375 0.134375
0 0.46875 0.7671875 0.071875 0.071875
0 0.65546875 0.7921875 0.1765625 0.1484375
0 0.61875 0.89765625 0.165625 0.134375
0 0.9703125 0.315625 0.059375 0.1125
0 0.9515625 0.271875 0.0734375 0.0765625
0 0.6359375 0.30703125 0.0703125 0.06875
0 0.9375 0.13671875 0.0765625 0.075