0 0.903125 0.4296875 0.19375 0.265625
0 0.79296875 0.446875 0.134375 0.2171875
0 0.821875 0.82109375 0.2421875 0.2859375
0 0.63671875 0.85703125 0.221875 0.2703125
0 0.56796875 0.7203125 0.196875 0.228125
0 0.3984375 0.50390625 0.2296875 0.2953125
0 0.25546875 0.41953125 0.19375 0.2671875
0 0.0953125 0.46015625 0.190625 0.2828125
0 0.571875 0.07890625 0.184375 0.1578125
0 0.240625 0.18828125 0.1828125 0.2234375
0 0.1171875 0.19453125 0.1484375 0.203125
0 0.23203125 0.06171875 0.1515625 0.1234375