0 0.128125 0.4921875 0.25625 0.21875
0 0.453125 0.44453125 0.196875 0.178125
0 0.5890625 0.46015625 0.1921875 0.1625
0 0.6703125 0.53203125 0.171875 0.140625
0 0.79609375 0.51875 0.1625 0.1390625
0 0.9359375 0.56171875 0.128125 0.1234375
0 0.978125 0.52265625 0.04375 0.0953125
0 0.5203125 0.70390625 0.109375 0.0875
0 0.44296875 0.76328125 0.0890625 0.075
0 0.36015625 0.8046875 0.1 0.0921875
0 0.3140625 0.88515625 0.09375 0.08125
0 0.2921875 0.5609375 0.0921875 0.08125
0 0.2453125 0.42109375 0.1515625 0.15