0 0.1625 0.04921875 0.134375 0.0984375
0 0.6890625 0.65390625 0.2984375 0.29375
0 0.25859375 0.62109375 0.3171875 0.3140625
0 0.5828125 0.3578125 0.290625 0.284375
0 0.52265625 0.146875 0.3296875 0.29375
0 0.42109375 0.28984375 0.2421875 0.259375
0 0.45 0.43671875 0.2375 0.2140625
0 0.7109375 0.15546875 0.221875 0.2484375
0 0.7984375 0.09453125 0.2015625 0.109375
0 0.88046875 0.4875 0.2390625 0.303125
0 0.6890625 0.6578125 0.3265625 0.33125
0 0.265625 0.628125 0.3515625 0.35
0 0.1953125 0.35703125 0.3046875 0.2765625
0 0.09296875 0.6296875 0.1859375 0.21875
0 0.39921875 0.5734375 0.1890625 0.2109375
0 0.559375 0.77578125 0.20625 0.2046875