0 0.73515625 0.3078125 0.078125 0.0546875
0 0.71953125 0.3375 0.090625 0.053125
0 0.69765625 0.384375 0.08125 0.0484375
0 0.62890625 0.365625 0.0828125 0.0515625
0 0.5609375 0.475 0.0875 0.05625
0 0.62890625 0.4703125 0.071875 0.0515625
0 0.6828125 0.4515625 0.096875 0.0546875
0 0.73046875 0.4890625 0.0625 0.0453125
0 0.6640625 0.534375 0.0796875 0.05
0 0.58203125 0.515625 0.071875 0.05
0 0.73203125 0.6328125 0.0859375 0.0546875
0 0.76875 0.5921875 0.0734375 0.046875
0 0.53046875 0.67890625 0.059375 0.0421875
0 0.49296875 0.68359375 0.1015625 0.0484375
0 0.56640625 0.6953125 0.0671875 0.04375
0 0.71875 0.72109375 0.078125 0.053125
0 0.79296875 0.72109375 0.10625 0.053125
0 0.68125 0.66875 0.0828125 0.0421875
0 0.02265625 0.53828125 0.0453125 0.0484375
0 0.68125 0.734375 0.0953125 0.059375