0 0.32734375 0.27890625 0.075 0.0609375
0 0.1359375 0.265625 0.053125 0.0390625
0 0.25546875 0.35859375 0.0765625 0.0515625
0 0.2546875 0.384375 0.0671875 0.0453125
0 0.38046875 0.3859375 0.0765625 0.05
0 0.60078125 0.2765625 0.0796875 0.059375
0 0.58046875 0.33046875 0.0828125 0.053125
0 0.359375 0.51171875 0.0640625 0.040625
0 0.26953125 0.45625 0.075 0.04375
0 0.53671875 0.5796875 0.071875 0.053125
0 0.80859375 0.625 0.0765625 0.0453125
0 0.93671875 0.64140625 0.078125 0.053125
0 0.9328125 0.6015625 0.065625 0.0484375
0 0.921875 0.74453125 0.0578125 0.046875
0 0.2171875 0.684375 0.06875 0.046875
0 0.9609375 0.42109375 0.075 0.0546875
0 0.91328125 0.409375 0.0765625 0.046875
0 0.94140625 0.4328125 0.0609375 0.0359375
0 0.6890625 0.4625 0.0609375 0.05