0 0.15 0.084375 0.24375 0.16875
0 0.509375 0.0796875 0.203125 0.159375
0 0.72265625 0.06484375 0.24375 0.1140625
0 0.85078125 0.11328125 0.2078125 0.184375
0 0.53984375 0.16875 0.1515625 0.1015625
0 0.1984375 0.31484375 0.390625 0.321875
0 0.78359375 0.35703125 0.3671875 0.3046875
0 0.50625 0.3625 0.284375 0.23125
0 0.475 0.6515625 0.3890625 0.3375
0 0.08515625 0.55 0.1703125 0.221875
0 0.88359375 0.56484375 0.2328125 0.2296875
0 0.70546875 0.73984375 0.1546875 0.1703125
0 0.671875 0.51953125 0.1921875 0.159375