0 0.4484375 0.4734375 0.1859375 0.234375
0 0.54765625 0.42109375 0.1390625 0.1953125
0 0.10390625 0.64296875 0.1515625 0.1890625
0 0.2640625 0.68359375 0.125 0.1921875
0 0.23671875 0.93515625 0.1890625 0.1296875
0 0.44765625 0.88671875 0.1859375 0.2265625
0 0.94453125 0.36015625 0.09375 0.103125
0 0.21640625 0.36796875 0.121875 0.11875
0 0.89296875 0.63125 0.1 0.1015625
0 0.75 0.67734375 0.08125 0.0953125
0 0.6765625 0.71328125 0.078125 0.1046875
0 0.76796875 0.56875 0.0625 0.0859375
0 0.91875 0.4953125 0.065625 0.0765625
0 0.8734375 0.328125 0.059375 0.078125