0 0.5828125 0.15625 0.125 0.0875
0 0.9078125 0.2203125 0.140625 0.1078125
0 0.78046875 0.225 0.1328125 0.1046875
0 0.340625 0.3265625 0.1453125 0.1140625
0 0.20390625 0.375 0.1765625 0.1140625
0 0.0703125 0.4625 0.140625 0.134375
0 0.215625 0.4875 0.178125 0.134375
0 0.08515625 0.571875 0.1703125 0.13125
0 0.2703125 0.6109375 0.1453125 0.1015625
0 0.50625 0.59375 0.171875 0.121875
0 0.484375 0.4609375 0.153125 0.1078125
0 0.334375 0.48359375 0.11875 0.096875
0 0.38671875 0.446875 0.109375 0.0984375
0 0.5203125 0.4171875 0.109375 0.0765625
0 0.7453125 0.4671875 0.1640625 0.1
0 0.69453125 0.5546875 0.140625 0.096875
0 0.60078125 0.67890625 0.1859375 0.1171875
0 0.7984375 0.72890625 0.1796875 0.11875
0 0.88515625 0.6890625 0.15625 0.103125
0 0.8328125 0.58359375 0.140625 0.1140625
0 0.9265625 0.49140625 0.146875 0.1078125
0 0.88359375 0.378125 0.1578125 0.1109375
0 0.5484375 0.26484375 0.1171875 0.0890625
0 0.79453125 0.94140625 0.1921875 0.1171875
0 0.5515625 0.81484375 0.134375 0.1109375
0 0.43125 0.80625 0.1453125 0.1203125
0 0.31640625 0.690625 0.1265625 0.0796875
0 0.8515625 0.9265625 0.1625 0.1109375
0 0.89140625 0.9765625 0.0828125 0.046875