0 0.18515625 0.90078125 0.0765625 0.0546875
0 0.9 0.8234375 0.115625 0.0828125
0 0.56640625 0.6890625 0.1203125 0.08125
0 0.328125 0.78984375 0.0921875 0.0765625
0 0.09375 0.665625 0.0828125 0.05
0 0.5625 0.4671875 0.0609375 0.0453125
0 0.5359375 0.39296875 0.0703125 0.0515625
0 0.37421875 0.3765625 0.1203125 0.0625
0 0.40078125 0.33671875 0.1 0.0625
0 0.0734375 0.20625 0.075 0.0734375
0 0.5578125 0.246875 0.096875 0.0671875
0 0.4578125 0.17265625 0.0921875 0.06875
0 0.54296875 0.1796875 0.1171875 0.090625
0 0.62890625 0.17734375 0.090625 0.0765625
0 0.3609375 0.01640625 0.06875 0.0328125