0 0.021875 0.134375 0.04375 0.221875
0 0.39453125 0.4265625 0.1765625 0.2296875
0 0.36015625 0.97109375 0.0546875 0.0578125
0 0.16640625 0.4296875 0.20625 0.2546875
0 0.78515625 0.65 0.01875 0.0234375
0 0.7921875 0.92734375 0.0328125 0.040625
0 0.83828125 0.61015625 0.0171875 0.021875
0 0.309375 0.6578125 0.19375 0.2609375
0 0.628125 0.59609375 0.015625 0.0203125
0 0.63984375 0.73984375 0.01875 0.028125
0 0.03203125 0.64765625 0.0578125 0.1640625
0 0.46171875 0.5203125 0.0734375 0.1203125
0 0.37890625 0.828125 0.1859375 0.2546875