0 0.40390625 0.18828125 0.1890625 0.2609375
0 0.5171875 0.27578125 0.184375 0.2734375
0 0.3046875 0.07890625 0.1625 0.1578125
0 0.23515625 0.26953125 0.2234375 0.309375
0 0.08515625 0.3265625 0.1671875 0.290625
0 0.36015625 0.40546875 0.1828125 0.2421875
0 0.47109375 0.44453125 0.128125 0.1828125
0 0.534375 0.53828125 0.1890625 0.2484375
0 0.628125 0.69609375 0.1671875 0.2234375
0 0.75234375 0.92734375 0.1859375 0.1453125
0 0.61484375 0.88828125 0.1515625 0.1609375
0 0.034375 0.8328125 0.06875 0.190625