0 0.28984375 0.05078125 0.2046875 0.1015625
0 0.33203125 0.13671875 0.0953125 0.109375
0 0.11015625 0.25625 0.1578125 0.15625
0 0.14921875 0.60234375 0.08125 0.075
0 0.30390625 0.54140625 0.1 0.1265625
0 0.1765625 0.33515625 0.04375 0.0515625
0 0.00625 0.65234375 0.0125 0.1140625
0 0.9875 0.11484375 0.025 0.0453125
0 0.6484375 0.24453125 0.1921875 0.2
0 0.80625 0.428125 0.0671875 0.065625
0 0.86484375 0.3328125 0.0578125 0.0625
0 0.66015625 0.44140625 0.1796875 0.1828125
0 0.7546875 0.725 0.0578125 0.065625
0 0.5078125 0.58828125 0.1921875 0.184375
0 0.5140625 0.76171875 0.16875 0.171875
0 0.33515625 0.88828125 0.16875 0.165625
0 0.5828125 0.84921875 0.0640625 0.040625
0 0.26953125 0.9359375 0.0796875 0.065625
0 0.38046875 0.9453125 0.1578125 0.1078125
0 0.4984375 0.2890625 0.19375 0.1578125