0 0.109375 0.13125 0.1421875 0.1203125
0 0.53125 0.034375 0.1375 0.06875
0 0.515625 0.12578125 0.0640625 0.0703125
0 0.03359375 0.29765625 0.0671875 0.1703125
0 0.10234375 0.26875 0.175 0.1890625
0 0.0546875 0.61484375 0.0859375 0.0609375
0 0.2109375 0.6015625 0.2203125 0.23125
0 0.09375 0.775 0.09375 0.09375
0 0.61015625 0.30078125 0.15625 0.15625
0 0.5984375 0.37265625 0.1125 0.10625
0 0.5578125 0.5 0.1328125 0.1375
0 0.6328125 0.571875 0.0484375 0.0703125
0 0.61484375 0.6671875 0.0625 0.05625
0 0.60859375 0.83046875 0.05 0.0578125
0 0.79921875 0.10390625 0.1375 0.165625
0 0.9171875 0.15859375 0.0484375 0.10625
0 0.8328125 0.3796875 0.1828125 0.178125
0 0.95859375 0.3890625 0.0671875 0.065625