0 0.24296875 0.78984375 0.078125 0.05625
0 0.85078125 0.803125 0.0765625 0.0546875
0 0.75625 0.73671875 0.05625 0.046875
0 0.82265625 0.684375 0.090625 0.0609375
0 0.87421875 0.6625 0.065625 0.05625
0 0.61015625 0.64140625 0.0734375 0.053125
0 0.5796875 0.65625 0.059375 0.0484375
0 0.04453125 0.57265625 0.084375 0.05625
0 0.32265625 0.521875 0.0953125 0.0609375
0 0.04296875 0.44140625 0.0859375 0.0703125
0 0.07421875 0.4046875 0.096875 0.065625
0 0.71171875 0.35703125 0.1078125 0.075
0 0.7796875 0.340625 0.075 0.0625
0 0.8421875 0.33125 0.0859375 0.0640625
0 0.55546875 0.3203125 0.078125 0.05625
0 0.5140625 0.25234375 0.0921875 0.059375
0 0.58203125 0.23828125 0.071875 0.0578125
0 0.2828125 0.22578125 0.090625 0.0609375
0 0.83984375 0.20546875 0.0734375 0.0578125
0 0.90546875 0.1546875 0.059375 0.05
0 0.7890625 0.06171875 0.1140625 0.0796875