0 0.34375 0.3 0.396875 0.303125
0 0.6515625 0.2625 0.296875 0.2546875
0 0.0515625 0.5625 0.103125 0.196875
0 0.16484375 0.7265625 0.2171875 0.1734375
0 0.4828125 0.5609375 0.4140625 0.321875
0 0.78828125 0.46484375 0.340625 0.221875
0 0.8515625 0.359375 0.24375 0.1703125
0 0.84453125 0.64375 0.221875 0.2078125
0 0.9359375 0.6109375 0.128125 0.203125
0 0.94453125 0.8875 0.1109375 0.121875
0 0.528125 0.865625 0.3875 0.26875
0 0.284375 0.93359375 0.246875 0.1328125
0 0.1046875 0.8453125 0.146875 0.215625
0 0.4703125 0.703125 0.225 0.128125
0 0.25625 0.8359375 0.1984375 0.13125
0 0.303125 0.7 0.140625 0.1234375
0 0.1125 0.984375 0.1 0.03125
0 0.02578125 0.30078125 0.0515625 0.1609375