0 0.6359375 0.465625 0.2046875 0.1859375
0 0.7640625 0.36484375 0.1921875 0.1734375
0 0.46484375 0.34375 0.175 0.1375
0 0.49765625 0.4421875 0.18125 0.1609375
0 0.3578125 0.4921875 0.190625 0.184375
0 0.28125 0.6140625 0.215625 0.1875
0 0.1078125 0.56640625 0.215625 0.1921875
0 0.1015625 0.34140625 0.2015625 0.228125
0 0.171875 0.14375 0.1265625 0.128125
0 0.22578125 0.171875 0.109375 0.109375
0 0.5453125 0.60859375 0.1421875 0.125
0 0.5015625 0.71171875 0.128125 0.1125
0 0.61796875 0.70703125 0.1234375 0.1203125
0 0.5 0.81640625 0.128125 0.1234375
0 0.6296875 0.81328125 0.159375 0.1265625
0 0.559375 0.87109375 0.128125 0.1015625
0 0.77265625 0.584375 0.0859375 0.075
0 0.7640625 0.48359375 0.1203125 0.1109375