0 0.55703125 0.1796875 0.3140625 0.3046875
0 0.5546875 0.453125 0.265625 0.2953125
0 0.8515625 0.73828125 0.296875 0.3359375
0 0.75234375 0.50703125 0.2828125 0.2546875
0 0.684375 0.3125 0.134375 0.19375
0 0.29453125 0.61875 0.2546875 0.278125
0 0.09921875 0.61875 0.196875 0.2046875
0 0.06875 0.490625 0.1375 0.125
0 0.2703125 0.4640625 0.228125 0.1640625
0 0.265625 0.7859375 0.25 0.228125
0 0.4453125 0.69765625 0.1875 0.2703125
0 0.35546875 0.9796875 0.1796875 0.040625
0 0.5140625 0.9328125 0.153125 0.134375
0 0.971875 0.5921875 0.05625 0.084375
0 0.9671875 0.440625 0.065625 0.103125
0 0.91171875 0.39765625 0.0796875 0.09375
0 0.11171875 0.8296875 0.071875 0.1390625