0 0.1015625 0.4171875 0.140625 0.19375
0 0.20078125 0.3796875 0.128125 0.171875
0 0.340625 0.41015625 0.134375 0.1625
0 0.38203125 0.334375 0.1265625 0.1734375
0 0.04296875 0.5359375 0.0859375 0.1625
0 0.19296875 0.5640625 0.134375 0.1578125
0 0.31640625 0.53359375 0.1265625 0.1328125
0 0.36875 0.7140625 0.1421875 0.1765625
0 0.3328125 0.97734375 0.071875 0.0453125
0 0.378125 0.96171875 0.065625 0.0765625
0 0.53828125 0.66953125 0.1234375 0.15625
0 0.6109375 0.809375 0.1234375 0.1625
0 0.6296875 0.93125 0.0796875 0.1078125
0 0.76953125 0.8046875 0.0859375 0.1265625
0 0.934375 0.7671875 0.13125 0.20625
0 0.85390625 0.68359375 0.1140625 0.1421875
0 0.76953125 0.60703125 0.125 0.1671875
0 0.56953125 0.57421875 0.096875 0.1171875
0 0.66484375 0.2265625 0.1328125 0.1859375
0 0.87890625 0.22890625 0.115625 0.146875
0 0.89921875 0.29296875 0.096875 0.078125
0 0.7609375 0.13046875 0.128125 0.1171875
0 0.66015625 0.09609375 0.1 0.125
0 0.55859375 0.346875 0.096875 0.1234375