0 0.10078125 0.29609375 0.2015625 0.2046875
0 0.165625 0.49609375 0.1625 0.16875
0 0.25625 0.6140625 0.1640625 0.1625
0 0.1484375 0.93125 0.171875 0.1375
0 0.8796875 0.1390625 0.11875 0.1203125
0 0.43046875 0.375 0.1859375 0.2015625
0 0.59921875 0.33984375 0.178125 0.1734375
0 0.928125 0.3953125 0.14375 0.19375
0 0.8 0.58828125 0.1875 0.1671875
0 0.92734375 0.575 0.1453125 0.175
0 0.47109375 0.81015625 0.184375 0.1828125
0 0.62109375 0.7984375 0.1765625 0.1828125
0 0.59375 0.95 0.159375 0.1
0 0.946875 0.88671875 0.10625 0.1328125