0 0.57265625 0.2578125 0.103125 0.05625
0 0.55703125 0.284375 0.09375 0.0375
0 0.43046875 0.44140625 0.09375 0.0609375
0 0.4953125 0.42578125 0.075 0.0484375
0 0.5453125 0.39921875 0.1046875 0.0421875
0 0.60625 0.3546875 0.0828125 0.040625
0 0.53203125 0.478125 0.075 0.0484375
0 0.440625 0.484375 0.0625 0.040625
0 0.4328125 0.63984375 0.046875 0.0375
0 0.40234375 0.65 0.0625 0.0375
0 0.46484375 0.6515625 0.05625 0.0359375
0 0.60078125 0.66953125 0.06875 0.0375
0 0.57734375 0.67421875 0.0859375 0.05
0 0.69296875 0.65703125 0.0625 0.04375
0 0.5875 0.6171875 0.0921875 0.0328125
0 0.63046875 0.5765625 0.0859375 0.0453125
0 0.62578125 0.53359375 0.075 0.0421875