0 0.0484375 0.31328125 0.059375 0.1
0 0.06328125 0.59765625 0.0578125 0.071875
0 0.21484375 0.7234375 0.08125 0.1015625
0 0.25625 0.2875 0.0765625 0.075
0 0.31171875 0.13046875 0.0625 0.09375
0 0.31328125 0.03984375 0.0796875 0.0796875
0 0.3703125 0.11640625 0.1 0.121875
0 0.36796875 0.321875 0.1 0.11875
0 0.44609375 0.265625 0.1125 0.1375
0 0.4390625 0.48359375 0.1046875 0.125
0 0.39140625 0.52109375 0.0640625 0.0859375
0 0.3890625 0.628125 0.0890625 0.1015625
0 0.484375 0.56640625 0.1015625 0.1015625
0 0.5 0.6484375 0.0703125 0.0890625
0 0.45546875 0.74609375 0.0390625 0.05
0 0.54140625 0.50234375 0.0953125 0.128125
0 0.62890625 0.49375 0.10625 0.1359375
0 0.68125 0.5828125 0.0875 0.10625
0 0.7609375 0.56328125 0.1 0.1171875
0 0.83515625 0.58359375 0.0859375 0.1078125
0 0.96640625 0.65078125 0.03125 0.05
0 0.83359375 0.6796875 0.01875 0.028125
0 0.6703125 0.98203125 0.071875 0.0359375
0 0.8640625 0.98828125 0.075 0.0234375
0 0.6375 0.115625 0.053125 0.0609375
0 0.64296875 0.053125 0.0484375 0.053125
0 0.68203125 0.0515625 0.046875 0.0515625
0 0.64921875 0.66015625 0.0640625 0.071875
0 0.6703125 0.18828125 0.053125 0.059375