0 0.403125 0.28671875 0.328125 0.40625
0 0.60234375 0.26015625 0.2484375 0.3171875
0 0.290625 0.74375 0.2890625 0.3484375
0 0.58125 0.74765625 0.2484375 0.3
0 0.69921875 0.728125 0.165625 0.2265625
0 0.48828125 0.7515625 0.1828125 0.2546875
0 0.5859375 0.43671875 0.18125 0.18125
0 0.75546875 0.5171875 0.15 0.2203125
0 0.134375 0.40234375 0.0875 0.09375
0 0.153125 0.371875 0.0765625 0.103125
0 0.18671875 0.4859375 0.0578125 0.0609375
0 0.35703125 0.475 0.2140625 0.2515625
0 0.33984375 0.93359375 0.05 0.0546875
0 0.37109375 0.99296875 0.0453125 0.0140625
0 0.41171875 0.9890625 0.0484375 0.021875