0 0.04140625 0.4203125 0.0796875 0.0609375
0 0.071875 0.6375 0.0875 0.0515625
0 0.16796875 0.603125 0.090625 0.0484375
0 0.346875 0.58671875 0.096875 0.0625
0 0.4109375 0.5453125 0.1046875 0.065625
0 0.6328125 0.540625 0.09375 0.053125
0 0.81328125 0.72734375 0.09375 0.0578125
0 0.94375 0.73984375 0.059375 0.04375
0 0.72890625 0.7578125 0.09375 0.053125
0 0.453125 0.81171875 0.0734375 0.0546875
0 0.475 0.909375 0.0671875 0.0375
0 0.82578125 0.28125 0.065625 0.0484375
0 0.94296875 0.29765625 0.096875 0.0640625
0 0.34921875 0.0140625 0.0984375 0.028125