0 0.07421875 0.05 0.07734375 0.1
0 0.25390625 0.03203125 0.10859375 0.0640625
0 0.14765625 0.125 0.08359375 0.115625
0 0.1609375 0.33203125 0.090625 0.1453125
0 0.0609375 0.45859375 0.09296875 0.1328125
0 0.01640625 0.5328125 0.0328125 0.13125
0 0.11953125 0.509375 0.05703125 0.09375
0 0.1234375 0.6359375 0.109375 0.14375
0 0.06796875 0.9109375 0.09140625 0.15
0 0.1515625 0.8328125 0.090625 0.159375
0 0.21015625 0.71953125 0.065625 0.1265625
0 0.25390625 0.7078125 0.06015625 0.115625
0 0.36015625 0.48828125 0.096875 0.1578125
0 0.43046875 0.56015625 0.09921875 0.1484375
0 0.40703125 0.62890625 0.10078125 0.1328125
0 0.38671875 0.7140625 0.06953125 0.08125
0 0.45078125 0.7734375 0.10703125 0.16875
0 0.5484375 0.79921875 0.096875 0.1453125
0 0.39609375 0.83515625 0.078125 0.1203125
0 0.43359375 0.94296875 0.08828125 0.1140625
0 0.57890625 0.66953125 0.09765625 0.1453125
0 0.48203125 0.3578125 0.09296875 0.15
0 0.5109375 0.49453125 0.09453125 0.1296875
0 0.61953125 0.528125 0.09765625 0.14375
0 0.62578125 0.40078125 0.09296875 0.1265625
0 0.5578125 0.24140625 0.10703125 0.1640625
0 0.61484375 0.1671875 0.09765625 0.14375
0 0.44453125 0.146875 0.08671875 0.121875
0 0.31171875 0.04296875 0.08046875 0.0859375
0 0.8453125 0.04296875 0.09921875 0.0859375
0 0.71640625 0.0875 0.09453125 0.140625
0 0.59296875 0.04453125 0.065625 0.0890625
0 0.74296875 0.47109375 0.10234375 0.1609375
0 0.87578125 0.28203125 0.05546875 0.0890625
0 0.68203125 0.95 0.05 0.075
0 0.81484375 0.178125 0.04140625 0.06484375
0 0.8515625 0.18359375 0.03828125 0.075
0 0.98125 0.0640625 0.0375 0.08125