0 0.278125 0.42421875 0.1296875 0.1671875
0 0.48671875 0.453125 0.140625 0.178125
0 0.32421875 0.54453125 0.1359375 0.1703125
0 0.87734375 0.9421875 0.1515625 0.115625
0 0.80703125 0.91015625 0.128125 0.165625
0 0.51328125 0.8953125 0.13125 0.175
0 0.58515625 0.5109375 0.115625 0.128125
0 0.64296875 0.909375 0.10625 0.1484375
0 0.58828125 0.87578125 0.1125 0.1578125
0 0.4453125 0.5765625 0.15 0.140625
0 0.375 0.45390625 0.1265625 0.1765625
0 0.5 0.7171875 0.1359375 0.11875
0 0.521875 0.6453125 0.1296875 0.1578125
0 0.4234375 0.70078125 0.0953125 0.1125