0 0.0390625 0.253125 0.078125 0.159375
0 0.30078125 0.765625 0.1734375 0.15625
0 0.78203125 0.0734375 0.2984375 0.146875
0 0.7125 0.1875 0.2390625 0.1859375
0 0.48984375 0.25 0.2078125 0.159375
0 0.396875 0.0640625 0.1875 0.128125
0 0.2578125 0.42890625 0.184375 0.1328125
0 0.5796875 0.409375 0.221875 0.184375
0 0.7671875 0.65703125 0.1546875 0.1484375
0 0.65625 0.734375 0.20625 0.159375
0 0.63515625 0.878125 0.1703125 0.1328125
0 0.73515625 0.86015625 0.08125 0.0921875
0 0.459375 0.9109375 0.1640625 0.1234375