0 0.06015625 0.97578125 0.0640625 0.0484375
0 0.4625 0.953125 0.08125 0.053125
0 0.52265625 0.93515625 0.0578125 0.046875
0 0.80625 0.9609375 0.0828125 0.0484375
0 0.63125 0.78671875 0.096875 0.059375
0 0.70546875 0.6765625 0.071875 0.0515625
0 0.8875 0.62578125 0.08125 0.053125
0 0.94375 0.53828125 0.0625 0.0390625
0 0.615625 0.65546875 0.0609375 0.04375
0 0.4703125 0.56796875 0.1234375 0.0328125
0 0.05546875 0.49296875 0.1109375 0.0640625
0 0.66796875 0.39609375 0.04375 0.0421875
0 0.771875 0.4015625 0.10625 0.0546875
0 0.2859375 0.20390625 0.0890625 0.053125
0 0.38125 0.30859375 0.075 0.0546875
0 0.09921875 0.0546875 0.15625 0.0734375
0 0.70390625 0.2625 0.06875 0.05
0 0.8671875 0.23828125 0.1359375 0.0625
0 0.4625 0.7703125 0.10625 0.075