0 0.1640625 0.31953125 0.1390625 0.1734375
0 0.44375 0.15546875 0.1421875 0.1875
0 0.590625 0.14296875 0.13125 0.196875
0 0.77890625 0.090625 0.109375 0.175
0 0.85390625 0.06171875 0.1078125 0.1234375
0 0.7234375 0.25234375 0.1453125 0.20625
0 0.690625 0.4125 0.1484375 0.1828125
0 0.81328125 0.43515625 0.1578125 0.2109375
0 0.74453125 0.57421875 0.134375 0.1703125
0 0.58203125 0.62109375 0.1390625 0.1859375
0 0.7546875 0.76875 0.1359375 0.2015625
0 0.8765625 0.78203125 0.159375 0.2125
0 0.0875 0.840625 0.1171875 0.2234375
0 0.21171875 0.60859375 0.1234375 0.159375
0 0.47109375 0.6546875 0.125 0.1734375
0 0.459375 0.4328125 0.1421875 0.1921875
0 0.56640625 0.3796875 0.1359375 0.19375
0 0.35625 0.3390625 0.1359375 0.140625
0 0.28046875 0.3140625 0.075 0.1578125
0 0.13515625 0.50390625 0.1265625 0.178125