0 0.14921875 0.35 0.0640625 0.05
0 0.15078125 0.39296875 0.0953125 0.059375
0 0.23125 0.4125 0.0640625 0.05
0 0.25546875 0.453125 0.06875 0.0390625
0 0.31640625 0.43828125 0.0703125 0.04375
0 0.36015625 0.3828125 0.0640625 0.04375
0 0.36328125 0.35234375 0.065625 0.046875
0 0.28359375 0.315625 0.0640625 0.0375
0 0.33125 0.47265625 0.071875 0.053125
0 0.4234375 0.5625 0.0953125 0.0625
0 0.45546875 0.5828125 0.0765625 0.0375
0 0.4703125 0.61171875 0.0859375 0.05625
0 0.8921875 0.42421875 0.0734375 0.059375
0 0.75390625 0.221875 0.0765625 0.0453125
0 0.5734375 0.2953125 0.084375 0.046875
0 0.80546875 0.315625 0.08125 0.059375
0 0.71015625 0.33203125 0.0671875 0.0453125
0 0.90234375 0.2234375 0.0765625 0.0515625
0 0.8390625 0.121875 0.0875 0.05
0 0.821875 0.09296875 0.0953125 0.0578125