0 0.55234375 0.23203125 0.20625 0.2796875
0 0.45859375 0.1859375 0.184375 0.259375
0 0.36171875 0.48515625 0.20625 0.265625
0 0.5328125 0.40546875 0.19375 0.2078125
0 0.66328125 0.465625 0.153125 0.20625
0 0.803125 0.53203125 0.1109375 0.13125
0 0.534375 0.61328125 0.2140625 0.2828125
0 0.35234375 0.78359375 0.1890625 0.2734375
0 0.50546875 0.87421875 0.1859375 0.2515625
0 0.6 0.834375 0.13125 0.209375
0 0.3625 0.91875 0.140625 0.1375
0 0.67109375 0.6328125 0.1078125 0.159375
0 0.93359375 0.01796875 0.0859375 0.0359375
0 0.65625 0.13125 0.071875 0.1203125
0 0.05859375 0.0875 0.0625 0.0796875