0 0.253125 0.56953125 0.253125 0.3046875
0 0.3703125 0.23125 0.3125 0.4125
0 0.55390625 0.72578125 0.221875 0.2734375
0 0.3953125 0.828125 0.178125 0.2296875
0 0.14921875 0.83359375 0.0546875 0.0546875
0 0.22734375 0.821875 0.0515625 0.059375
0 0.046875 0.83046875 0.0421875 0.0484375
0 0.68125 0.45546875 0.0484375 0.0640625
0 0.6046875 0.29609375 0.05 0.06875
0 0.69296875 0.37109375 0.0453125 0.0609375
0 0.6375 0.10390625 0.053125 0.06875
0 0.565625 0.07890625 0.046875 0.0625
0 0.80546875 0.55 0.0515625 0.053125
0 0.97265625 0.446875 0.0453125 0.0484375
0 0.70859375 0.30546875 0.0484375 0.0578125