0 0.1375 0.1640625 0.1671875 0.1875
0 0.215625 0.265625 0.171875 0.171875
0 0.0640625 0.33125 0.10625 0.1671875
0 0.08125 0.446875 0.1625 0.159375
0 0.01953125 0.659375 0.0390625 0.103125
0 0.24375 0.17109375 0.121875 0.125
0 0.7921875 0.11796875 0.2140625 0.1578125
0 0.93671875 0.35703125 0.1265625 0.2140625
0 0.94453125 0.565625 0.1109375 0.16875
0 0.95703125 0.6984375 0.040625 0.103125
0 0.69296875 0.74765625 0.153125 0.1328125
0 0.23125 0.7828125 0.1484375 0.1484375
0 0.80546875 0.94765625 0.1828125 0.1046875