0 0.2265625 0.184375 0.2875 0.284375
0 0.15078125 0.325 0.2515625 0.2390625
0 0.3 0.3296875 0.240625 0.240625
0 0.21015625 0.4859375 0.2640625 0.1984375
0 0.44375 0.4109375 0.290625 0.2828125
0 0.54296875 0.15546875 0.2734375 0.30625
0 0.40390625 0.0640625 0.2390625 0.128125
0 0.740625 0.0953125 0.225 0.14375
0 0.56171875 0.33828125 0.2296875 0.24375
0 0.70546875 0.41171875 0.29375 0.315625
0 0.8796875 0.546875 0.240625 0.23125
0 0.9421875 0.6515625 0.115625 0.240625
0 0.81328125 0.7375 0.2765625 0.2703125
0 0.48828125 0.62890625 0.3 0.2921875
0 0.57734375 0.8 0.2234375 0.2515625
0 0.39921875 0.7609375 0.2671875 0.253125
0 0.09921875 0.7125 0.1984375 0.2
0 0.159375 0.8234375 0.2265625 0.2390625
0 0.2328125 0.92734375 0.2015625 0.0859375
0 0.28828125 0.61953125 0.15 0.1828125