0 0.47578125 0.17421875 0.1765625 0.25
0 0.26953125 0.259375 0.1578125 0.228125
0 0.2328125 0.6515625 0.1921875 0.2671875
0 0.4484375 0.4796875 0.1734375 0.240625
0 0.69375 0.26640625 0.10625 0.1453125
0 0.72890625 0.221875 0.1109375 0.146875
0 0.8078125 0.06640625 0.121875 0.1328125
0 0.8421875 0.0234375 0.103125 0.046875
0 0.74609375 0.5015625 0.171875 0.2265625
0 0.884375 0.4890625 0.1609375 0.209375
0 0.57734375 0.453125 0.1796875 0.159375
0 0.61484375 0.584375 0.1359375 0.1578125
0 0.68828125 0.7578125 0.1890625 0.2578125
0 0.84765625 0.6734375 0.1515625 0.215625
0 0.94765625 0.70390625 0.1046875 0.1921875
0 0.46015625 0.8328125 0.16875 0.228125
0 0.17421875 0.8828125 0.1609375 0.234375
0 0.30390625 0.87890625 0.1578125 0.2109375
0 0.375 0.7890625 0.1296875 0.1671875
0 0.51875 0.9078125 0.109375 0.1390625