0 0.334375 0.75625 0.125 0.14375
0 0.55390625 0.25078125 0.084375 0.1015625
0 0.3125 0.64453125 0.1546875 0.1953125
0 0.47421875 0.284375 0.08125 0.115625
0 0.23828125 0.23984375 0.090625 0.109375
0 0.39453125 0.23359375 0.08125 0.090625
0 0.04140625 0.80546875 0.0828125 0.0984375
0 0.12578125 0.8375 0.08125 0.109375
0 0.17109375 0.1984375 0.0765625 0.078125
0 0.040625 0.49453125 0.08125 0.0921875
0 0.14765625 0.50234375 0.05 0.078125
0 0.1859375 0.29296875 0.0578125 0.059375
0 0.26484375 0.5734375 0.084375 0.1109375
0 0.10078125 0.46953125 0.078125 0.0828125
0 0.23203125 0.33203125 0.025 0.0515625
0 0.37265625 0.9359375 0.015625 0.028125
0 0.17109375 0.9421875 0.059375 0.0875
0 0.36640625 0.9109375 0.01875 0.025
0 0.209375 0.7796875 0.025 0.0375
0 0.4078125 0.540625 0.1296875 0.146875