0 0.23359375 0.68046875 0.096875 0.125
0 0.59375 0.0875 0.165625 0.175
0 0.521875 0.24296875 0.121875 0.153125
0 0.740625 0.52109375 0.14375 0.184375
0 0.8390625 0.46015625 0.1265625 0.1640625
0 0.9828125 0.66640625 0.034375 0.1609375
0 0.9609375 0.75546875 0.078125 0.1453125
0 0.44140625 0.53125 0.1171875 0.1515625
0 0.52734375 0.521875 0.1046875 0.1328125
0 0.90390625 0.13828125 0.0796875 0.109375
0 0.66171875 0.2421875 0.0859375 0.103125
0 0.8265625 0.234375 0.0828125 0.103125
0 0.46171875 0.10859375 0.0625 0.0734375
0 0.46953125 0.053125 0.06875 0.078125
0 0.76015625 0.01953125 0.0609375 0.0390625
0 0.78046875 0.10390625 0.05625 0.103125