0 0.35625 0.2421875 0.2375 0.35625
0 0.09609375 0.3984375 0.184375 0.2625
0 0.2296875 0.37421875 0.14375 0.2203125
0 0.37265625 0.453125 0.1734375 0.209375
0 0.5421875 0.37578125 0.134375 0.1890625
0 0.8546875 0.328125 0.13125 0.1796875
0 0.9546875 0.30078125 0.090625 0.1734375
0 0.77734375 0.4515625 0.1109375 0.134375
0 0.8703125 0.56015625 0.1515625 0.196875
0 0.51015625 0.6 0.1203125 0.175
0 0.5796875 0.61875 0.0875 0.1671875
0 0.74296875 0.7015625 0.109375 0.1578125
0 0.65078125 0.83359375 0.14375 0.190625
0 0.8921875 0.8609375 0.1734375 0.2203125
0 0.3171875 0.7171875 0.1796875 0.2671875
0 0.171875 0.6390625 0.1875 0.2578125
0 0.4078125 0.7703125 0.1109375 0.2
0 0.15078125 0.85234375 0.15 0.1671875
0 0.15625 0.94921875 0.134375 0.05625