0 0.3640625 0.1296875 0.0703125 0.0890625
0 0.30078125 0.33984375 0.09375 0.1109375
0 0.4203125 0.2890625 0.0875 0.1046875
0 0.646875 0.240625 0.06875 0.0609375
0 0.71328125 0.2984375 0.053125 0.0765625
0 0.7484375 0.0234375 0.065625 0.046875
0 0.97265625 0.52421875 0.0546875 0.0671875
0 0.96328125 0.81640625 0.06875 0.1
0 0.765625 0.81796875 0.0890625 0.128125
0 0.459375 0.82421875 0.10625 0.178125
0 0.325 0.76640625 0.1 0.115625
0 0.30546875 0.64921875 0.090625 0.10625
0 0.33125 0.96015625 0.08125 0.0796875
0 0.19921875 0.8890625 0.0609375 0.0828125
0 0.25234375 0.859375 0.0609375 0.075
0 0.634375 0.58671875 0.075 0.0984375
0 0.440625 0.4171875 0.0609375 0.0640625
0 0.90078125 0.79609375 0.05625 0.0875