0 0.1109375 0.0453125 0.0515625 0.0171875
0 0.40859375 0.03515625 0.159375 0.0703125
0 0.11328125 0.25078125 0.1703125 0.1828125
0 0.21015625 0.43671875 0.1265625 0.09375
0 0.19140625 0.62421875 0.153125 0.1703125
0 0.53671875 0.48125 0.078125 0.15
0 0.8296875 0.35 0.178125 0.1796875
0 0.3921875 0.6390625 0.1421875 0.165625
0 0.62890625 0.72421875 0.078125 0.115625
0 0.6953125 0.65703125 0.065625 0.04375
0 0.81484375 0.59609375 0.1328125 0.1296875
0 0.371875 0.90546875 0.175 0.175
0 0.5625 0.953125 0.1375 0.09375
0 0.6828125 0.93671875 0.11875 0.1046875
0 0.98203125 0.66484375 0.0359375 0.1609375
0 0.95390625 0.90390625 0.0546875 0.0828125