0 0.82734375 0.9171875 0.06796875 0.05546875
0 0.74609375 0.928125 0.0796875 0.05234375
0 0.56796875 0.90234375 0.0546875 0.04140625
0 0.2359375 0.74609375 0.07421875 0.0390625
0 0.5984375 0.82890625 0.07109375 0.04296875
0 0.87265625 0.659375 0.10625 0.046875
0 0.93046875 0.5671875 0.06640625 0.04140625
0 0.95546875 0.4046875 0.06875 0.04140625
0 0.64453125 0.3015625 0.09921875 0.05
0 0.6359375 0.02890625 0.0890625 0.04609375
0 0.95390625 0.134375 0.08984375 0.0484375
0 0.08046875 0.21171875 0.071875 0.034375