0 0.49609375 0.040625 0.0984375 0.08125
0 0.56875 0.0640625 0.103125 0.1265625
0 0.5234375 0.203125 0.1140625 0.146875
0 0.621875 0.18125 0.1078125 0.1484375
0 0.48046875 0.2921875 0.1140625 0.15
0 0.56484375 0.34453125 0.1140625 0.1546875
0 0.72578125 0.240625 0.090625 0.1203125
0 0.81640625 0.22109375 0.08125 0.1203125
0 0.790625 0.321875 0.10625 0.1328125
0 0.7078125 0.3390625 0.1015625 0.1453125
0 0.80546875 0.39609375 0.103125 0.1375
0 0.88984375 0.38125 0.0875 0.1234375
0 0.63828125 0.43125 0.1046875 0.1421875
0 0.72734375 0.4609375 0.0875 0.13125
0 0.3828125 0.40234375 0.128125 0.16875
0 0.51015625 0.46953125 0.1171875 0.1578125
0 0.4828125 0.5640625 0.1109375 0.1296875
0 0.28046875 0.54765625 0.115625 0.1625
0 0.17421875 0.5125 0.1109375 0.15625
0 0.2265625 0.590625 0.1078125 0.1390625
0 0.33203125 0.57578125 0.0890625 0.153125
0 0.4015625 0.61328125 0.0984375 0.1421875
0 0.46640625 0.678125 0.103125 0.125
0 0.57890625 0.6203125 0.1046875 0.11875
0 0.6671875 0.64765625 0.1046875 0.1375
0 0.76484375 0.64765625 0.103125 0.134375
0 0.76796875 0.79609375 0.1 0.153125
0 0.83515625 0.721875 0.08125 0.1171875
0 0.696875 0.7578125 0.115625 0.146875
0 0.5984375 0.75234375 0.0796875 0.121875
0 0.2609375 0.84375 0.065625 0.115625
0 0.3109375 0.80234375 0.1078125 0.1453125
0 0.35390625 0.93203125 0.1 0.115625
0 0.43125 0.92890625 0.090625 0.1390625
0 0.09140625 0.8203125 0.1203125 0.1484375
0 0.16328125 0.78359375 0.1140625 0.128125
0 0.3203125 0.89296875 0.10625 0.1125
0 0.05078125 0.59609375 0.1015625 0.1234375