0 0.7703125 0.9671875 0.0828125 0.0421875
0 0.47109375 0.93125 0.06875 0.053125
0 0.40859375 0.9484375 0.0671875 0.0546875
0 0.55 0.79140625 0.0921875 0.0625
0 0.38203125 0.77109375 0.08125 0.0546875
0 0.2453125 0.68515625 0.0671875 0.053125
0 0.61875 0.6796875 0.0890625 0.065625
0 0.5484375 0.6578125 0.0671875 0.0515625
0 0.403125 0.55625 0.1390625 0.0578125
0 0.8109375 0.6265625 0.0875 0.06875
0 0.8578125 0.58046875 0.0765625 0.046875
0 0.88984375 0.54296875 0.0734375 0.0515625
0 0.10546875 0.4859375 0.0625 0.0515625
0 0.4 0.440625 0.103125 0.0421875
0 0.68046875 0.3984375 0.103125 0.0625
0 0.76328125 0.39296875 0.0875 0.053125
0 0.0984375 0.3875 0.08125 0.0375
0 0.31640625 0.3 0.090625 0.05625
0 0.1296875 0.28046875 0.06875 0.05
0 0.196875 0.19296875 0.071875 0.046875
0 0.05390625 0.0484375 0.1078125 0.05625
0 0.25625 0.13125 0.0578125 0.04375
0 0.79453125 0.2203125 0.0953125 0.046875