0 0.49296875 0.9640625 0.1171875 0.071875
0 0.16640625 0.28671875 0.09375 0.084375
0 0.3234375 0.27421875 0.0921875 0.075
0 0.59140625 0.2234375 0.075 0.0578125
0 0.234375 0.3453125 0.0625 0.0703125
0 0.303125 0.33046875 0.0828125 0.078125
0 0.23125 0.425 0.096875 0.071875
0 0.33359375 0.4484375 0.1109375 0.08125
0 0.4125 0.471875 0.1015625 0.078125
0 0.96953125 0.38984375 0.046875 0.0546875
0 0.6890625 0.46015625 0.084375 0.0640625
0 0.5 0.5546875 0.05 0.0421875
0 0.965625 0.46953125 0.06875 0.0640625
0 0.3828125 0.640625 0.0796875 0.0625
0 0.08359375 0.73046875 0.1 0.1046875
0 0.55625 0.61640625 0.0734375 0.0609375
0 0.17109375 0.71640625 0.159375 0.125
0 0.35234375 0.6765625 0.078125 0.0578125
0 0.696875 0.71171875 0.053125 0.046875
0 0.75703125 0.7 0.0546875 0.0515625
0 0.2359375 0.90078125 0.0953125 0.0703125
0 0.5828125 0.8390625 0.0515625 0.046875
0 0.37578125 0.94765625 0.1234375 0.1046875