0 0.39609375 0.1671875 0.184375 0.2671875
0 0.60625 0.11796875 0.18125 0.2359375
0 0.21484375 0.41171875 0.2171875 0.29375
0 0.35546875 0.37109375 0.1734375 0.2578125
0 0.43515625 0.3453125 0.140625 0.246875
0 0.51796875 0.3109375 0.15625 0.2328125
0 0.65078125 0.35859375 0.1515625 0.2078125
0 0.75859375 0.3296875 0.134375 0.1859375
0 0.34765625 0.65546875 0.21875 0.3015625
0 0.2828125 0.85390625 0.1984375 0.271875
0 0.159375 0.95234375 0.125 0.0953125
0 0.63828125 0.82890625 0.203125 0.290625
0 0.73125 0.56171875 0.146875 0.1890625