0 0.17265625 0.103125 0.075 0.090625
0 0.075 0.1671875 0.0890625 0.096875
0 0.23828125 0.22421875 0.0703125 0.0875
0 0.23125 0.15546875 0.065625 0.075
0 0.0578125 0.31171875 0.0875 0.1015625
0 0.16640625 0.3234375 0.078125 0.08125
0 0.0375 0.5734375 0.075 0.175
0 0.0609375 0.6546875 0.0890625 0.1234375
0 0.25859375 0.50625 0.10625 0.1171875
0 0.22109375 0.60859375 0.1078125 0.121875
0 0.42890625 0.47109375 0.0703125 0.0765625
0 0.58515625 0.51328125 0.1875 0.2375
0 0.8390625 0.39140625 0.075 0.1015625
0 0.7265625 0.69296875 0.0765625 0.078125
0 0.540625 0.68671875 0.16875 0.2015625
0 0.4359375 0.80078125 0.1453125 0.1734375
0 0.30859375 0.840625 0.1078125 0.1140625
0 0.3171875 0.96875 0.090625 0.0625
0 0.128125 0.9859375 0.059375 0.028125