0 0.0234375 0.365625 0.046875 0.16875
0 0.0640625 0.38203125 0.0921875 0.11875
0 0.12265625 0.5015625 0.103125 0.06875
0 0.20859375 0.490625 0.0734375 0.0921875
0 0.13671875 0.60234375 0.1890625 0.2
0 0.56875 0.4453125 0.1796875 0.1765625
0 0.72578125 0.39140625 0.1390625 0.146875
0 0.621875 0.57109375 0.1703125 0.1640625
0 0.6921875 0.73359375 0.1203125 0.146875
0 0.803125 0.753125 0.165625 0.1640625
0 0.86015625 0.61953125 0.1515625 0.15625
0 0.21484375 0.82734375 0.184375 0.1828125
0 0.86796875 0.896875 0.165625 0.1015625
0 0.91640625 0.29765625 0.0390625 0.0484375
0 0.965625 0.675 0.06875 0.13125