0 0.2375 0.38125 0.1828125 0.23125
0 0.3015625 0.17734375 0.165625 0.1984375
0 0.25234375 0.07265625 0.14375 0.09375
0 0.371875 0.27421875 0.1421875 0.1515625
0 0.38359375 0.46953125 0.16875 0.2296875
0 0.3296875 0.62265625 0.190625 0.253125
0 0.45859375 0.65 0.109375 0.1328125
0 0.48671875 0.834375 0.2 0.2640625
0 0.5015625 0.58671875 0.075 0.078125
0 0.6078125 0.740625 0.10625 0.13125
0 0.66796875 0.89296875 0.1765625 0.190625
0 0.64609375 0.5421875 0.1484375 0.1875
0 0.7671875 0.4 0.13125 0.1765625
0 0.79609375 0.27265625 0.125 0.1640625
0 0.8375 0.0734375 0.0984375 0.1171875
0 0.98515625 0.7796875 0.0296875 0.159375
0 0.96328125 0.90078125 0.0734375 0.0609375
0 0.38203125 0.1390625 0.115625 0.1375
0 0.771875 0.04375 0.096875 0.0875