0 0.2421875 0.1046875 0.0875 0.109375
0 0.20546875 0.1234375 0.0703125 0.09375
0 0.16953125 0.28359375 0.046875 0.059375
0 0.2453125 0.30390625 0.0859375 0.1203125
0 0.31796875 0.25078125 0.1 0.1296875
0 0.32578125 0.4671875 0.0984375 0.121875
0 0.30859375 0.6203125 0.078125 0.0921875
0 0.12890625 0.7 0.0765625 0.09375
0 0.02109375 0.60546875 0.0421875 0.0578125
0 0.0078125 0.66171875 0.015625 0.0546875
0 0.3921875 0.54453125 0.0953125 0.1046875
0 0.40859375 0.62578125 0.0765625 0.0890625
0 0.4359375 0.50234375 0.08125 0.103125
0 0.5109375 0.46796875 0.1015625 0.121875
0 0.58125 0.553125 0.09375 0.1203125
0 0.6 0.63515625 0.0515625 0.0609375
0 0.6515625 0.525 0.0796875 0.1109375
0 0.73203125 0.54921875 0.078125 0.1078125
0 0.6078125 0.97109375 0.075 0.0578125
0 0.79921875 0.975 0.0828125 0.05
0 0.43046875 0.13515625 0.046875 0.0640625
0 0.46328125 0.11328125 0.0578125 0.0671875
0 0.50234375 0.03515625 0.0234375 0.025
0 0.578125 0.0328125 0.04375 0.0515625
0 0.66875 0.1265625 0.0484375 0.0578125
0 0.62578125 0.15859375 0.0234375 0.025
0 0.50234375 0.21015625 0.034375 0.0296875
0 0.79609375 0.11640625 0.03125 0.0234375
0 0.821875 0.09609375 0.0296875 0.0421875
0 0.86171875 0.05859375 0.0265625 0.028125