0 0.265625 0.909375 0.196875 0.18125
0 0.446875 0.67578125 0.16875 0.203125
0 0.42421875 0.33671875 0.1484375 0.1890625
0 0.22421875 0.71171875 0.1765625 0.2015625
0 0.2078125 0.23671875 0.1640625 0.2109375
0 0.70390625 0.75859375 0.1484375 0.16875
0 0.7015625 0.48828125 0.1359375 0.1765625
0 0.09296875 0.2296875 0.1375 0.2046875
0 0.59140625 0.47109375 0.134375 0.165625
0 0.6734375 0.57734375 0.128125 0.1234375
0 0.3953125 0.15546875 0.0875 0.0984375
0 0.76953125 0.053125 0.0953125 0.10625
0 0.93671875 0.30234375 0.09375 0.1328125
0 0.88359375 0.240625 0.0640625 0.0671875
0 0.6890625 0.29296875 0.0796875 0.075
0 0.57265625 0.36171875 0.09375 0.0984375
0 0.31484375 0.45234375 0.06875 0.084375
0 0.13671875 0.43515625 0.065625 0.0515625
0 0.15234375 0.4890625 0.0453125 0.0484375
0 0.09453125 0.33125 0.065625 0.0515625
0 0.09375 0.88515625 0.0640625 0.08125
0 0.0203125 0.3859375 0.040625 0.06875
0 0.784375 0.640625 0.1015625 0.1125