0 0.34765625 0.06953125 0.1078125 0.1171875
0 0.359375 0.16484375 0.10625 0.115625
0 0.2890625 0.17890625 0.08125 0.1078125
0 0.7359375 0.034375 0.103125 0.06875
0 0.540625 0.153125 0.0921875 0.10625
0 0.59921875 0.17890625 0.0921875 0.10625
0 0.76796875 0.14296875 0.096875 0.1125
0 0.85390625 0.10703125 0.0875 0.078125
0 0.70078125 0.26796875 0.084375 0.0875
0 0.51953125 0.3671875 0.0796875 0.0953125
0 0.55625 0.29765625 0.0765625 0.0765625
0 0.4046875 0.24375 0.053125 0.0828125
0 0.45078125 0.2328125 0.0875 0.0921875
0 0.1515625 0.30234375 0.1125 0.1296875
0 0.0546875 0.40625 0.1046875 0.103125
0 0.29453125 0.3859375 0.075 0.1
0 0.34375 0.36484375 0.084375 0.1078125
0 0.58046875 0.3828125 0.065625 0.090625
0 0.62734375 0.39140625 0.065625 0.0890625
0 0.66328125 0.40390625 0.053125 0.075
0 0.7375 0.43671875 0.0734375 0.0921875
0 0.871875 0.5296875 0.0765625 0.0921875
0 0.909375 0.48828125 0.0890625 0.0890625
0 0.82265625 0.54765625 0.0734375 0.0953125
0 0.66640625 0.60625 0.0765625 0.0921875
0 0.58515625 0.5296875 0.0703125 0.075
0 0.6421875 0.48828125 0.065625 0.0796875
0 0.0671875 0.6296875 0.0421875 0.065625
0 0.096875 0.55703125 0.084375 0.0890625
0 0.1359375 0.60859375 0.0546875 0.0546875
0 0.215625 0.54375 0.0890625 0.0890625
0 0.2875 0.66875 0.0703125 0.0765625
0 0.353125 0.6625 0.075 0.0859375
0 0.375 0.7609375 0.071875 0.0734375
0 0.42265625 0.73828125 0.0671875 0.0734375
0 0.4671875 0.684375 0.0609375 0.06875
0 0.42421875 0.91875 0.0796875 0.0828125
0 0.4375 0.85703125 0.0734375 0.075
0 0.18515625 0.7453125 0.0828125 0.0765625
0 0.12890625 0.853125 0.0625 0.0640625
0 0.28125 0.76328125 0.075 0.078125
0 0.840625 0.6953125 0.084375 0.090625
0 0.97890625 0.7328125 0.0421875 0.059375
0 0.975 0.68359375 0.05 0.0734375
0 0.73515625 0.8625 0.078125 0.0828125
0 0.540625 0.8875 0.0609375 0.0578125
0 0.6140625 0.88125 0.0578125 0.059375
0 0.38359375 0.521875 0.059375 0.0671875
0 0.434375 0.5125 0.075 0.0953125
0 0.52265625 0.45390625 0.0703125 0.0828125
0 0.59296875 0.8265625 0.075 0.075
0 0.28359375 0.6015625 0.0625 0.0578125