0 0.22109375 0.096875 0.10859375 0.14453125
0 0.26953125 0.45390625 0.11640625 0.14140625
0 0.03984375 0.5859375 0.07890625 0.11640625
0 0.05 0.896875 0.08125 0.11640625
0 0.17734375 0.86640625 0.0875 0.128125
0 0.23203125 0.753125 0.08515625 0.128125
0 0.35390625 0.871875 0.0875 0.0890625
0 0.35859375 0.9453125 0.09140625 0.071875
0 0.47109375 0.775 0.10234375 0.1109375
0 0.55703125 0.646875 0.10625 0.15546875
0 0.640625 0.66796875 0.10625 0.146875
0 0.64453125 0.7625 0.13125 0.10859375
0 0.69296875 0.4859375 0.11015625 0.128125
0 0.40625 0.1015625 0.1 0.125
0 0.51484375 0.1234375 0.1125 0.146875
0 0.39765625 0.221875 0.10859375 0.1109375
0 0.42890625 0.38203125 0.05 0.053125
0 0.49921875 0.27109375 0.05625 0.08046875
0 0.57421875 0.37109375 0.03984375 0.046875
0 0.75859375 0.53203125 0.09140625 0.1359375
0 0.93359375 0.7140625 0.0875 0.11640625
0 0.89140625 0.9140625 0.08359375 0.121875
0 0.034375 0.7625 0.06875 0.15
0 0.23046875 0.2671875 0.090625 0.1015625