0 0.01953125 0.12578125 0.0390625 0.0734375
0 0.12265625 0.14453125 0.1140625 0.171875
0 0.21640625 0.1390625 0.1953125 0.19375
0 0.62265625 0.10703125 0.075 0.0765625
0 0.428125 0.33828125 0.1984375 0.203125
0 0.83515625 0.2109375 0.1734375 0.1796875
0 0.92734375 0.27890625 0.1109375 0.1515625
0 0.68125 0.39453125 0.1453125 0.153125
0 0.803125 0.39921875 0.159375 0.1734375
0 0.89453125 0.49375 0.15625 0.146875
0 0.12734375 0.71875 0.1671875 0.18125
0 0.31953125 0.596875 0.065625 0.08125
0 0.11484375 0.81796875 0.146875 0.0984375
0 0.228125 0.765625 0.090625 0.078125
0 0.2984375 0.725 0.1546875 0.134375
0 0.61796875 0.834375 0.0921875 0.10625
0 0.6796875 0.8171875 0.125 0.1171875
0 0.55625 0.8796875 0.0515625 0.053125
0 0.746875 0.78125 0.1 0.134375
0 0.87890625 0.8234375 0.15 0.153125
0 0.86875 0.72890625 0.1359375 0.103125
0 0.478125 0.99453125 0.096875 0.0109375
0 0.94609375 0.9109375 0.0625 0.06875
0 0.92578125 0.1703125 0.0765625 0.090625