0 0.1046875 0.07265625 0.1625 0.1453125
0 0.09609375 0.1875 0.1390625 0.0890625
0 0.2296875 0.14609375 0.103125 0.08125
0 0.4046875 0.153125 0.2796875 0.2125
0 0.46328125 0.03125 0.2453125 0.0625
0 0.11484375 0.30078125 0.20625 0.1609375
0 0.10859375 0.4015625 0.2078125 0.109375
0 0.11328125 0.5609375 0.2265625 0.21875
0 0.10078125 0.8890625 0.2015625 0.171875
0 0.5421875 0.93671875 0.190625 0.1265625
0 0.54140625 0.6578125 0.16875 0.1203125
0 0.63828125 0.59375 0.215625 0.178125
0 0.8046875 0.6765625 0.2109375 0.1578125
0 0.44296875 0.64296875 0.075 0.0609375
0 0.3109375 0.5234375 0.125 0.078125
0 0.38828125 0.4703125 0.1296875 0.1109375
0 0.4859375 0.50234375 0.1734375 0.1265625
0 0.3671875 0.41796875 0.1109375 0.059375
0 0.4296875 0.33203125 0.2234375 0.1546875
0 0.30625 0.37578125 0.0609375 0.0671875
0 0.58203125 0.33125 0.1296875 0.11875
0 0.325 0.309375 0.0734375 0.0828125
0 0.58828125 0.234375 0.06875 0.065625
0 0.66484375 0.3734375 0.096875 0.08125
0 0.64296875 0.471875 0.1203125 0.078125
0 0.71171875 0.31640625 0.0984375 0.0859375
0 0.6796875 0.27734375 0.0984375 0.071875
0 0.65859375 0.16484375 0.1 0.084375
0 0.85234375 0.1125 0.1453125 0.109375
0 0.903125 0.16015625 0.0890625 0.071875
0 0.96640625 0.175 0.0671875 0.09375
0 0.9796875 0.0609375 0.040625 0.059375
0 0.87734375 0.3046875 0.2453125 0.2125
0 0.7859375 0.21875 0.0859375 0.0671875
0 0.903125 0.40703125 0.084375 0.0640625
0 0.98125 0.47265625 0.0375 0.0640625