0 0.646875 0.834375 0.0859375 0.053125
0 0.57734375 0.75703125 0.065625 0.04375
0 0.6328125 0.71875 0.08125 0.053125
0 0.68984375 0.7 0.0640625 0.0515625
0 0.70859375 0.7453125 0.053125 0.03125
0 0.07890625 0.74921875 0.0828125 0.0515625
0 0.41953125 0.6546875 0.1015625 0.0609375
0 0.753125 0.56796875 0.1125 0.059375
0 0.14765625 0.50078125 0.1046875 0.053125
0 0.22734375 0.48984375 0.084375 0.0453125
0 0.57109375 0.46015625 0.0875 0.0484375
0 0.55078125 0.3859375 0.096875 0.0640625
0 0.61953125 0.37890625 0.059375 0.0640625
0 0.6765625 0.3765625 0.0890625 0.0640625
0 0.41328125 0.33125 0.08125 0.05
0 0.303125 0.284375 0.0640625 0.05625
0 0.3625 0.26015625 0.090625 0.05
0 0.440625 0.24921875 0.0828125 0.0515625
0 0.13828125 0.196875 0.08125 0.05625
0 0.3046875 0.10703125 0.0703125 0.0484375
0 0.63984375 0.1015625 0.11875 0.0765625
0 0.69453125 0.25078125 0.0875 0.0484375
0 0.76015625 0.21484375 0.078125 0.053125
0 0.88515625 0.275 0.0546875 0.04375