0 0.040625 0.15390625 0.08125 0.1296875
0 0.228125 0.3734375 0.3 0.4046875
0 0.1046875 0.24296875 0.125 0.1484375
0 0.41171875 0.31015625 0.2234375 0.359375
0 0.57890625 0.3328125 0.321875 0.4546875
0 0.72734375 0.678125 0.3078125 0.3953125
0 0.171875 0.634375 0.115625 0.153125
0 0.0203125 0.56953125 0.040625 0.1328125
0 0.0515625 0.784375 0.05625 0.1734375
0 0.38828125 0.5546875 0.1484375 0.2046875
0 0.4 0.88828125 0.1375 0.140625
0 0.60625 0.09140625 0.1375 0.1421875
0 0.31875 0.0609375 0.1265625 0.0953125
0 0.7921875 0.4 0.0859375 0.13125