0 0.0796875 0.58125 0.0796875 0.084375
0 0.0890625 0.95078125 0.059375 0.0984375
0 0.14453125 0.984375 0.1453125 0.03125
0 0.5296875 0.11640625 0.0625 0.065625
0 0.88125 0.09921875 0.0625 0.0515625
0 0.8078125 0.08828125 0.0484375 0.0609375
0 0.690625 0.24921875 0.0578125 0.05625
0 0.52890625 0.47265625 0.04375 0.0453125
0 0.675 0.19765625 0.0375 0.0375
0 0.6546875 0.38671875 0.053125 0.0765625
0 0.9640625 0.29765625 0.0296875 0.0640625
0 0.86328125 0.453125 0.075 0.1328125
0 0.9796875 0.45 0.040625 0.08125
0 0.56171875 0.36015625 0.0328125 0.0265625
0 0.58984375 0.79765625 0.19375 0.196875
0 0.51328125 0.91328125 0.0796875 0.0796875
0 0.6625 0.88125 0.128125 0.1234375
0 0.89921875 0.8375 0.084375 0.0984375
0 0.4328125 0.92890625 0.06875 0.08125