0 0.05078125 0.3484375 0.1015625 0.071875
0 0.115625 0.48515625 0.0984375 0.06875
0 0.215625 0.68125 0.0890625 0.071875
0 0.27890625 0.6234375 0.0828125 0.0671875
0 0.465625 0.55546875 0.1171875 0.0859375
0 0.51640625 0.49765625 0.1234375 0.090625
0 0.72578125 0.43828125 0.084375 0.065625
0 0.92578125 0.56015625 0.084375 0.0625
0 0.8671875 0.6125 0.0859375 0.06875
0 0.60703125 0.74453125 0.0796875 0.0578125
0 0.64921875 0.82578125 0.0875 0.0578125
0 0.82421875 0.140625 0.075 0.0640625
0 0.034375 0.5203125 0.06875 0.065625