0 0.31328125 0.603125 0.13125 0.221875
0 0.43125 0.5546875 0.053125 0.0859375
0 0.59140625 0.1609375 0.0640625 0.0984375
0 0.57890625 0.58046875 0.040625 0.065625
0 0.190625 0.68984375 0.1640625 0.2640625
0 0.20078125 0.38046875 0.1328125 0.2140625
0 0.5625 0.26640625 0.0625 0.1015625
0 0.33828125 0.1375 0.1515625 0.2234375
0 0.41875 0.446875 0.0515625 0.1171875
0 0.31875 0.45625 0.090625 0.1046875
0 0.06171875 0.43125 0.0703125 0.1109375
0 0.0421875 0.5265625 0.0546875 0.0953125
0 0.04609375 0.16875 0.065625 0.109375