0 0.23125 0.02890625 0.225 0.0578125
0 0.359375 0.040625 0.175 0.08125
0 0.4140625 0.1296875 0.2421875 0.2453125
0 0.5875 0.115625 0.175 0.153125
0 0.896875 0.140625 0.20625 0.184375
0 0.63984375 0.23984375 0.125 0.134375
0 0.26328125 0.21953125 0.08125 0.084375
0 0.0859375 0.071875 0.046875 0.0671875
0 0.0625 0.28515625 0.08125 0.115625
0 0.1484375 0.3359375 0.0859375 0.0828125
0 0.22265625 0.315625 0.0796875 0.071875
0 0.18984375 0.43125 0.103125 0.1078125
0 0.2703125 0.41875 0.065625 0.0703125
0 0.38984375 0.353125 0.2359375 0.225
0 0.3796875 0.609375 0.275 0.2640625
0 0.31953125 0.45390625 0.103125 0.078125
0 0.12421875 0.48984375 0.0828125 0.0671875
0 0.0109375 0.72890625 0.021875 0.1265625
0 0.0453125 0.85234375 0.0859375 0.0875
0 0.103125 0.7734375 0.096875 0.084375
0 0.34765625 0.8859375 0.2515625 0.2234375
0 0.56328125 0.83046875 0.290625 0.2734375
0 0.67578125 0.42421875 0.1203125 0.1328125
0 0.8125 0.70625 0.1421875 0.14375
0 0.62734375 0.9625 0.1578125 0.075
0 0.72734375 0.828125 0.13125 0.15625
0 0.77578125 0.95 0.1421875 0.1
0 0.959375 0.45234375 0.08125 0.0796875
0 0.67265625 0.53671875 0.125 0.096875