0 0.03828125 0.45234375 0.0765625 0.0609375
0 0.08203125 0.6671875 0.0875 0.0515625
0 0.17578125 0.6265625 0.090625 0.0484375
0 0.353125 0.59765625 0.096875 0.0625
0 0.4140625 0.5515625 0.1046875 0.065625
0 0.6359375 0.53125 0.09375 0.053125
0 0.828125 0.7046875 0.09375 0.0578125
0 0.959375 0.70859375 0.059375 0.04375
0 0.74609375 0.74140625 0.09375 0.053125
0 0.475 0.8140625 0.0734375 0.0546875
0 0.503125 0.91015625 0.0671875 0.0375
0 0.809375 0.259375 0.065625 0.0484375
0 0.928125 0.2671875 0.096875 0.0640625
0 0.315625 0.02265625 0.0984375 0.0359375