0 0.73828125 0.053125 0.1921875 0.10625
0 0.4078125 0.08828125 0.2 0.1765625
0 0.55703125 0.2515625 0.1765625 0.14375
0 0.9171875 0.3953125 0.165625 0.140625
0 0.63046875 0.5625 0.1390625 0.109375
0 0.43828125 0.39296875 0.0796875 0.0734375
0 0.6359375 0.1796875 0.0875 0.090625
0 0.65859375 0.2765625 0.0953125 0.096875
0 0.7578125 0.50078125 0.09375 0.0640625
0 0.8828125 0.6234375 0.128125 0.109375
0 0.93046875 0.784375 0.1390625 0.11875
0 0.62109375 0.77265625 0.1296875 0.1046875
0 0.48984375 0.81640625 0.0671875 0.0578125
0 0.5125 0.71875 0.0625 0.05625
0 0.478125 0.67578125 0.046875 0.0546875
0 0.93359375 0.85703125 0.1109375 0.0703125