0 0.8421875 0.55703125 0.14375 0.175
0 0.70703125 0.42109375 0.1359375 0.1671875
0 0.62734375 0.6109375 0.1125 0.134375
0 0.4890625 0.9640625 0.078125 0.071875
0 0.4125 0.80234375 0.0671875 0.0828125
0 0.215625 0.8765625 0.0390625 0.0484375
0 0.24453125 0.48984375 0.06875 0.08125
0 0.36328125 0.66640625 0.0765625 0.096875
0 0.3515625 0.57265625 0.0671875 0.0859375
0 0.70703125 0.79140625 0.0671875 0.0875
0 0.371875 0.128125 0.109375 0.1359375
0 0.46640625 0.2171875 0.103125 0.128125
0 0.54921875 0.05390625 0.0984375 0.1078125
0 0.64921875 0.16875 0.121875 0.153125
0 0.52109375 0.13359375 0.0671875 0.1046875
0 0.48203125 0.55546875 0.1171875 0.1421875
0 0.546875 0.53359375 0.05 0.065625