0 0.7859375 0.9046875 0.0734375 0.0484375
0 0.38984375 0.84140625 0.0703125 0.04375
0 0.3890625 0.7296875 0.0796875 0.0484375
0 0.4546875 0.7234375 0.0546875 0.0390625
0 0.57109375 0.609375 0.040625 0.0375
0 0.3546875 0.47734375 0.065625 0.0453125
0 0.34375 0.4046875 0.0984375 0.0578125
0 0.41015625 0.40390625 0.0609375 0.05625
0 0.45859375 0.4078125 0.0796875 0.053125
0 0.22890625 0.33828125 0.0703125 0.0484375
0 0.1671875 0.265625 0.065625 0.040625
0 0.259375 0.2609375 0.0546875 0.046875
0 0.45859375 0.14140625 0.0828125 0.0546875
0 0.58203125 0.2578125 0.065625 0.05
0 0.5203125 0.28515625 0.065625 0.0359375
0 0.815625 0.31875 0.04375 0.0515625
0 0.77890625 0.8 0.040625 0.034375
0 0.4765625 0.765625 0.0625 0.028125