0 0.29453125 0.034375 0.0640625 0.06875
0 0.18359375 0.06328125 0.0765625 0.0859375
0 0.32421875 0.16328125 0.059375 0.0796875
0 0.33671875 0.09453125 0.05625 0.0671875
0 0.12734375 0.196875 0.075 0.090625
0 0.228125 0.23828125 0.0671875 0.071875
0 0.0296875 0.44140625 0.059375 0.1703125
0 0.03515625 0.52734375 0.0703125 0.1140625
0 0.26640625 0.4390625 0.090625 0.1046875
0 0.20234375 0.52734375 0.090625 0.109375
0 0.43984375 0.453125 0.059375 0.06875
0 0.578125 0.5359375 0.1546875 0.21875
0 0.85546875 0.4890625 0.0609375 0.09375
0 0.66484375 0.74765625 0.0671875 0.06875
0 0.4875 0.69140625 0.1421875 0.1828125
0 0.35546875 0.771875 0.121875 0.1578125
0 0.221875 0.775 0.09375 0.1015625
0 0.1890625 0.91875 0.078125 0.090625
0 0.01171875 0.89375 0.0234375 0.08125