0 0.4359375 0.15234375 0.1296875 0.0984375
0 0.759375 0.07890625 0.146875 0.11875
0 0.64375 0.134375 0.1390625 0.115625
0 0.284375 0.40625 0.1515625 0.1265625
0 0.17890625 0.50625 0.18125 0.128125
0 0.08828125 0.64296875 0.15625 0.1453125
0 0.23515625 0.60390625 0.1859375 0.1484375
0 0.13984375 0.73984375 0.2 0.146875
0 0.33515625 0.69453125 0.1515625 0.1125
0 0.54375 0.5828125 0.178125 0.1359375
0 0.46953125 0.47109375 0.1578125 0.1203125
0 0.34140625 0.55234375 0.125 0.10625
0 0.375 0.49765625 0.115625 0.10625
0 0.484375 0.415625 0.1140625 0.084375
0 0.71015625 0.3703125 0.16875 0.1140625
0 0.7 0.4703125 0.1453125 0.109375
0 0.66484375 0.62265625 0.190625 0.1328125
0 0.865625 0.58828125 0.1859375 0.134375
0 0.92421875 0.515625 0.1515625 0.115625
0 0.8375 0.44140625 0.146875 0.125
0 0.8921875 0.31640625 0.1640625 0.1203125
0 0.8015625 0.2328125 0.1640625 0.1234375
0 0.4484375 0.265625 0.121875 0.0984375
0 0.9265625 0.7953125 0.146875 0.15625
0 0.675 0.7671875 0.1421875 0.121875
0 0.56171875 0.8078125 0.153125 0.1328125
0 0.41015625 0.74921875 0.13125 0.090625
0 0.95546875 0.746875 0.0890625 0.125