0 0.3296875 0.85390625 0.1109375 0.1015625
0 0.21875 0.95234375 0.0828125 0.071875
0 0.24140625 0.859375 0.084375 0.0828125
0 0.371875 0.63203125 0.115625 0.0953125
0 0.478125 0.80546875 0.059375 0.05
0 0.7734375 0.55625 0.0703125 0.059375
0 0.640625 0.57265625 0.065625 0.05
0 0.61796875 0.490625 0.0765625 0.0671875
0 0.11640625 0.4203125 0.1578125 0.140625
0 0.04296875 0.46796875 0.0859375 0.1265625
0 0.42578125 0.42890625 0.1109375 0.090625
0 0.221875 0.43515625 0.065625 0.09375
0 0.24921875 0.24609375 0.1234375 0.1046875
0 0.125 0.2921875 0.1578125 0.14375
0 0.79375 0.35078125 0.065625 0.05625
0 0.72890625 0.09921875 0.0625 0.0515625