0 0.23359375 0.71953125 0.10859375 0.05703125
0 0.0734375 0.6390625 0.065625 0.03125
0 0.10625 0.58828125 0.05859375 0.04609375
0 0.30625 0.50390625 0.08671875 0.04609375
0 0.753125 0.40078125 0.14375 0.05703125
0 0.91328125 0.32734375 0.1015625 0.084375
0 0.16328125 0.3125 0.13515625 0.05546875
0 0.30234375 0.34609375 0.08203125 0.040625
0 0.04765625 0.37265625 0.0953125 0.05
0 0.046875 0.33125 0.08671875 0.03984375
0 0.21328125 0.109375 0.09609375 0.05390625
0 0.71171875 0.13828125 0.09140625 0.0515625
0 0.01484375 0.17578125 0.0296875 0.05390625