0 0.58046875 0.2328125 0.2734375 0.2921875
0 0.6875 0.06875 0.203125 0.1375
0 0.35078125 0.059375 0.3140625 0.11875
0 0.1875 0.06875 0.1171875 0.0875
0 0.115625 0.26328125 0.1296875 0.1296875
0 0.1 0.34609375 0.0859375 0.078125
0 0.25234375 0.24765625 0.096875 0.1296875
0 0.29609375 0.421875 0.1953125 0.1484375
0 0.221875 0.7703125 0.3 0.315625
0 0.48203125 0.61484375 0.2484375 0.253125
0 0.571875 0.82421875 0.2359375 0.2515625
0 0.67890625 0.55859375 0.209375 0.26875
0 0.7828125 0.4953125 0.15625 0.209375
0 0.94765625 0.56953125 0.1046875 0.10625
0 0.19921875 0.96640625 0.2609375 0.0671875