0 0.5515625 0.73125 0.0984375 0.0703125
0 0.4125 0.78046875 0.075 0.053125
0 0.0453125 0.55390625 0.090625 0.0703125
0 0.028125 0.5078125 0.05625 0.065625
0 0.22734375 0.49765625 0.0984375 0.065625
0 0.27890625 0.4328125 0.084375 0.05625
0 0.33125 0.4078125 0.0953125 0.06875
0 0.8265625 0.5515625 0.0796875 0.040625
0 0.60078125 0.3765625 0.0890625 0.06875
0 0.759375 0.29765625 0.1265625 0.0953125
0 0.41953125 0.14296875 0.0703125 0.0625
0 0.49375 0.09921875 0.1046875 0.0828125
0 0.9 0.15859375 0.10625 0.078125
0 0.2734375 0.93359375 0.0796875 0.046875