0 0.22421875 0.0625 0.1890625 0.125
0 0.2828125 0.1640625 0.084375 0.1
0 0.0796875 0.31328125 0.1421875 0.140625
0 0.1671875 0.65078125 0.075 0.065625
0 0.31171875 0.56796875 0.0859375 0.11875
0 0.15625 0.38203125 0.0375 0.046875
0 0.015625 0.72421875 0.03125 0.1109375
0 0.940625 0.04921875 0.0421875 0.040625
0 0.61171875 0.2265625 0.171875 0.18125
0 0.79296875 0.38671875 0.0609375 0.0578125
0 0.8375 0.28359375 0.0515625 0.0578125
0 0.65078125 0.41953125 0.1609375 0.165625
0 0.78359375 0.6875 0.05 0.0609375
0 0.51953125 0.5859375 0.1734375 0.1640625
0 0.55 0.75703125 0.1515625 0.1546875
0 0.390625 0.9078125 0.153125 0.1484375
0 0.63125 0.834375 0.0609375 0.034375
0 0.33203125 0.96328125 0.075 0.05625
0 0.44375 0.95625 0.15 0.0875
0 0.46953125 0.29140625 0.1796875 0.1359375