0 0.36015625 0.1671875 0.209375 0.26875
0 0.55859375 0.44140625 0.2328125 0.28125
0 0.1203125 0.58359375 0.240625 0.4078125
0 0.66328125 0.93984375 0.2671875 0.1203125
0 0.60078125 0.8390625 0.2453125 0.321875
0 0.41484375 0.94296875 0.1265625 0.1140625
0 0.75 0.690625 0.209375 0.26875
0 0.9015625 0.46640625 0.196875 0.2703125
0 0.8234375 0.296875 0.1796875 0.2296875
0 0.8953125 0.121875 0.1890625 0.1375
0 0.72890625 0.08125 0.18125 0.1203125
0 0.6421875 0.1328125 0.215625 0.2546875
0 0.29140625 0.06875 0.2109375 0.1375
0 0.4578125 0.3296875 0.1734375 0.23125
0 0.44296875 0.53515625 0.2046875 0.2234375
0 0.3671875 0.3625 0.1640625 0.2171875
0 0.6859375 0.5390625 0.1953125 0.2828125