0 0.88359375 0.38203125 0.075 0.0953125
0 0.446875 0.33515625 0.0859375 0.1140625
0 0.434375 0.484375 0.0421875 0.0921875
0 0.6375 0.61171875 0.09375 0.0921875
0 0.76953125 0.66015625 0.0546875 0.1015625
0 0.03828125 0.5546875 0.0765625 0.090625
0 0.28828125 0.60859375 0.1140625 0.1484375
0 0.19609375 0.625 0.065625 0.1015625
0 0.784375 0.12109375 0.128125 0.1640625
0 0.903125 0.8296875 0.103125 0.1375
0 0.071875 0.81328125 0.1015625 0.1515625
0 0.5734375 0.9734375 0.078125 0.053125
0 0.8796875 0.23984375 0.10625 0.13125
0 0.1328125 0.1328125 0.1078125 0.134375