0 0.27265625 0.16796875 0.0625 0.0359375
0 0.42734375 0.1828125 0.0484375 0.028125
0 0.40078125 0.21796875 0.05703125 0.0265625
0 0.46171875 0.25703125 0.03671875 0.0296875
0 0.45703125 0.2109375 0.0453125 0.021875
0 0.43203125 0.29453125 0.05703125 0.0359375
0 0.33359375 0.3078125 0.03671875 0.025
0 0.27734375 0.29453125 0.0484375 0.0296875
0 0.3109375 0.3515625 0.059375 0.0375
0 0.3890625 0.353125 0.0453125 0.025
0 0.24140625 0.35390625 0.05078125 0.0359375
0 0.33984375 0.39921875 0.05390625 0.0296875
0 0.50546875 0.3625 0.05703125 0.025
0 0.21015625 0.48828125 0.06796875 0.0296875
0 0.2328125 0.5140625 0.05078125 0.03125
0 0.25859375 0.54140625 0.05078125 0.0265625
0 0.51171875 0.515625 0.0625 0.01875
0 0.41484375 0.60625 0.06796875 0.034375
0 0.36796875 0.60078125 0.04296875 0.0234375
0 0.62109375 0.634375 0.03671875 0.025
0 0.36328125 0.5125 0.05078125 0.01875
0 0.859375 0.49921875 0.065625 0.0296875
0 0.7953125 0.565625 0.0453125 0.0375
0 0.93046875 0.19765625 0.07109375 0.0359375
0 0.83671875 0.31484375 0.04296875 0.0390625
0 0.78671875 0.309375 0.03984375 0.03125
0 0.75546875 0.31796875 0.034375 0.0234375
0 0.80390625 0.4359375 0.0625 0.0375
0 0.5921875 0.5328125 0.065625 0.0125