0 0.2046875 0.6859375 0.115625 0.1578125
0 0.35390625 0.7765625 0.1546875 0.190625
0 0.68046875 0.9265625 0.1234375 0.146875
0 0.79296875 0.95859375 0.1359375 0.0828125
0 0.803125 0.86328125 0.1140625 0.153125
0 0.90078125 0.83203125 0.090625 0.1203125
0 0.86796875 0.75234375 0.090625 0.10625
0 0.96796875 0.63046875 0.053125 0.1109375
0 0.7625 0.62109375 0.1484375 0.1796875
0 0.79921875 0.48671875 0.13125 0.15
0 0.87890625 0.5625 0.109375 0.1421875
0 0.95625 0.4546875 0.0875 0.14375
0 0.78984375 0.271875 0.1328125 0.165625
0 0.82265625 0.20546875 0.1203125 0.1234375
0 0.909375 0.22265625 0.134375 0.1609375
0 0.96328125 0.19375 0.0734375 0.15625
0 0.89140625 0.1140625 0.125 0.0953125
0 0.78125 0.07109375 0.1140625 0.0609375
0 0.68984375 0.2671875 0.1046875 0.1546875
0 0.70234375 0.35078125 0.121875 0.15
0 0.640625 0.52109375 0.125 0.15625
0 0.46171875 0.56328125 0.14375 0.1921875
0 0.3296875 0.49375 0.1265625 0.1609375
0 0.42578125 0.50078125 0.13125 0.171875
0 0.33671875 0.36328125 0.140625 0.1796875
0 0.43828125 0.28515625 0.1171875 0.165625
0 0.2078125 0.39375 0.153125 0.1703125
0 0.11328125 0.30078125 0.1296875 0.1609375
0 0.04375 0.365625 0.075 0.1265625
0 0.11796875 0.13125 0.121875 0.175
0 0.24453125 0.02890625 0.1640625 0.0578125
0 0.28125 0.1265625 0.125 0.1546875
0 0.4234375 0.0984375 0.1015625 0.1234375
0 0.4671875 0.05859375 0.128125 0.1171875
0 0.56328125 0.12734375 0.0953125 0.115625
0 0.5921875 0.21484375 0.1296875 0.15625