0 0.284375 0.43046875 0.134375 0.2375
0 0.36171875 0.54765625 0.1234375 0.1890625
0 0.3890625 0.59921875 0.103125 0.1640625
0 0.66484375 0.646875 0.14375 0.2234375
0 0.7140625 0.2765625 0.128125 0.215625
0 0.65703125 0.3265625 0.1359375 0.2140625
0 0.834375 0.4296875 0.13125 0.19375
0 0.93828125 0.49296875 0.1234375 0.2390625
0 0.80078125 0.08984375 0.14375 0.128125
0 0.8640625 0.15859375 0.1265625 0.19375
0 0.659375 0.8828125 0.14375 0.1984375
0 0.69453125 0.7984375 0.2140625 0.2234375
0 0.4140625 0.89453125 0.1546875 0.209375
0 0.06875 0.88203125 0.134375 0.15
0 0.1859375 0.74453125 0.1 0.1765625
0 0.175 0.90234375 0.1171875 0.1328125
0 0.01484375 0.86171875 0.0296875 0.1640625
0 0.525 0.6078125 0.1234375 0.1234375