0 0.1296875 0.46640625 0.25 0.20625
0 0.45703125 0.44140625 0.1890625 0.16875
0 0.59140625 0.46640625 0.1859375 0.1515625
0 0.66796875 0.54453125 0.1671875 0.1328125
0 0.79375 0.5390625 0.1578125 0.13125
0 0.934375 0.5921875 0.13125 0.115625
0 0.97734375 0.55703125 0.0453125 0.0921875
0 0.50625 0.70546875 0.10625 0.08125
0 0.425 0.75859375 0.0875 0.0703125
0 0.3390625 0.79375 0.0953125 0.0875
0 0.2875 0.87109375 0.090625 0.0765625
0 0.28828125 0.54609375 0.0890625 0.0765625
0 0.2515625 0.403125 0.1453125 0.14375