0 0.24765625 0.2609375 0.1390625 0.21875
0 0.1234375 0.36015625 0.1828125 0.2375
0 0.63984375 0.1765625 0.153125 0.2
0 0.7328125 0.26484375 0.1125 0.1890625
0 0.88515625 0.34296875 0.159375 0.2484375
0 0.8859375 0.47890625 0.140625 0.0828125
0 0.696875 0.52421875 0.153125 0.1953125
0 0.7140625 0.68359375 0.1109375 0.1234375
0 0.56796875 0.5921875 0.1453125 0.2296875
0 0.4671875 0.496875 0.1171875 0.159375
0 0.3375 0.50234375 0.1296875 0.184375
0 0.3703125 0.3609375 0.103125 0.10625
0 0.496875 0.365625 0.09375 0.0921875
0 0.090625 0.59140625 0.1609375 0.2296875
0 0.09609375 0.78203125 0.1421875 0.184375
0 0.4578125 0.70234375 0.1703125 0.2203125
0 0.27890625 0.61015625 0.11875 0.0890625
0 0.4703125 0.98125 0.096875 0.0375