0 0.22578125 0.90625 0.05625 0.0484375
0 0.26171875 0.934375 0.053125 0.0484375
0 0.2109375 0.85078125 0.06875 0.0515625
0 0.29765625 0.7546875 0.0953125 0.0734375
0 0.48984375 0.92734375 0.0984375 0.075
0 0.5578125 0.8703125 0.065625 0.0609375
0 0.81171875 0.903125 0.0703125 0.053125
0 0.36640625 0.690625 0.0671875 0.053125
0 0.275 0.61953125 0.0609375 0.0578125
0 0.40546875 0.65 0.0640625 0.0453125
0 0.67890625 0.72109375 0.059375 0.053125
0 0.871875 0.7328125 0.075 0.053125
0 0.60390625 0.65 0.1015625 0.0765625
0 0.4671875 0.58359375 0.0796875 0.0453125
0 0.17109375 0.428125 0.1109375 0.0765625
0 0.29765625 0.49140625 0.08125 0.0734375
0 0.63828125 0.51171875 0.09375 0.08125
0 0.6109375 0.3203125 0.059375 0.053125
0 0.54765625 0.240625 0.0921875 0.071875
0 0.921875 0.26484375 0.109375 0.0765625