0 0.03984375 0.0890625 0.0796875 0.10625
0 0.2140625 0.05546875 0.1140625 0.0734375
0 0.11640625 0.15703125 0.09375 0.121875
0 0.14765625 0.3625 0.103125 0.153125
0 0.059375 0.496875 0.1046875 0.140625
0 0.02109375 0.575 0.0421875 0.134375
0 0.121875 0.5421875 0.065625 0.0984375
0 0.13671875 0.66796875 0.121875 0.153125
0 0.10546875 0.93359375 0.1046875 0.1328125
0 0.18203125 0.86171875 0.1046875 0.1671875
0 0.23046875 0.74375 0.0765625 0.13125
0 0.27265625 0.728125 0.0703125 0.1203125
0 0.359375 0.50078125 0.1109375 0.165625
0 0.4359375 0.565625 0.1125 0.15625
0 0.41875 0.63671875 0.1125 0.140625
0 0.40546875 0.7234375 0.0765625 0.0875
0 0.475 0.7765625 0.121875 0.178125
0 0.57421875 0.79375 0.109375 0.153125
0 0.42578125 0.84296875 0.0890625 0.1265625
0 0.47265625 0.94296875 0.0984375 0.1140625
0 0.59375 0.66171875 0.109375 0.153125
0 0.46953125 0.36015625 0.10625 0.1578125
0 0.51015625 0.49375 0.10625 0.1375
0 0.621875 0.51796875 0.109375 0.1515625
0 0.61640625 0.38984375 0.103125 0.134375
0 0.53515625 0.2375 0.1203125 0.1734375
0 0.58515625 0.15859375 0.109375 0.1515625
0 0.4140625 0.153125 0.096875 0.1296875
0 0.27265625 0.0609375 0.0875 0.0921875
0 0.803125 0.03046875 0.10625 0.0609375
0 0.6796875 0.071875 0.10625 0.14375
0 0.55234375 0.0421875 0.0734375 0.084375
0 0.73984375 0.45 0.115625 0.16875
0 0.85546875 0.25 0.0625 0.09375
0 0.7203125 0.9328125 0.05625 0.0796875
0 0.7859375 0.1515625 0.046875 0.06875
0 0.82265625 0.15390625 0.0453125 0.078125
0 0.940625 0.0328125 0.04375 0.065625