0 0.2671875 0.34296875 0.0703125 0.0546875
0 0.08125 0.3890625 0.0515625 0.034375
0 0.2234375 0.44140625 0.075 0.0453125
0 0.23125 0.46640625 0.065625 0.0390625
0 0.35078125 0.428125 0.075 0.04375
0 0.52734375 0.25625 0.075 0.053125
0 0.52421875 0.31328125 0.0796875 0.0453125
0 0.36953125 0.5546875 0.0625 0.034375
0 0.2671875 0.5296875 0.0734375 0.0375
0 0.559375 0.56484375 0.06875 0.046875
0 0.83203125 0.5234375 0.0734375 0.0390625
0 0.95859375 0.5 0.075 0.046875
0 0.94296875 0.4625 0.0625 0.04375
0 0.97421875 0.60234375 0.0515625 0.0421875
0 0.28828125 0.7625 0.065625 0.040625
0 0.9140625 0.2828125 0.071875 0.0484375
0 0.86484375 0.28671875 0.0734375 0.040625
0 0.89921875 0.29921875 0.059375 0.03125
0 0.66875 0.40625 0.0578125 0.04375