0 0.0296875 0.81484375 0.059375 0.0453125
0 0.06640625 0.68828125 0.1015625 0.06875
0 0.34140625 0.578125 0.0875 0.065625
0 0.1671875 0.59609375 0.078125 0.0609375
0 0.40625 0.54921875 0.078125 0.0578125
0 0.6453125 0.56484375 0.128125 0.0734375
0 0.715625 0.534375 0.115625 0.06875
0 0.6453125 0.78984375 0.0703125 0.05625
0 0.6515625 0.884375 0.084375 0.0421875
0 0.60234375 0.81015625 0.071875 0.0484375
0 0.24921875 0.346875 0.1015625 0.0734375
0 0.34765625 0.35625 0.0703125 0.059375
0 0.36171875 0.2 0.1078125 0.0546875