0 0.26015625 0.1796875 0.1046875 0.0609375
0 0.1484375 0.1703125 0.0890625 0.0546875
0 0.36328125 0.27265625 0.084375 0.0484375
0 0.2640625 0.2421875 0.0703125 0.0453125
0 0.2 0.2640625 0.1 0.0609375
0 0.15 0.23359375 0.0703125 0.05625
0 0.19765625 0.3203125 0.0703125 0.0546875
0 0.33359375 0.33515625 0.06875 0.05
0 0.37890625 0.33125 0.08125 0.05625
0 0.36640625 0.3828125 0.09375 0.0640625
0 0.07578125 0.3625 0.0671875 0.0546875
0 0.09140625 0.471875 0.096875 0.046875
0 0.053125 0.5671875 0.0921875 0.0625
0 0.02734375 0.6 0.0546875 0.046875
0 0.28984375 0.51328125 0.0734375 0.046875
0 0.290625 0.54296875 0.0984375 0.0484375
0 0.73828125 0.71171875 0.059375 0.040625
0 0.70625 0.57265625 0.065625 0.0484375
0 0.7359375 0.4375 0.0515625 0.04375