0 0.76328125 0.90625 0.08046875 0.04296875
0 0.559375 0.7796875 0.06640625 0.03359375
0 0.45859375 0.91953125 0.06015625 0.03203125
0 0.08984375 0.96796875 0.06875 0.046875
0 0.234375 0.8796875 0.06875 0.05703125
0 0.18828125 0.834375 0.075 0.05390625
0 0.053125 0.85546875 0.07421875 0.046875
0 0.028125 0.80625 0.05625 0.03046875
0 0.8265625 0.4625 0.065625 0.04453125
0 0.7828125 0.44765625 0.03984375 0.025
0 0.396875 0.41484375 0.096875 0.04765625
0 0.43046875 0.31640625 0.07890625 0.0453125
0 0.521875 0.2828125 0.09296875 0.06328125
0 0.615625 0.29140625 0.09296875 0.05234375
0 0.8890625 0.2953125 0.09140625 0.0515625
0 0.93125 0.23203125 0.0796875 0.046875
0 0.88671875 0.2109375 0.065625 0.0484375
0 0.92734375 0.13671875 0.103125 0.05625
0 0.303125 0.24765625 0.04609375 0.04765625
0 0.2359375 0.1421875 0.08984375 0.05703125
0 0.1625 0.0859375 0.103125 0.06171875
0 0.7859375 0.771875 0.07421875 0.04296875
0 0.63671875 0.71640625 0.0734375 0.03203125
0 0.85625 0.62421875 0.05625 0.03515625