0 0.10234375 0.89609375 0.075 0.046875
0 0.165625 0.8875 0.0609375 0.040625
0 0.2171875 0.75546875 0.0953125 0.0578125
0 0.65859375 0.88203125 0.0609375 0.04375
0 0.82734375 0.93046875 0.078125 0.046875
0 0.928125 0.9546875 0.05 0.040625
0 0.815625 0.82734375 0.06875 0.053125
0 0.7703125 0.853125 0.0640625 0.04375
0 0.30546875 0.653125 0.090625 0.059375
0 0.12265625 0.5 0.109375 0.0671875
0 0.4875 0.625 0.0828125 0.0625
0 0.54765625 0.58828125 0.0828125 0.0515625
0 0.60390625 0.559375 0.0765625 0.0515625
0 0.8171875 0.59453125 0.115625 0.075
0 0.88984375 0.55234375 0.1171875 0.06875
0 0.1296875 0.39296875 0.103125 0.0375
0 0.39296875 0.3875 0.1109375 0.06875
0 0.49140625 0.3921875 0.0640625 0.0609375
0 0.065625 0.240625 0.0875 0.059375
0 0.5015625 0.22734375 0.1046875 0.0484375
0 0.8703125 0.15703125 0.0703125 0.053125