0 0.37265625 0.8625 0.165625 0.2140625
0 0.15546875 0.74765625 0.125 0.1546875
0 0.85390625 0.6984375 0.1859375 0.225
0 0.78984375 0.12734375 0.15625 0.1984375
0 0.6171875 0.87265625 0.1375 0.1734375
0 0.62421875 0.30625 0.13125 0.159375
0 0.2828125 0.08125 0.15 0.125
0 0.73125 0.2390625 0.1390625 0.18125
0 0.31796875 0.353125 0.128125 0.15625
0 0.4359375 0.36953125 0.1359375 0.165625
0 0.3890625 0.6046875 0.1046875 0.121875
0 0.48828125 0.7046875 0.115625 0.1265625
0 0.359375 0.18359375 0.115625 0.1203125