0 0.09765625 0.95546875 0.0953125 0.0421875
0 0.140625 0.925 0.0765625 0.0484375
0 0.20234375 0.92421875 0.0765625 0.0578125
0 0.73828125 0.9390625 0.0859375 0.0671875
0 0.6796875 0.8203125 0.075 0.05625
0 0.82734375 0.8421875 0.071875 0.053125
0 0.8421875 0.7609375 0.0984375 0.0734375
0 0.41328125 0.61171875 0.0890625 0.0453125
0 0.61875 0.5328125 0.0765625 0.0515625
0 0.66953125 0.4578125 0.08125 0.053125
0 0.90625 0.37578125 0.08125 0.0515625
0 0.971875 0.359375 0.05625 0.05
0 0.82734375 0.096875 0.090625 0.06875