0 0.9015625 0.14765625 0.196875 0.2546875
0 0.675 0.1890625 0.2 0.2859375
0 0.44921875 0.09765625 0.2046875 0.1953125
0 0.40390625 0.275 0.1453125 0.1890625
0 0.35234375 0.3390625 0.125 0.1640625
0 0.60859375 0.3859375 0.11875 0.1625
0 0.4953125 0.659375 0.1390625 0.1796875
0 0.5265625 0.81640625 0.1203125 0.1609375
0 0.6109375 0.834375 0.0859375 0.159375
0 0.27109375 0.75 0.0859375 0.1265625
0 0.3421875 0.76796875 0.0953125 0.1125
0 0.365625 0.83359375 0.0890625 0.0875
0 0.40390625 0.93515625 0.084375 0.0984375