0 0.33515625 0.046875 0.0890625 0.06875
0 0.2578125 0.06796875 0.0875 0.084375
0 0.18046875 0.184375 0.121875 0.08125
0 0.6625 0.16171875 0.090625 0.05625
0 0.78984375 0.23671875 0.071875 0.065625
0 0.22734375 0.2921875 0.096875 0.06875
0 0.2109375 0.4296875 0.0625 0.059375
0 0.5609375 0.24609375 0.05 0.053125
0 0.79140625 0.46328125 0.0625 0.053125
0 0.2234375 0.48359375 0.08125 0.0515625
0 0.2140625 0.54765625 0.0765625 0.04375
0 0.61875 0.6265625 0.1125 0.0875
0 0.49765625 0.6078125 0.084375 0.059375
0 0.31875 0.73359375 0.06875 0.0546875
0 0.29921875 0.76875 0.0375 0.0375
0 0.51875 0.76015625 0.084375 0.075
0 0.70859375 0.77734375 0.09375 0.075
0 0.64765625 0.9171875 0.1078125 0.0921875
0 0.50625 0.8609375 0.084375 0.071875
0 0.446875 0.68515625 0.071875 0.071875
0 0.60546875 0.43671875 0.065625 0.065625
0 0.55390625 0.4359375 0.034375 0.053125
0 0.2671875 0.50859375 0.040625 0.0390625
0 0.3390625 0.4515625 0.0484375 0.0375