0 0.9015625 0.40859375 0.196875 0.2484375
0 0.6109375 0.25 0.240625 0.225
0 0.14453125 0.13125 0.2234375 0.1796875
0 0.8890625 0.7140625 0.2109375 0.209375
0 0.08828125 0.371875 0.175 0.209375
0 0.18203125 0.528125 0.2234375 0.2203125
0 0.43515625 0.14453125 0.2171875 0.2078125
0 0.6625 0.81796875 0.19375 0.1921875
0 0.5140625 0.02109375 0.221875 0.0421875
0 0.4796875 0.4171875 0.2265625 0.2375
0 0.6984375 0.484375 0.2015625 0.1765625
0 0.57734375 0.62109375 0.24375 0.20625
0 0.4671875 0.91875 0.16875 0.1625