0 0.61875 0.32265625 0.603125 0.6453125
0 0.29375 0.48203125 0.4734375 0.4875
0 0.1515625 0.7078125 0.303125 0.415625
0 0.49375 0.75 0.4078125 0.40625
0 0.80859375 0.659375 0.3828125 0.49375
0 0.796875 0.89140625 0.28125 0.2171875
0 0.9515625 0.509375 0.096875 0.33125
0 0.4046875 0.034375 0.115625 0.06875
0 0.271875 0.14453125 0.0640625 0.075
0 0.27578125 0.2046875 0.053125 0.0515625
0 0.30625 0.1859375 0.0640625 0.0609375
0 0.4046875 0.13203125 0.0578125 0.059375
0 0.98828125 0.29609375 0.0234375 0.0828125
0 0.0859375 0.403125 0.0625 0.0734375
0 0.3078125 0.9375 0.2484375 0.1125
0 0.79453125 0.98203125 0.1703125 0.0359375