0 0.0765625 0.890625 0.103125 0.059375
0 0.121875 0.86328125 0.0765625 0.0640625
0 0.18125 0.8703125 0.071875 0.0640625
0 0.71328125 0.9765625 0.0984375 0.046875
0 0.68046875 0.85390625 0.0921875 0.071875
0 0.81796875 0.9046875 0.090625 0.06875
0 0.84609375 0.82265625 0.10625 0.0890625
0 0.040625 0.51640625 0.08125 0.0609375
0 0.44453125 0.59765625 0.090625 0.0625
0 0.66875 0.55625 0.0796875 0.0703125
0 0.72578125 0.49765625 0.0828125 0.0671875
0 0.96328125 0.45078125 0.0734375 0.0578125
0 0.13125 0.10234375 0.0890625 0.078125
0 0.94375 0.16328125 0.1125 0.0890625