0 0.3765625 0.79453125 0.08125 0.1296875
0 0.6796875 0.6921875 0.109375 0.1703125
0 0.525 0.42109375 0.1 0.1390625
0 0.50078125 0.559375 0.1 0.1390625
0 0.76328125 0.53515625 0.103125 0.171875
0 0.90390625 0.7125 0.090625 0.14375
0 0.96015625 0.2640625 0.0796875 0.190625
0 0.67890625 0.06484375 0.0875 0.125
0 0.5875 0.0640625 0.0828125 0.1265625
0 0.5875 0.21640625 0.096875 0.146875
0 0.18828125 0.21484375 0.0921875 0.1484375
0 0.32734375 0.2234375 0.096875 0.1265625
0 0.8234375 0.0703125 0.0828125 0.121875
0 0.74296875 0.046875 0.078125 0.0875