0 0.24765625 0.54765625 0.2296875 0.2859375
0 0.39453125 0.22109375 0.2796875 0.3890625
0 0.534375 0.7296875 0.2 0.25625
0 0.3671875 0.81796875 0.159375 0.2171875
0 0.121875 0.8015625 0.05 0.05
0 0.2 0.796875 0.046875 0.05625
0 0.01953125 0.78984375 0.0390625 0.0453125
0 0.684375 0.47109375 0.04375 0.0609375
0 0.621875 0.30625 0.04375 0.065625
0 0.703125 0.38828125 0.040625 0.0578125
0 0.671875 0.1171875 0.046875 0.065625
0 0.60234375 0.0859375 0.0421875 0.059375
0 0.8 0.5765625 0.046875 0.05
0 0.97578125 0.48828125 0.0421875 0.0453125
0 0.725 0.32421875 0.04375 0.0546875