0 0.10859375 0.24921875 0.1765625 0.2765625
0 0.275 0.06796875 0.15 0.1359375
0 0.503125 0.05625 0.090625 0.1125
0 0.425 0.08203125 0.08125 0.1390625
0 0.49296875 0.1625 0.0734375 0.13125
0 0.665625 0.12109375 0.11875 0.1765625
0 0.7078125 0.29609375 0.115625 0.1859375
0 0.84140625 0.303125 0.1046875 0.153125
0 0.89609375 0.45546875 0.0828125 0.1390625
0 0.4609375 0.3515625 0.121875 0.2375
0 0.553125 0.35078125 0.0875 0.1765625
0 0.02109375 0.7234375 0.0421875 0.128125
0 0.0234375 0.4125 0.046875 0.0875
0 0.06484375 0.5703125 0.0890625 0.125
0 0.765625 0.81953125 0.115625 0.1640625
0 0.71953125 0.67109375 0.0890625 0.1546875
0 0.8046875 0.72109375 0.1 0.1609375
0 0.89140625 0.85 0.0828125 0.1125
0 0.8828125 0.5859375 0.065625 0.075
0 0.47734375 0.93203125 0.0765625 0.1359375
0 0.38828125 0.85546875 0.0640625 0.1265625
0 0.559375 0.6828125 0.078125 0.096875
0 0.44921875 0.6203125 0.0765625 0.109375
0 0.43984375 0.721875 0.0765625 0.090625
0 0.46796875 0.80625 0.0578125 0.109375
0 0.52890625 0.828125 0.0546875 0.084375
0 0.0984375 0.725 0.04375 0.05
0 0.26875 0.7140625 0.05625 0.05625
0 0.21640625 0.6375 0.0453125 0.053125
0 0.3390625 0.74765625 0.034375 0.0640625