0 0.34375 0.76171875 0.1203125 0.13984375
0 0.5453125 0.24921875 0.08125 0.09921875
0 0.31796875 0.65078125 0.1484375 0.18984375
0 0.46640625 0.28515625 0.078125 0.1125
0 0.2296875 0.24921875 0.0875 0.10625
0 0.38515625 0.2375 0.078125 0.0875
0 0.05234375 0.82109375 0.08125 0.0953125
0 0.1375 0.85 0.07734375 0.10625
0 0.1609375 0.21015625 0.07421875 0.07578125
0 0.03984375 0.51171875 0.0796875 0.0890625
0 0.14765625 0.51484375 0.04765625 0.07578125
0 0.17890625 0.30390625 0.05546875 0.0578125
0 0.2671875 0.58125 0.08125 0.10859375
0 0.1 0.48359375 0.07578125 0.0796875
0 0.2265625 0.34140625 0.0234375 0.05
0 0.38828125 0.93984375 0.01484375 0.02734375
0 0.18671875 0.953125 0.05703125 0.08515625
0 0.38046875 0.915625 0.0171875 0.025
0 0.21953125 0.78984375 0.0234375 0.03671875
0 0.409375 0.54375 0.125 0.14296875