0 0.096875 0.28828125 0.05 0.034375
0 0.109375 0.26328125 0.075 0.0390625
0 0.37109375 0.2484375 0.0796875 0.0453125
0 0.34375 0.3125 0.071875 0.046875
0 0.29453125 0.378125 0.05 0.0359375
0 0.2375 0.41875 0.0484375 0.040625
0 0.32109375 0.4859375 0.065625 0.04375
0 0.11796875 0.47265625 0.05625 0.0390625
0 0.4546875 0.58046875 0.05 0.0328125
0 0.86328125 0.30078125 0.0578125 0.05
0 0.90078125 0.29765625 0.078125 0.053125
0 0.97578125 0.2609375 0.0484375 0.046875
0 0.990625 0.22578125 0.01875 0.0453125
0 0.76875 0.52421875 0.071875 0.0375
0 0.771875 0.49609375 0.0671875 0.04375
0 0.8234375 0.61171875 0.053125 0.0359375
0 0.82890625 0.58984375 0.065625 0.034375
0 0.653125 0.609375 0.06875 0.046875
0 0.875 0.68984375 0.0703125 0.040625
0 0.878125 0.71484375 0.0484375 0.0359375
0 0.26796875 0.57734375 0.071875 0.046875