0 0.375 0.2203125 0.0578125 0.0375
0 0.5140625 0.2125 0.053125 0.0375
0 0.55078125 0.22578125 0.0546875 0.034375
0 0.50859375 0.246875 0.0546875 0.034375
0 0.559375 0.265625 0.0546875 0.0375
0 0.52890625 0.31796875 0.0578125 0.0375
0 0.45390625 0.33828125 0.0453125 0.0375
0 0.4 0.34453125 0.046875 0.040625
0 0.43046875 0.3890625 0.0734375 0.0453125
0 0.49296875 0.37734375 0.040625 0.03125
0 0.46484375 0.43125 0.0828125 0.053125
0 0.37890625 0.4078125 0.04375 0.0296875
0 0.5921875 0.36953125 0.053125 0.0296875
0 0.3953125 0.4484375 0.046875 0.040625
0 0.3515625 0.53828125 0.0625 0.0453125
0 0.384375 0.553125 0.0453125 0.0375
0 0.4015625 0.57265625 0.040625 0.0328125
0 0.221875 0.6234375 0.0546875 0.0359375
0 0.62421875 0.50546875 0.05625 0.0390625
0 0.5609375 0.609375 0.06875 0.046875
0 0.5203125 0.60625 0.0640625 0.0375
0 0.55234375 0.50078125 0.0609375 0.0375
0 0.909375 0.2453125 0.059375 0.0421875
0 0.85234375 0.2640625 0.0578125 0.034375
0 0.90703125 0.375 0.0640625 0.0421875
0 0.85625 0.384375 0.0453125 0.028125
0 0.96875 0.42265625 0.05 0.0359375
0 0.87109375 0.46328125 0.04375 0.03125
0 0.9078125 0.49140625 0.075 0.0421875