0 0.6859375 0.16953125 0.134375 0.1578125
0 0.8 0.10703125 0.109375 0.1265625
0 0.8375 0.18203125 0.096875 0.10625
0 0.93515625 0.10625 0.0890625 0.096875
0 0.57265625 0.040625 0.0984375 0.08125
0 0.70078125 0.3265625 0.1390625 0.1625
0 0.625 0.37109375 0.0890625 0.1078125
0 0.52109375 0.3140625 0.0796875 0.0921875
0 0.4078125 0.36640625 0.1015625 0.115625
0 0.8515625 0.45078125 0.09375 0.109375
0 0.72421875 0.5890625 0.121875 0.134375
0 0.75078125 0.515625 0.0921875 0.1109375
0 0.621875 0.659375 0.146875 0.16875
0 0.65859375 0.82578125 0.1375 0.1484375
0 0.321875 0.66484375 0.1 0.11875
0 0.3640625 0.73984375 0.0921875 0.1078125
0 0.2875 0.73515625 0.1 0.103125
0 0.11015625 0.72421875 0.075 0.090625
0 0.1109375 0.8546875 0.1046875 0.1375
0 0.21171875 0.88515625 0.096875 0.1109375
0 0.21328125 0.94375 0.0921875 0.046875
0 0.1296875 0.92734375 0.084375 0.053125
0 0.37578125 0.95390625 0.053125 0.0703125
0 0.47265625 0.85859375 0.0796875 0.0921875
0 0.2734375 0.31484375 0.0578125 0.0625
0 0.10703125 0.2875 0.053125 0.0625
0 0.0359375 0.42421875 0.0578125 0.065625
0 0.01328125 0.54375 0.0265625 0.0875
0 0.26640625 0.54375 0.0859375 0.0921875
0 0.4265625 0.53828125 0.0828125 0.0953125
0 0.2578125 0.45703125 0.0875 0.0859375
0 0.25703125 0.46171875 0.0875 0.0890625
0 0.628125 0.92265625 0.0734375 0.0765625
0 0.50703125 0.8171875 0.0734375 0.08125
0 0.89140625 0.19140625 0.0578125 0.103125
0 0.19296875 0.38359375 0.05 0.046875