0 0.06796875 0.109375 0.11015625 0.1390625
0 0.19765625 0.64453125 0.09140625 0.128125
0 0.11484375 0.6875 0.07890625 0.125
0 0.19296875 0.7640625 0.08515625 0.11953125
0 0.125 0.77890625 0.0625 0.075
0 0.33125 0.959375 0.07890625 0.075
0 0.28984375 0.075 0.1 0.13359375
0 0.41484375 0.0625 0.08359375 0.09140625
0 0.403125 0.1640625 0.06875 0.10859375
0 0.475 0.16640625 0.08359375 0.11640625
0 0.66015625 0.28359375 0.04140625 0.0609375
0 0.57890625 0.615625 0.025 0.0359375
0 0.64453125 0.7484375 0.08125 0.125
0 0.72421875 0.709375 0.08125 0.11953125
0 0.959375 0.70390625 0.07265625 0.1140625
0 0.43203125 0.73359375 0.01875 0.028125