0 0.240625 0.028125 0.225 0.05625
0 0.3671875 0.03984375 0.175 0.0796875
0 0.4203125 0.128125 0.2453125 0.2484375
0 0.59453125 0.1171875 0.1765625 0.1546875
0 0.9 0.1484375 0.2 0.1875
0 0.64375 0.2421875 0.1265625 0.1359375
0 0.26796875 0.215625 0.0828125 0.0859375
0 0.09375 0.06484375 0.046875 0.06875
0 0.06640625 0.27734375 0.0828125 0.1171875
0 0.15078125 0.3296875 0.0875 0.0828125
0 0.22578125 0.3109375 0.08125 0.0734375
0 0.19140625 0.42578125 0.103125 0.109375
0 0.27109375 0.41484375 0.0671875 0.0703125
0 0.3921875 0.35078125 0.2390625 0.228125
0 0.378125 0.6078125 0.278125 0.26875
0 0.3203125 0.45078125 0.1046875 0.0796875
0 0.12421875 0.48359375 0.084375 0.06875
0 0.009375 0.7203125 0.01875 0.128125
0 0.040625 0.84453125 0.08125 0.0890625
0 0.0984375 0.76640625 0.0984375 0.0859375
0 0.34140625 0.8828125 0.253125 0.2265625
0 0.55703125 0.83203125 0.29375 0.2765625
0 0.67734375 0.42734375 0.121875 0.134375
0 0.809375 0.7109375 0.14375 0.1453125
0 0.61875 0.96328125 0.159375 0.0734375
0 0.721875 0.83203125 0.134375 0.1578125
0 0.76875 0.9515625 0.14375 0.096875
0 0.96015625 0.459375 0.0796875 0.08125
0 0.671875 0.53984375 0.125 0.0984375