0 0.3359375 0.2453125 0.0890625 0.1375
0 0.58828125 0.03515625 0.0921875 0.0703125
0 0.82578125 0.05 0.0921875 0.1
0 0.96328125 0.17578125 0.0453125 0.09375
0 0.859375 0.20078125 0.0890625 0.1140625
0 0.8109375 0.3375 0.0875 0.121875
0 0.82421875 0.70546875 0.08125 0.109375
0 0.68203125 0.86953125 0.084375 0.1375
0 0.4203125 0.98125 0.075 0.0375
0 0.175 0.8046875 0.08125 0.115625
0 0.0828125 0.51484375 0.0796875 0.0921875
0 0.1796875 0.353125 0.084375 0.11875
0 0.2265625 0.315625 0.0609375 0.1125
0 0.2796875 0.3203125 0.0875 0.1296875
0 0.57890625 0.371875 0.0828125 0.1265625
0 0.6328125 0.2234375 0.0875 0.140625
0 0.53359375 0.12578125 0.0828125 0.1046875
0 0.42890625 0.1421875 0.0859375 0.1265625
0 0.121875 0.078125 0.075 0.0984375
0 0.4671875 0.67109375 0.0765625 0.1203125
0 0.56796875 0.58046875 0.090625 0.125
0 0.69375 0.65234375 0.0625 0.103125
0 0.79375 0.5953125 0.075 0.090625