0 0.246875 0.4734375 0.234375 0.3375
0 0.35 0.35078125 0.203125 0.2984375
0 0.50078125 0.359375 0.1515625 0.271875
0 0.63203125 0.21875 0.2203125 0.2921875
0 0.75546875 0.0921875 0.2546875 0.184375
0 0.60390625 0.059375 0.1109375 0.11875
0 0.646875 0.43125 0.15625 0.2171875
0 0.76875 0.5828125 0.1796875 0.2578125
0 0.94609375 0.8046875 0.1078125 0.1875
0 0.8890625 0.925 0.1875 0.0921875
0 0.56640625 0.63046875 0.196875 0.3078125
0 0.428125 0.66953125 0.171875 0.275
0 0.13671875 0.72890625 0.171875 0.2421875
0 0.3 0.89140625 0.16875 0.2171875
0 0.4078125 0.93046875 0.15 0.1390625