0 0.61171875 0.3171875 0.5859375 0.634375
0 0.29296875 0.4890625 0.4609375 0.4765625
0 0.15234375 0.721875 0.3046875 0.40625
0 0.503125 0.75 0.3984375 0.3953125
0 0.8140625 0.6484375 0.371875 0.484375
0 0.8109375 0.8875 0.275 0.225
0 0.95390625 0.49375 0.0921875 0.33125
0 0.38828125 0.03515625 0.1140625 0.0703125
0 0.26015625 0.153125 0.0625 0.0734375
0 0.265625 0.21328125 0.053125 0.05
0 0.2953125 0.19296875 0.0625 0.059375
0 0.3921875 0.13515625 0.05625 0.0578125
0 0.9859375 0.278125 0.028125 0.08125
0 0.0828125 0.41796875 0.0609375 0.071875
0 0.3234375 0.94375 0.246875 0.1046875
0 0.8125 0.978125 0.16875 0.04375