0 0.31796875 0.7625 0.10625 0.1421875
0 0.6359375 0.725 0.1421875 0.1890625
0 0.540625 0.42734375 0.125 0.15625
0 0.48828125 0.55859375 0.125 0.15625
0 0.75078125 0.5890625 0.1359375 0.1890625
0 0.85078125 0.7921875 0.1171875 0.1578125
0 0.9703125 0.365625 0.059375 0.203125
0 0.765625 0.11171875 0.1109375 0.1390625
0 0.67578125 0.09140625 0.1078125 0.140625
0 0.64453125 0.240625 0.1234375 0.1625
0 0.2546875 0.15625 0.1203125 0.1625
0 0.3890625 0.19375 0.1203125 0.14375
0 0.90546875 0.146875 0.10625 0.1359375
0 0.83203125 0.1078125 0.09375 0.1015625