0 0.58984375 0.13125 0.215625 0.1859375
0 0.30703125 0.1328125 0.2296875 0.2
0 0.32734375 0.03359375 0.2015625 0.0671875
0 0.31171875 0.49765625 0.275 0.2203125
0 0.625 0.48359375 0.2453125 0.209375
0 0.60078125 0.76484375 0.175 0.140625
0 0.44453125 0.74609375 0.165625 0.1109375
0 0.24375 0.884375 0.1984375 0.1828125
0 0.95 0.33125 0.0796875 0.065625
0 0.79609375 0.3265625 0.071875 0.0578125
0 0.103125 0.384375 0.096875 0.065625
0 0.9203125 0.97578125 0.059375 0.0484375
0 0.871875 0.896875 0.0625 0.046875
0 0.29140625 0.6234375 0.1953125 0.1109375
0 0.81875 0.85390625 0.0578125 0.0453125
0 0.85078125 0.41015625 0.071875 0.0609375