0 0.1625 0.05703125 0.140625 0.1140625
0 0.08359375 0.37734375 0.1453125 0.1421875
0 0.025 0.4796875 0.0484375 0.034375
0 0.828125 0.03828125 0.1390625 0.0578125
0 0.94375 0.025 0.0859375 0.021875
0 0.79453125 0.23125 0.0640625 0.0859375
0 0.72890625 0.36640625 0.175 0.1765625
0 0.91640625 0.3671875 0.1421875 0.1484375
0 0.346875 0.4390625 0.1328125 0.1375
0 0.64765625 0.515625 0.128125 0.121875
0 0.5375 0.58046875 0.0921875 0.109375
0 0.6046875 0.65859375 0.1328125 0.1390625
0 0.57421875 0.92109375 0.05625 0.0609375
0 0.93203125 0.7609375 0.040625 0.0359375
0 0.92265625 0.97109375 0.0578125 0.0453125
0 0.853125 0.9453125 0.0421875 0.05625