0 0.51875 0.08671875 0.21875 0.1734375
0 0.96484375 0.1328125 0.0703125 0.115625
0 0.9765625 0.08984375 0.046875 0.0609375
0 0.878125 0.30546875 0.19375 0.184375
0 0.3015625 0.25 0.196875 0.21875
0 0.36640625 0.3484375 0.19375 0.2296875
0 0.5984375 0.41796875 0.2375 0.2234375
0 0.4515625 0.465625 0.2234375 0.20625
0 0.1921875 0.48359375 0.1515625 0.1421875
0 0.04921875 0.4078125 0.0875 0.0625
0 0.04296875 0.66953125 0.0859375 0.1546875
0 0.2125 0.84296875 0.16875 0.175
0 0.45546875 0.671875 0.190625 0.19375
0 0.565625 0.75234375 0.1203125 0.1234375
0 0.48828125 0.83828125 0.1578125 0.1453125
0 0.72265625 0.95078125 0.1046875 0.0984375
0 0.89375 0.9609375 0.1 0.078125