0 0.35625 0.96875 0.05 0.040625
0 0.3984375 0.98203125 0.046875 0.0359375
0 0.3265625 0.91953125 0.0625 0.040625
0 0.38125 0.80234375 0.0875 0.059375
0 0.615625 0.91171875 0.090625 0.059375
0 0.66328125 0.8375 0.0578125 0.0515625
0 0.915625 0.79453125 0.065625 0.0421875
0 0.428125 0.72109375 0.0609375 0.04375
0 0.3203125 0.6796875 0.0546875 0.05
0 0.453125 0.67109375 0.0609375 0.0359375
0 0.7359375 0.65859375 0.053125 0.04375
0 0.9234375 0.6140625 0.0703125 0.0421875
0 0.64296875 0.61328125 0.09375 0.0609375
0 0.49296875 0.58984375 0.0765625 0.03125
0 0.1640625 0.528125 0.1046875 0.059375
0 0.30390625 0.55078125 0.071875 0.0625
0 0.63515625 0.47109375 0.084375 0.0671875
0 0.553125 0.2953125 0.0515625 0.0453125
0 0.46953125 0.23828125 0.084375 0.0578125
0 0.834375 0.1515625 0.1015625 0.059375