0 0.21953125 0.165625 0.090625 0.0765625
0 0.43828125 0.2453125 0.11875 0.096875
0 0.27578125 0.28046875 0.109375 0.0796875
0 0.546875 0.10390625 0.0765625 0.0515625
0 0.67421875 0.19453125 0.0921875 0.09375
0 0.72734375 0.2796875 0.1015625 0.078125
0 0.91875 0.1 0.115625 0.1109375
0 0.965625 0.2390625 0.06875 0.08125
0 0.36484375 0.41953125 0.1109375 0.0953125
0 0.3484375 0.50703125 0.109375 0.1015625
0 0.40625 0.584375 0.1046875 0.09375
0 0.31328125 0.5890625 0.09375 0.0828125
0 0.73671875 0.55078125 0.1453125 0.1109375
0 0.70859375 0.68828125 0.1265625 0.084375
0 0.59921875 0.871875 0.08125 0.0640625
0 0.2859375 0.95625 0.084375 0.05625