0 0.64609375 0.3015625 0.0609375 0.0796875
0 0.94609375 0.28125 0.05 0.075
0 0.77890625 0.409375 0.0546875 0.0734375
0 0.490625 0.5234375 0.0546875 0.0765625
0 0.6875 0.5921875 0.0578125 0.0765625
0 0.628125 0.6171875 0.05625 0.0671875
0 0.58515625 0.7375 0.05625 0.06875
0 0.8875 0.6859375 0.0671875 0.1
0 0.13125 0.146875 0.053125 0.06875
0 0.9625 0.86875 0.0640625 0.0890625
0 0.478125 0.13046875 0.0453125 0.0796875
0 0.3390625 0.190625 0.0546875 0.0734375
0 0.43984375 0.1875 0.059375 0.071875
0 0.78515625 0.1796875 0.0625 0.0890625
0 0.19453125 0.0796875 0.0609375 0.059375