0 0.19921875 0.6703125 0.1171875 0.075
0 0.05546875 0.5625 0.0703125 0.0421875
0 0.096875 0.51875 0.065625 0.05625
0 0.30859375 0.4703125 0.09375 0.0609375
0 0.76640625 0.44609375 0.1515625 0.08125
0 0.93671875 0.4015625 0.1140625 0.1
0 0.20078125 0.25703125 0.1421875 0.078125
0 0.33203125 0.3140625 0.0875 0.0546875
0 0.0765625 0.29609375 0.103125 0.065625
0 0.0828125 0.25546875 0.0921875 0.0546875
0 0.28515625 0.065625 0.1046875 0.0703125
0 0.77109375 0.18046875 0.0984375 0.0671875
0 0.078125 0.09609375 0.0390625 0.0578125