0 0.06171875 0.2921875 0.1234375 0.16875
0 0.15703125 0.36484375 0.1515625 0.1515625
0 0.03671875 0.475 0.0734375 0.159375
0 0.08359375 0.57890625 0.1484375 0.1390625
0 0.06953125 0.9046875 0.0921875 0.140625
0 0.0625 0.809375 0.0890625 0.0921875
0 0.10546875 0.98203125 0.0578125 0.0359375
0 0.1546875 0.26640625 0.10625 0.109375
0 0.66015625 0.0546875 0.1984375 0.109375
0 0.90390625 0.21953125 0.1671875 0.19375
0 0.95 0.42421875 0.1 0.1578125
0 0.9921875 0.546875 0.015625 0.103125
0 0.76015625 0.67578125 0.1390625 0.1140625
0 0.33203125 0.8515625 0.1296875 0.1296875
0 0.9265625 0.85625 0.146875 0.13125