0 0.409375 0.05234375 0.09375 0.1046875
0 0.40703125 0.1484375 0.0921875 0.103125
0 0.3359375 0.15234375 0.06875 0.0984375
0 0.8015625 0.05078125 0.090625 0.1015625
0 0.58828125 0.1625 0.0796875 0.096875
0 0.64296875 0.19609375 0.0796875 0.0953125
0 0.81484375 0.18359375 0.0828125 0.1015625
0 0.90546875 0.16015625 0.0796875 0.0671875
0 0.73125 0.2984375 0.075 0.078125
0 0.5375 0.37109375 0.06875 0.0859375
0 0.58359375 0.30703125 0.0671875 0.0671875
0 0.44140625 0.2328125 0.0421875 0.078125
0 0.48828125 0.22890625 0.0765625 0.0828125
0 0.1828125 0.25546875 0.096875 0.1171875
0 0.071875 0.3453125 0.09375 0.090625
0 0.3125 0.35859375 0.0625 0.0921875
0 0.3640625 0.34453125 0.071875 0.0984375
0 0.59609375 0.3953125 0.0546875 0.084375
0 0.64140625 0.41015625 0.0546875 0.0828125
0 0.675 0.42734375 0.04375 0.0703125
0 0.74375 0.4703125 0.0625 0.084375
0 0.8640625 0.58125 0.065625 0.084375
0 0.90703125 0.5453125 0.0796875 0.078125
0 0.8125 0.5921875 0.0625 0.0875
0 0.65 0.628125 0.065625 0.084375
0 0.58046875 0.54140625 0.0609375 0.0671875
0 0.6421875 0.5078125 0.05625 0.071875
0 0.053125 0.56796875 0.034375 0.0609375
0 0.09296875 0.50078125 0.0734375 0.0796875
0 0.12421875 0.55703125 0.0484375 0.0484375
0 0.2125 0.50390625 0.078125 0.0796875
0 0.26640625 0.6375 0.0609375 0.06875
0 0.33203125 0.640625 0.0640625 0.078125
0 0.33984375 0.740625 0.0640625 0.065625
0 0.390625 0.725 0.059375 0.065625
0 0.4421875 0.678125 0.053125 0.0625
0 0.36640625 0.90390625 0.0703125 0.0734375
0 0.38828125 0.84453125 0.0640625 0.0671875
0 0.15390625 0.69921875 0.0734375 0.0671875
0 0.08359375 0.7984375 0.0546875 0.05625
0 0.246875 0.73046875 0.065625 0.0703125
0 0.81015625 0.740625 0.0734375 0.08125
0 0.95234375 0.79921875 0.0578125 0.0515625
0 0.95703125 0.75078125 0.0671875 0.0640625
0 0.6828125 0.89140625 0.06875 0.0734375
0 0.48671875 0.8890625 0.0546875 0.05
0 0.56015625 0.89375 0.0515625 0.053125
0 0.38203125 0.50546875 0.0515625 0.0609375
0 0.43359375 0.503125 0.0640625 0.0875
0 0.52890625 0.4578125 0.0609375 0.075
0 0.546875 0.83671875 0.065625 0.0671875
0 0.271875 0.5703125 0.05625 0.05