0 0.0203125 0.078125 0.040625 0.034375
0 0.0578125 0.4015625 0.115625 0.140625
0 0.57109375 0.01171875 0.0703125 0.0234375
0 0.54921875 0.0375 0.0359375 0.0375
0 0.10859375 0.0796875 0.1390625 0.075
0 0.1953125 0.125 0.15625 0.1484375
0 0.2453125 0.046875 0.0625 0.0390625
0 0.278125 0.20625 0.071875 0.0703125
0 0.8 0.19609375 0.1375 0.1125
0 0.16640625 0.35703125 0.1390625 0.10625
0 0.459375 0.37421875 0.140625 0.1390625
0 0.16640625 0.45078125 0.15 0.153125
0 0.42890625 0.4796875 0.071875 0.075
0 0.9390625 0.3875 0.11875 0.16875
0 0.2453125 0.7515625 0.1375 0.1375
0 0.759375 0.69765625 0.1625 0.165625
0 0.98984375 0.5796875 0.0203125 0.128125
0 0.98515625 0.70703125 0.0296875 0.0609375
0 0.22578125 0.87265625 0.1203125 0.1296875
0 0.73125 0.81953125 0.1625 0.103125
0 0.69609375 0.9171875 0.14375 0.134375
0 0.859375 0.909375 0.11875 0.103125