0 0.10703125 0.15 0.2140625 0.196875
0 0.11015625 0.28125 0.2203125 0.19375
0 0.2296875 0.28046875 0.1828125 0.1796875
0 0.31796875 0.35390625 0.240625 0.2125
0 0.7875 0.19453125 0.21875 0.184375
0 0.4875 0.29375 0.15625 0.115625
0 0.56171875 0.36328125 0.1265625 0.109375
0 0.3671875 0.5296875 0.240625 0.2046875
0 0.8796875 0.65 0.1328125 0.125
0 0.44453125 0.725 0.278125 0.25
0 0.684375 0.8296875 0.284375 0.2421875
0 0.496875 0.91875 0.246875 0.1625
0 0.8 0.91015625 0.1765625 0.109375
0 0.83125 0.77109375 0.1375 0.1265625
0 0.04140625 0.584375 0.0828125 0.115625
0 0.10390625 0.934375 0.071875 0.0984375
0 0.2078125 0.47265625 0.0828125 0.0640625
0 0.7 0.05625 0.14375 0.1125
0 0.66171875 0.4828125 0.115625 0.1140625
0 0.1359375 0.5953125 0.084375 0.0765625
0 0.20390625 0.6546875 0.109375 0.0921875