0 0.15 0.50859375 0.09375 0.153125
0 0.025 0.79375 0.0421875 0.1171875
0 0.42265625 0.665625 0.0875 0.1578125
0 0.359375 0.6140625 0.0703125 0.1578125
0 0.49296875 0.56796875 0.0734375 0.1
0 0.753125 0.05234375 0.075 0.1046875
0 0.9609375 0.0921875 0.065625 0.128125
0 0.8046875 0.70703125 0.084375 0.1390625
0 0.7 0.47109375 0.059375 0.0953125
0 0.36953125 0.965625 0.0828125 0.06875
0 0.88515625 0.8640625 0.109375 0.1921875
0 0.97421875 0.87109375 0.0515625 0.2421875
0 0.8265625 0.925 0.090625 0.140625
0 0.578125 0.646875 0.0453125 0.1359375
0 0.4578125 0.96875 0.059375 0.0625