0 0.3671875 0.86953125 0.11875 0.1109375
0 0.2671875 0.9703125 0.0875 0.059375
0 0.2796875 0.884375 0.090625 0.0890625
0 0.38671875 0.64453125 0.1234375 0.1046875
0 0.5109375 0.80625 0.0625 0.0546875
0 0.778125 0.52734375 0.075 0.0640625
0 0.646875 0.5578125 0.06875 0.05625
0 0.615625 0.478125 0.08125 0.0734375
0 0.11015625 0.4609375 0.1671875 0.153125
0 0.0453125 0.51640625 0.090625 0.1328125
0 0.41875 0.43671875 0.1171875 0.0984375
0 0.21640625 0.4640625 0.0734375 0.0984375
0 0.22421875 0.2734375 0.13125 0.115625
0 0.10546875 0.33203125 0.16875 0.15625
0 0.7765625 0.3203125 0.0703125 0.0609375
0 0.68515625 0.07734375 0.065625 0.05625