0 0.09609375 0.2703125 0.190625 0.2859375
0 0.25234375 0.08046875 0.15625 0.14375
0 0.4796875 0.0578125 0.096875 0.115625
0 0.403125 0.08671875 0.0890625 0.14375
0 0.475 0.16328125 0.0796875 0.134375
0 0.6453125 0.11328125 0.128125 0.1828125
0 0.696875 0.28515625 0.125 0.1921875
0 0.83046875 0.28515625 0.1125 0.1578125
0 0.89296875 0.43515625 0.090625 0.14375
0 0.453125 0.35390625 0.134375 0.24375
0 0.5453125 0.3484375 0.096875 0.18125
0 0.03359375 0.7484375 0.0484375 0.1296875
0 0.02265625 0.43671875 0.0453125 0.0890625
0 0.06875 0.59296875 0.0953125 0.1296875
0 0.78203125 0.80546875 0.1234375 0.1703125
0 0.728125 0.659375 0.096875 0.159375
0 0.815625 0.7046875 0.1078125 0.165625
0 0.909375 0.82890625 0.0890625 0.1171875
0 0.88671875 0.565625 0.06875 0.078125
0 0.49921875 0.93125 0.0828125 0.1375
0 0.40703125 0.8609375 0.0703125 0.1296875
0 0.56875 0.6796875 0.0828125 0.1015625
0 0.45546875 0.62265625 0.0828125 0.1125
0 0.4515625 0.725 0.08125 0.09375
0 0.484375 0.8078125 0.0640625 0.1125
0 0.54609375 0.82578125 0.059375 0.0875
0 0.1109375 0.74609375 0.046875 0.0515625
0 0.28046875 0.72578125 0.059375 0.059375
0 0.22421875 0.65234375 0.0484375 0.0546875
0 0.35234375 0.75546875 0.0375 0.065625