0 0.15 0.05859375 0.171875 0.1171875
0 0.19375 0.27578125 0.1765625 0.1671875
0 0.1484375 0.4625 0.0578125 0.0765625
0 0.25546875 0.63984375 0.078125 0.071875
0 0.2234375 0.7890625 0.1609375 0.159375
0 0.32421875 0.653125 0.15 0.159375
0 0.25546875 0.68203125 0.0578125 0.0453125
0 0.4953125 0.04921875 0.159375 0.0984375
0 0.6375 0.06484375 0.16875 0.11875
0 0.57734375 0.2171875 0.1734375 0.1859375
0 0.93671875 0.24375 0.1265625 0.2125
0 0.465625 0.59921875 0.1796875 0.1875
0 0.57734375 0.7265625 0.1828125 0.175
0 0.93046875 0.78203125 0.0953125 0.16875
0 0.9453125 0.878125 0.0265625 0.0359375