0 0.14453125 0.628125 0.23125 0.3015625
0 0.08359375 0.33671875 0.1671875 0.2796875
0 0.2390625 0.44375 0.2171875 0.2984375
0 0.33515625 0.1578125 0.234375 0.2640625
0 0.3765625 0.43828125 0.190625 0.2984375
0 0.30234375 0.71953125 0.2328125 0.34375
0 0.2609375 0.90546875 0.228125 0.1890625
0 0.4421875 0.903125 0.20625 0.19375
0 0.459375 0.6953125 0.20625 0.275
0 0.60546875 0.59140625 0.221875 0.2984375
0 0.6859375 0.72890625 0.225 0.2828125
0 0.5109375 0.3625 0.228125 0.3328125
0 0.6734375 0.325 0.228125 0.353125
0 0.515625 0.1140625 0.196875 0.228125
0 0.71484375 0.109375 0.2546875 0.21875
0 0.846875 0.3203125 0.203125 0.2734375
0 0.89375 0.56484375 0.2125 0.3296875
0 0.7859375 0.596875 0.1984375 0.315625
0 0.15625 0.18671875 0.2109375 0.259375
0 0.13203125 0.95625 0.1171875 0.0875
0 0.9328125 0.78984375 0.134375 0.2796875
0 0.6015625 0.8671875 0.203125 0.265625