0 0.15 0.2171875 0.203125 0.1984375
0 0.17421875 0.4265625 0.1578125 0.1640625
0 0.23828125 0.5609375 0.159375 0.1578125
0 0.075 0.8484375 0.15 0.134375
0 0.94453125 0.22578125 0.1109375 0.1171875
0 0.4578125 0.36328125 0.1796875 0.196875
0 0.63046875 0.3640625 0.1734375 0.16875
0 0.9359375 0.4859375 0.128125 0.190625
0 0.775 0.6484375 0.1828125 0.1609375
0 0.9078125 0.6640625 0.15 0.171875
0 0.40703125 0.79765625 0.1796875 0.178125
0 0.55625 0.8171875 0.1703125 0.178125
0 0.4984375 0.95625 0.15625 0.0875
0 0.884375 0.95625 0.159375 0.0875