0 0.525 0.08828125 0.221875 0.1765625
0 0.9671875 0.14140625 0.065625 0.1171875
0 0.98046875 0.0984375 0.0390625 0.0625
0 0.88203125 0.31171875 0.196875 0.1875
0 0.30625 0.24609375 0.2 0.221875
0 0.36953125 0.34609375 0.196875 0.2328125
0 0.6 0.4203125 0.240625 0.2265625
0 0.4515625 0.46484375 0.225 0.209375
0 0.19296875 0.478125 0.153125 0.1453125
0 0.05078125 0.39921875 0.0890625 0.0640625
0 0.04140625 0.6625 0.0828125 0.15625
0 0.20703125 0.83828125 0.1703125 0.178125
0 0.45234375 0.67109375 0.19375 0.196875
0 0.5609375 0.753125 0.121875 0.125
0 0.48203125 0.83828125 0.1609375 0.146875
0 0.715625 0.95234375 0.10625 0.0953125
0 0.88515625 0.96484375 0.1015625 0.0703125