0 0.20234375 0.58203125 0.1875 0.2734375
0 0.403125 0.45546875 0.246875 0.3265625
0 0.071875 0.1265625 0.14375 0.159375
0 0.52109375 0.0921875 0.2046875 0.184375
0 0.88828125 0.11328125 0.1515625 0.2234375
0 0.61015625 0.40546875 0.0875 0.1
0 0.64375 0.16640625 0.078125 0.103125
0 0.69453125 0.575 0.1921875 0.275
0 0.875 0.45546875 0.171875 0.215625
0 0.9390625 0.2625 0.084375 0.153125
0 0.9734375 0.4125 0.053125 0.1625
0 0.35625 0.7859375 0.1140625 0.1265625
0 0.38671875 0.909375 0.096875 0.115625
0 0.33359375 0.9734375 0.0796875 0.053125
0 0.72421875 0.959375 0.06875 0.0375
0 0.94453125 0.86015625 0.059375 0.06875
0 0.403125 0.971875 0.0625 0.05625
0 0.08359375 0.50390625 0.075 0.1328125
0 0.3203125 0.58046875 0.053125 0.0703125
0 0.584375 0.534375 0.0671875 0.0953125