0 0.559375 0.153125 0.159375 0.215625
0 0.8515625 0.28203125 0.2109375 0.2609375
0 0.69296875 0.48671875 0.1609375 0.2234375
0 0.8734375 0.40390625 0.128125 0.0953125
0 0.678125 0.2140625 0.1375 0.19375
0 0.74609375 0.634375 0.1078125 0.1421875
0 0.5859375 0.5859375 0.1703125 0.2453125
0 0.49609375 0.709375 0.1703125 0.240625
0 0.4703125 0.5203125 0.13125 0.1703125
0 0.20546875 0.32265625 0.1640625 0.2125
0 0.1078125 0.440625 0.178125 0.2390625
0 0.11640625 0.671875 0.184375 0.2453125
0 0.16796875 0.8484375 0.1578125 0.2015625
0 0.34140625 0.54609375 0.1421875 0.1984375
0 0.28671875 0.49140625 0.1109375 0.09375
0 0.3 0.65234375 0.115625 0.096875
0 0.346875 0.39296875 0.10625 0.1203125
0 0.465625 0.37265625 0.0890625 0.10625
0 0.81640625 0.8609375 0.109375 0.125