0 0.7671875 0.34140625 0.0703125 0.1015625
0 0.58125 0.46796875 0.0640625 0.109375
0 0.41953125 0.50703125 0.0796875 0.121875
0 0.04140625 0.0921875 0.0546875 0.1109375
0 0.2234375 0.66640625 0.0703125 0.115625
0 0.30078125 0.71484375 0.08125 0.1109375
0 0.5578125 0.76171875 0.0765625 0.11875
0 0.8453125 0.78671875 0.046875 0.084375
0 0.85625 0.82890625 0.0578125 0.0875
0 0.90625 0.884375 0.0484375 0.078125
0 0.55859375 0.96640625 0.059375 0.065625
0 0.0859375 0.14296875 0.06875 0.1109375
0 0.14921875 0.05546875 0.0515625 0.05625