0 0.45625 0.17265625 0.1796875 0.190625
0 0.7515625 0.24609375 0.1984375 0.203125
0 0.8609375 0.128125 0.228125 0.146875
0 0.94765625 0.4375 0.1046875 0.18125
0 0.92265625 0.60546875 0.1546875 0.2578125
0 0.89375 0.81953125 0.1078125 0.159375
0 0.77421875 0.82890625 0.21875 0.2328125
0 0.5984375 0.778125 0.2171875 0.225
0 0.52578125 0.88046875 0.196875 0.18125
0 0.559375 0.9671875 0.2 0.065625
0 0.26640625 0.9078125 0.1953125 0.134375
0 0.19921875 0.79296875 0.215625 0.2234375
0 0.3703125 0.7828125 0.190625 0.18125
0 0.13046875 0.45546875 0.2609375 0.2984375
0 0.37578125 0.3265625 0.1953125 0.2015625
0 0.53515625 0.4171875 0.2203125 0.2265625
0 0.6296875 0.546875 0.1953125 0.2046875
0 0.77578125 0.3828125 0.2140625 0.1921875
0 0.58203125 0.3125 0.1703125 0.1515625
0 0.1546875 0.084375 0.153125 0.16875
0 0.10390625 0.2125 0.1203125 0.1609375
0 0.34296875 0.20234375 0.134375 0.159375
0 0.25390625 0.334375 0.1328125 0.165625
0 0.3203125 0.01015625 0.11875 0.0203125
0 0.7375 0.93125 0.1875 0.1375