0 0.93984375 0.88046875 0.090625 0.0640625
0 0.984375 0.82890625 0.03125 0.0609375
0 0.93046875 0.8109375 0.071875 0.0609375
0 0.69921875 0.68203125 0.08125 0.0546875
0 0.83046875 0.66796875 0.071875 0.05
0 0.62890625 0.73515625 0.096875 0.059375
0 0.39296875 0.84140625 0.071875 0.059375
0 0.43203125 0.93125 0.0796875 0.0484375
0 0.05859375 0.68984375 0.0765625 0.0625
0 0.20078125 0.64375 0.1109375 0.075
0 0.25703125 0.58515625 0.1046875 0.084375
0 0.48359375 0.53515625 0.0953125 0.0625
0 0.93046875 0.28203125 0.084375 0.075
0 0.7171875 0.23984375 0.109375 0.08125
0 0.6109375 0.2421875 0.0734375 0.059375
0 0.921875 0.13671875 0.0546875 0.0578125