0 0.1875 0.2640625 0.25 0.396875
0 0.06328125 0.471875 0.1265625 0.453125
0 0.21328125 0.61953125 0.2625 0.434375
0 0.39296875 0.6453125 0.25 0.4515625
0 0.29140625 0.88203125 0.1890625 0.2359375
0 0.65703125 0.55078125 0.25625 0.3859375
0 0.5625 0.75546875 0.2875 0.475
0 0.34296875 0.30859375 0.2421875 0.3953125
0 0.47265625 0.3671875 0.221875 0.403125
0 0.54453125 0.23515625 0.215625 0.3546875
0 0.64375 0.140625 0.246875 0.28125
0 0.80078125 0.4625 0.2484375 0.4171875
0 0.8671875 0.7515625 0.2296875 0.3109375
0 0.89375 0.2359375 0.2125 0.471875
0 0.921875 0.60234375 0.15625 0.4328125
0 0.1421875 0.82734375 0.21875 0.3453125
0 0.45703125 0.92578125 0.1921875 0.1484375
0 0.7625 0.86875 0.19375 0.1875
0 0.74453125 0.12265625 0.1609375 0.2453125
0 0.39609375 0.11875 0.1765625 0.2359375