0 0.44375 0.08046875 0.1546875 0.1578125
0 0.2828125 0.08984375 0.059375 0.0609375
0 0.30859375 0.03671875 0.0578125 0.059375
0 0.31953125 0.12109375 0.0546875 0.0578125
0 0.2265625 0.31328125 0.125 0.13125
0 0.14296875 0.3265625 0.090625 0.096875
0 0.3828125 0.346875 0.1234375 0.125
0 0.43984375 0.26796875 0.1140625 0.1265625
0 0.5140625 0.26171875 0.1421875 0.1375
0 0.61015625 0.18828125 0.1453125 0.1578125
0 0.5625 0.078125 0.0859375 0.078125
0 0.92421875 0.50546875 0.1484375 0.1515625
0 0.9703125 0.5421875 0.059375 0.121875
0 0.7203125 0.340625 0.0828125 0.0875
0 0.65703125 0.5609375 0.0890625 0.0890625
0 0.4140625 0.57890625 0.1015625 0.1015625
0 0.7046875 0.678125 0.09375 0.1
0 0.7328125 0.82734375 0.0625 0.0546875
0 0.73984375 0.7734375 0.1015625 0.1046875
0 0.7875 0.84453125 0.075 0.0796875
0 0.5703125 0.92734375 0.0453125 0.0484375
0 0.64296875 0.93046875 0.0515625 0.05625
0 0.62421875 0.8703125 0.0484375 0.053125
0 0.3921875 0.68515625 0.0734375 0.065625
0 0.48046875 0.69921875 0.0734375 0.08125
0 0.51171875 0.7328125 0.0625 0.065625
0 0.3203125 0.6546875 0.0515625 0.0515625
0 0.1171875 0.50078125 0.0484375 0.0578125
0 0.16484375 0.5390625 0.046875 0.05625
0 0.22109375 0.58359375 0.04375 0.0546875
0 0.2578125 0.7578125 0.0375 0.040625
0 0.26328125 0.7265625 0.034375 0.03125
0 0.7125 0.1734375 0.103125 0.1296875
0 0.5859375 0.36171875 0.0390625 0.05625
0 0.22734375 0.6390625 0.040625 0.0375