0 0.44140625 0.19921875 0.05390625 0.0265625
0 0.578125 0.22265625 0.0484375 0.0265625
0 0.6109375 0.24453125 0.05078125 0.0234375
0 0.565625 0.25546875 0.05078125 0.0234375
0 0.6109375 0.28515625 0.05078125 0.0265625
0 0.56953125 0.32890625 0.05390625 0.0265625
0 0.49140625 0.33203125 0.03984375 0.0296875
0 0.4375 0.32578125 0.03984375 0.0328125
0 0.45703125 0.3765625 0.06796875 0.03125
0 0.52109375 0.37890625 0.03671875 0.0234375
0 0.48125 0.425 0.0765625 0.0375
0 0.403125 0.3828125 0.03984375 0.021875
0 0.61953125 0.39375 0.05078125 0.01875
0 0.409375 0.42578125 0.03984375 0.0328125
0 0.346875 0.50390625 0.05703125 0.0328125
0 0.375 0.52578125 0.03984375 0.0296875
0 0.3875 0.5484375 0.03671875 0.025
0 0.2015625 0.5578125 0.05078125 0.025
0 0.61953125 0.5328125 0.05078125 0.028125
0 0.534375 0.6203125 0.0625 0.034375
0 0.49609375 0.6078125 0.059375 0.025
0 0.55078125 0.5125 0.05703125 0.025
0 0.95625 0.34375 0.05390625 0.03125
0 0.89609375 0.34921875 0.05390625 0.0234375
0 0.925 0.46953125 0.059375 0.0296875
0 0.8734375 0.4671875 0.04296875 0.01875
0 0.97421875 0.53046875 0.0453125 0.0265625
0 0.86953125 0.54765625 0.03984375 0.0234375
0 0.89921875 0.58359375 0.07109375 0.0265625