0 0.1125 0.4390625 0.0890625 0.0484375
0 0.1078125 0.38515625 0.0875 0.0546875
0 0.13359375 0.584375 0.0640625 0.0484375
0 0.04140625 0.4953125 0.0828125 0.05
0 0.1015625 0.61484375 0.0796875 0.040625
0 0.6421875 0.7109375 0.071875 0.0375
0 0.684375 0.69921875 0.071875 0.04375
0 0.7078125 0.71953125 0.0609375 0.0375
0 0.875 0.73984375 0.0765625 0.0546875
0 0.84765625 0.75078125 0.065625 0.0515625
0 0.91484375 0.653125 0.0796875 0.05625
0 0.91171875 0.60234375 0.0984375 0.05
0 0.83828125 0.684375 0.0828125 0.034375
0 0.72421875 0.496875 0.0953125 0.05625
0 0.75625 0.5375 0.078125 0.0375
0 0.7796875 0.47890625 0.0578125 0.0375
0 0.8828125 0.31640625 0.0984375 0.0515625
0 0.784375 0.384375 0.0765625 0.0515625