0 0.278125 0.13984375 0.1515625 0.1546875
0 0.134375 0.21328125 0.0578125 0.059375
0 0.13671875 0.1546875 0.0578125 0.0578125
0 0.18125 0.2265625 0.053125 0.05625
0 0.17421875 0.440625 0.121875 0.128125
0 0.103125 0.48671875 0.0875 0.0953125
0 0.33125 0.4078125 0.121875 0.121875
0 0.35078125 0.3125 0.1109375 0.1234375
0 0.41640625 0.2765625 0.1390625 0.134375
0 0.47421875 0.1703125 0.1421875 0.1546875
0 0.3859375 0.0890625 0.084375 0.0765625
0 0.88984375 0.3328125 0.1453125 0.1484375
0 0.95390625 0.34453125 0.0703125 0.1203125
0 0.63671875 0.26484375 0.08125 0.084375
0 0.66796875 0.4921875 0.0859375 0.0875
0 0.45390625 0.60703125 0.1 0.1
0 0.759375 0.57890625 0.090625 0.0984375
0 0.84609375 0.70390625 0.0625 0.053125
0 0.83046875 0.65234375 0.0984375 0.103125
0 0.903125 0.69765625 0.0734375 0.078125
0 0.73828125 0.86171875 0.04375 0.046875
0 0.80546875 0.83515625 0.05 0.0546875
0 0.7640625 0.7875 0.0484375 0.0515625
0 0.9921875 0.8921875 0.015625 0.040625
0 0.4765625 0.71328125 0.071875 0.0640625
0 0.56328125 0.68984375 0.0703125 0.0796875
0 0.60546875 0.7078125 0.0609375 0.0640625
0 0.39921875 0.71484375 0.05 0.05
0 0.15078125 0.65625 0.046875 0.05625
0 0.209375 0.671875 0.0453125 0.05625
0 0.27890625 0.68984375 0.0421875 0.0546875
0 0.38359375 0.83359375 0.0359375 0.040625
0 0.37578125 0.803125 0.034375 0.0296875
0 0.56171875 0.115625 0.1 0.128125
0 0.521875 0.3390625 0.0375 0.05625
0 0.3078125 0.73828125 0.040625 0.0359375