0 0.2453125 0.03671875 0.159375 0.0734375
0 0.1109375 0.30703125 0.165625 0.1625
0 0.03515625 0.396875 0.053125 0.040625
0 0.903125 0.10234375 0.1453125 0.0796875
0 0.9875 0.10859375 0.025 0.0359375
0 0.83671875 0.28671875 0.0765625 0.0953125
0 0.7484375 0.40859375 0.2 0.203125
0 0.92578125 0.440625 0.1484375 0.16875
0 0.359375 0.41328125 0.153125 0.15625
0 0.64296875 0.540625 0.1453125 0.140625
0 0.5234375 0.5859375 0.109375 0.121875
0 0.57578125 0.67421875 0.153125 0.159375
0 0.5 0.92734375 0.065625 0.06875
0 0.8796875 0.83203125 0.0453125 0.0421875
0 0.7703125 0.984375 0.05 0.03125