0 0.646875 0.26328125 0.2859375 0.303125
0 0.796875 0.11640625 0.2109375 0.178125
0 0.47109375 0.0515625 0.3171875 0.103125
0 0.31015625 0.02421875 0.1203125 0.0484375
0 0.18984375 0.171875 0.1359375 0.134375
0 0.153125 0.2484375 0.0890625 0.08125
0 0.32578125 0.1921875 0.103125 0.1328125
0 0.3234375 0.371875 0.2015625 0.15625
0 0.16171875 0.6890625 0.3140625 0.328125
0 0.453125 0.60625 0.2578125 0.2640625
0 0.48515625 0.83125 0.2453125 0.2609375
0 0.6578125 0.603125 0.221875 0.2765625
0 0.775 0.56875 0.165625 0.215625
0 0.91484375 0.6828125 0.109375 0.1109375
0 0.10703125 0.89609375 0.2140625 0.1265625