0 0.52265625 0.15234375 0.15 0.25625
0 0.73828125 0.1765625 0.15 0.234375
0 0.265625 0.31484375 0.18125 0.2765625
0 0.4109375 0.328125 0.1390625 0.246875
0 0.49453125 0.33203125 0.10625 0.240625
0 0.584375 0.3296875 0.1265625 0.221875
0 0.69140625 0.421875 0.1265625 0.196875
0 0.80234375 0.43359375 0.1109375 0.1765625
0 0.3015625 0.590625 0.18125 0.2859375
0 0.1703125 0.753125 0.165625 0.2578125
0 0.02421875 0.85234375 0.0484375 0.2015625
0 0.5109375 0.85625 0.1671875 0.275
0 0.88515625 0.971875 0.0765625 0.05625
0 0.69375 0.640625 0.125 0.178125