0 0.36875 0.08046875 0.209375 0.1609375
0 0.63828125 0.06875 0.2234375 0.1375
0 0.46875 0.04609375 0.115625 0.0921875
0 0.49765625 0.03671875 0.0953125 0.0734375
0 0.95625 0.1875 0.0875 0.2
0 0.80625 0.09453125 0.165625 0.109375
0 0.7171875 0.18984375 0.16875 0.140625
0 0.83359375 0.303125 0.15 0.1390625
0 0.68046875 0.29453125 0.128125 0.115625
0 0.5359375 0.21875 0.171875 0.146875
0 0.31796875 0.45546875 0.1671875 0.1390625
0 0.040625 0.58203125 0.08125 0.1203125
0 0.2984375 0.70390625 0.1296875 0.090625
0 0.23203125 0.78046875 0.0921875 0.08125
0 0.16171875 0.83125 0.096875 0.078125
0 0.5578125 0.81953125 0.1140625 0.090625
0 0.746875 0.87109375 0.1265625 0.0984375
0 0.71171875 0.69375 0.1078125 0.0875
0 0.659375 0.584375 0.103125 0.0734375
0 0.79765625 0.4421875 0.103125 0.0796875
0 0.7859375 0.3515625 0.1296875 0.103125
0 0.371875 0.6015625 0.1296875 0.09375
0 0.49921875 0.68984375 0.0734375 0.05625
0 0.15625 0.65 0.103125 0.0671875
0 0.11875 0.22421875 0.14375 0.1328125
0 0.1390625 0.14765625 0.1390625 0.078125
0 0.6125 0.51796875 0.0765625 0.075
0 0.68671875 0.5 0.1171875 0.0984375
0 0.4484375 0.59140625 0.0609375 0.05625