0 0.7609375 0.253125 0.06875 0.0828125
0 0.7796875 0.034375 0.071875 0.06875
0 0.97421875 0.45 0.0515625 0.1
0 0.49375 0.27265625 0.0609375 0.0734375
0 0.52109375 0.29921875 0.046875 0.071875
0 0.615625 0.246875 0.0453125 0.0765625
0 0.7765625 0.33125 0.04375 0.0578125
0 0.25859375 0.12890625 0.0671875 0.090625
0 0.015625 0.06328125 0.03125 0.0640625
0 0.1078125 0.21796875 0.0578125 0.0671875
0 0.171875 0.35546875 0.0578125 0.075
0 0.0171875 0.3078125 0.034375 0.06875
0 0.5609375 0.6296875 0.0546875 0.0640625
0 0.38515625 0.2453125 0.0625 0.0953125
0 0.28984375 0.40859375 0.0578125 0.0640625
0 0.7171875 0.58828125 0.053125 0.08125
0 0.60625 0.58671875 0.0484375 0.06875