0 0.37734375 0.22265625 0.096875 0.140625
0 0.6609375 0.05078125 0.096875 0.0828125
0 0.89375 0.0984375 0.096875 0.1203125
0 0.99140625 0.25234375 0.0171875 0.0953125
0 0.9015625 0.2609375 0.09375 0.1171875
0 0.83203125 0.38828125 0.09375 0.125
0 0.78828125 0.753125 0.0875 0.1140625
0 0.621875 0.89375 0.0921875 0.140625
0 0.346875 0.96640625 0.0765625 0.0484375
0 0.13125 0.75 0.0859375 0.1203125
0 0.0859375 0.44921875 0.084375 0.096875
0 0.20625 0.3046875 0.0890625 0.121875
0 0.25859375 0.275 0.065625 0.1140625
0 0.31015625 0.28828125 0.09375 0.1328125
0 0.59765625 0.38515625 0.0890625 0.13125
0 0.67421875 0.24765625 0.0953125 0.14375
0 0.59140625 0.1359375 0.0875 0.1078125
0 0.4859375 0.1359375 0.0921875 0.1296875
0 0.19296875 0.0375 0.0796875 0.075
0 0.44140625 0.6640625 0.0828125 0.1234375
0 0.5546875 0.58984375 0.096875 0.128125
0 0.6671875 0.68125 0.0671875 0.10625
0 0.775 0.640625 0.0796875 0.09375