0 0.10859375 0.38984375 0.1296875 0.190625
0 0.21015625 0.359375 0.11875 0.1671875
0 0.34765625 0.39921875 0.1265625 0.1578125
0 0.39375 0.3265625 0.1171875 0.1703125
0 0.03984375 0.503125 0.0796875 0.159375
0 0.1890625 0.54296875 0.1265625 0.1515625
0 0.31484375 0.52109375 0.1203125 0.1265625
0 0.3546875 0.70390625 0.1328125 0.1703125
0 0.2984375 0.971875 0.06875 0.05625
0 0.346875 0.95703125 0.0609375 0.0828125
0 0.5265625 0.67109375 0.1140625 0.1515625
0 0.5890625 0.81640625 0.1140625 0.159375
0 0.59921875 0.93984375 0.0734375 0.1046875
0 0.74765625 0.82265625 0.078125 0.1234375
0 0.92734375 0.7984375 0.1453125 0.2
0 0.840625 0.7078125 0.10625 0.1375
0 0.76171875 0.625 0.115625 0.1640625
0 0.5640625 0.57890625 0.090625 0.1140625
0 0.6828125 0.23828125 0.1234375 0.18125
0 0.896875 0.25625 0.109375 0.1421875
0 0.9125 0.32109375 0.09375 0.0734375
0 0.7859375 0.15 0.1234375 0.1109375
0 0.68828125 0.10859375 0.0921875 0.1203125
0 0.56875 0.3515625 0.0890625 0.1203125