0 0.19453125 0.23828125 0.0703125 0.0515625
0 0.34765625 0.2125 0.0546875 0.0390625
0 0.33125 0.253125 0.0625 0.040625
0 0.4 0.275 0.04375 0.0375
0 0.38359375 0.23203125 0.05 0.0328125
0 0.38125 0.31875 0.0640625 0.05
0 0.28984375 0.3578125 0.0421875 0.034375
0 0.23203125 0.359375 0.0546875 0.040625
0 0.27890625 0.40546875 0.0671875 0.0515625
0 0.3546875 0.38671875 0.05 0.0359375
0 0.2125 0.42578125 0.0578125 0.0484375
0 0.31953125 0.44375 0.059375 0.0421875
0 0.46953125 0.365625 0.0609375 0.0390625
0 0.2171875 0.5640625 0.0734375 0.046875
0 0.2453125 0.5828125 0.0578125 0.04375
0 0.27734375 0.60234375 0.05625 0.0390625
0 0.515625 0.51171875 0.065625 0.034375
0 0.4453125 0.625 0.075 0.0515625
0 0.3984375 0.63125 0.046875 0.034375
0 0.6515625 0.5984375 0.0421875 0.034375
0 0.37109375 0.54765625 0.053125 0.03125
0 0.846875 0.40625 0.0703125 0.0453125
0 0.80234375 0.48671875 0.053125 0.0484375
0 0.8375 0.096875 0.078125 0.053125
0 0.77734375 0.234375 0.0515625 0.0484375
0 0.72734375 0.24140625 0.046875 0.040625
0 0.7 0.2578125 0.0390625 0.03125
0 0.77734375 0.359375 0.0703125 0.053125
0 0.59765625 0.5078125 0.0671875 0.0296875