0 0.1796875 0.6265625 0.1390625 0.14375
0 0.2671875 0.8265625 0.1625 0.1671875
0 0.14921875 0.959375 0.1140625 0.08125
0 0.45 0.76640625 0.128125 0.115625
0 0.53203125 0.69296875 0.1015625 0.090625
0 0.590625 0.64921875 0.09375 0.0953125
0 0.70703125 0.65078125 0.096875 0.08125
0 0.671875 0.60546875 0.090625 0.0734375
0 0.959375 0.65625 0.08125 0.075
0 0.9078125 0.6109375 0.08125 0.0765625
0 0.72578125 0.53828125 0.0953125 0.09375
0 0.81171875 0.52734375 0.0734375 0.0625
0 0.4328125 0.53046875 0.075 0.0703125
0 0.4296875 0.40078125 0.0734375 0.0609375
0 0.3921875 0.20234375 0.0671875 0.065625
0 0.31328125 0.19296875 0.0515625 0.053125
0 0.47421875 0.07890625 0.0703125 0.059375
0 0.55703125 0.01796875 0.0671875 0.0359375
0 0.61328125 0.29765625 0.046875 0.046875
0 0.45859375 0.190625 0.053125 0.0625
0 0.32890625 0.75234375 0.096875 0.09375