0 0.096875 0.62265625 0.1078125 0.146875
0 0.1078125 0.92578125 0.0875 0.125
0 0.24609375 0.634375 0.0859375 0.0953125
0 0.3109375 0.7265625 0.103125 0.125
0 0.365625 0.828125 0.1015625 0.1171875
0 0.45390625 0.45625 0.1234375 0.1625
0 0.48203125 0.55859375 0.0953125 0.109375
0 0.4609375 0.6703125 0.103125 0.121875
0 0.54609375 0.74921875 0.109375 0.1203125
0 0.58046875 0.62109375 0.1140625 0.1296875
0 0.60859375 0.55 0.1203125 0.159375
0 0.69609375 0.52421875 0.1203125 0.159375
0 0.69609375 0.70703125 0.1265625 0.153125
0 0.74140625 0.84375 0.1375 0.1640625
0 0.903125 0.75703125 0.146875 0.1625
0 0.9125 0.6234375 0.1046875 0.1515625
0 0.92265625 0.32890625 0.125 0.1578125
0 0.8140625 0.1640625 0.084375 0.1109375
0 0.77734375 0.0296875 0.1234375 0.059375
0 0.428125 0.0625 0.053125 0.0609375
0 0.33828125 0.165625 0.0421875 0.046875
0 0.07578125 0.29375 0.03125 0.04375
0 0.14296875 0.74765625 0.0984375 0.121875
0 0.06796875 0.7484375 0.0703125 0.103125
0 0.3484375 0.25 0.0375 0.0375