0 0.3171875 0.83828125 0.1375 0.1953125
0 0.12109375 0.690625 0.1046875 0.140625
0 0.81875 0.7515625 0.15625 0.203125
0 0.84453125 0.17734375 0.1296875 0.1796875
0 0.55703125 0.88671875 0.1140625 0.1578125
0 0.653125 0.328125 0.109375 0.14375
0 0.35078125 0.05234375 0.1359375 0.1046875
0 0.76953125 0.278125 0.1140625 0.165625
0 0.34296875 0.3265625 0.1078125 0.140625
0 0.45703125 0.3609375 0.1140625 0.15
0 0.37421875 0.5859375 0.0890625 0.109375
0 0.45625 0.7 0.1 0.1125
0 0.4109375 0.165625 0.1 0.10625