0 0.3421875 0.21171875 0.1625 0.2203125
0 0.559375 0.17578125 0.1578125 0.2484375
0 0.7421875 0.321875 0.1015625 0.14375
0 0.90625 0.1390625 0.1328125 0.1640625
0 0.94609375 0.08515625 0.1078125 0.0921875
0 0.79453125 0.28515625 0.1015625 0.15
0 0.453125 0.46875 0.15 0.2296875
0 0.2015625 0.5875 0.175 0.25625
0 0.09609375 0.79609375 0.1484375 0.2265625
0 0.21875 0.81796875 0.15 0.225
0 0.30859375 0.746875 0.1140625 0.1625
0 0.38046875 0.80859375 0.1625 0.221875
0 0.41640625 0.89140625 0.103125 0.1359375
0 0.61953125 0.796875 0.1921875 0.246875
0 0.79453125 0.7484375 0.153125 0.1984375
0 0.915625 0.803125 0.125 0.1703125
0 0.878125 0.57734375 0.14375 0.196875
0 0.7375 0.553125 0.1546875 0.203125
0 0.61640625 0.47890625 0.0953125 0.1265625
0 0.58828125 0.60234375 0.1203125 0.1453125
0 0.5390625 0.475 0.0859375 0.1734375