0 0.0203125 0.41171875 0.040625 0.0953125
0 0.09296875 0.6859375 0.046875 0.065625
0 0.0453125 0.90234375 0.0640625 0.090625
0 0.2671875 0.77734375 0.0671875 0.0921875
0 0.2171875 0.3421875 0.0671875 0.065625
0 0.2390625 0.178125 0.0484375 0.0875
0 0.21953125 0.0765625 0.0640625 0.0984375
0 0.29296875 0.15234375 0.0828125 0.109375
0 0.334375 0.353125 0.0828125 0.10625
0 0.3984375 0.28203125 0.09375 0.1234375
0 0.43671875 0.49609375 0.0875 0.1125
0 0.3984375 0.54296875 0.0515625 0.0796875
0 0.41796875 0.6484375 0.0734375 0.090625
0 0.49921875 0.56796875 0.0890625 0.0875
0 0.53046875 0.6453125 0.0578125 0.08125
0 0.5078125 0.75 0.03125 0.0453125
0 0.54140625 0.49375 0.0765625 0.1171875
0 0.625 0.4671875 0.0875 0.1234375
0 0.69453125 0.54375 0.0734375 0.0953125
0 0.76796875 0.5078125 0.0828125 0.1046875
0 0.84453125 0.51171875 0.0703125 0.0984375
0 0.9875 0.55078125 0.0234375 0.046875
0 0.86328125 0.60625 0.015625 0.025
0 0.77109375 0.9578125 0.0609375 0.0703125
0 0.96640625 0.9390625 0.059375 0.090625
0 0.5546875 0.0953125 0.0453125 0.053125
0 0.54765625 0.03359375 0.040625 0.046875
0 0.584375 0.0234375 0.040625 0.0453125
0 0.6796875 0.62578125 0.0546875 0.0640625
0 0.6015625 0.16015625 0.0453125 0.053125