0 0.96171875 0.83984375 0.0765625 0.0703125
0 0.95625 0.771875 0.075 0.065625
0 0.7140625 0.6640625 0.0828125 0.0609375
0 0.84375 0.63828125 0.075 0.05625
0 0.64921875 0.72265625 0.1 0.065625
0 0.42265625 0.84921875 0.075 0.0640625
0 0.4703125 0.9359375 0.08125 0.0546875
0 0.0765625 0.728125 0.0796875 0.06875
0 0.21484375 0.66953125 0.1140625 0.0828125
0 0.265625 0.60625 0.109375 0.090625
0 0.48671875 0.53671875 0.0984375 0.06875
0 0.91015625 0.2453125 0.0875 0.0796875
0 0.69375 0.221875 0.1140625 0.0890625
0 0.58828125 0.23359375 0.0765625 0.0640625
0 0.88828125 0.1015625 0.0578125 0.0609375