0 0.53359375 0.17890625 0.140625 0.190625
0 0.64609375 0.25625 0.146875 0.203125
0 0.7640625 0.309375 0.1265625 0.165625
0 0.48671875 0.35703125 0.134375 0.1796875
0 0.39140625 0.43125 0.1296875 0.1796875
0 0.23984375 0.47109375 0.1265625 0.175
0 0.134375 0.48828125 0.121875 0.1640625
0 0.04296875 0.52421875 0.0859375 0.1796875
0 0.28203125 0.9609375 0.1078125 0.078125
0 0.6625 0.74609375 0.1046875 0.1203125
0 0.728125 0.8921875 0.1296875 0.1640625
0 0.81484375 0.871875 0.1140625 0.153125
0 0.7484375 0.7765625 0.103125 0.1109375
0 0.671875 0.853125 0.1125 0.14375
0 0.6203125 0.91171875 0.09375 0.10625
0 0.5609375 0.8015625 0.0734375 0.1078125
0 0.6015625 0.76640625 0.084375 0.134375
0 0.74921875 0.71484375 0.096875 0.109375
0 0.8296875 0.78828125 0.0875 0.11875