0 0.28203125 0.984375 0.0953125 0.03125
0 0.67421875 0.90390625 0.084375 0.0640625
0 0.72578125 0.87421875 0.0765625 0.0625
0 0.9765625 0.84765625 0.046875 0.0609375
0 0.8296875 0.7078125 0.0921875 0.065625
0 0.63984375 0.73359375 0.08125 0.0703125
0 0.78203125 0.58984375 0.075 0.06875
0 0.86640625 0.5890625 0.06875 0.059375
0 0.6078125 0.53671875 0.075 0.0453125
0 0.246875 0.53359375 0.0953125 0.0703125
0 0.7953125 0.3265625 0.09375 0.06875
0 0.8875 0.3140625 0.11875 0.0796875
0 0.734375 0.30390625 0.078125 0.06875
0 0.4859375 0.30078125 0.0796875 0.06875
0 0.390625 0.215625 0.0828125 0.05625
0 0.2203125 0.0875 0.1046875 0.0734375
0 0.16953125 0.11875 0.08125 0.065625