0 0.18515625 0.56796875 0.103125 0.1296875
0 0.7453125 0.1421875 0.175 0.203125
0 0.61640625 0.26953125 0.1296875 0.1578125
0 0.71484375 0.61015625 0.153125 0.1890625
0 0.8296875 0.590625 0.1359375 0.1703125
0 0.90625 0.84296875 0.0875 0.1625
0 0.84765625 0.91640625 0.1203125 0.15
0 0.434375 0.50703125 0.125 0.15625
0 0.5171875 0.53046875 0.1125 0.1375
0 0.98359375 0.315625 0.0328125 0.1125
0 0.746875 0.32109375 0.090625 0.1078125
0 0.90234375 0.3765625 0.0875 0.10625
0 0.9890625 0.1359375 0.021875 0.071875
0 0.6109375 0.1234375 0.0671875 0.0765625
0 0.6390625 0.07421875 0.071875 0.08125
0 0.92890625 0.13515625 0.0640625 0.0796875
0 0.90859375 0.2375 0.0625 0.1046875