0 0.22265625 0.18828125 0.0515625 0.0328125
0 0.371875 0.1921875 0.0578125 0.0375
0 0.409375 0.21953125 0.0515625 0.03125
0 0.36015625 0.23046875 0.0421875 0.0328125
0 0.4203125 0.2609375 0.0484375 0.0375
0 0.39453125 0.31328125 0.0609375 0.046875
0 0.30546875 0.32890625 0.0484375 0.0296875
0 0.2390625 0.328125 0.0421875 0.0296875
0 0.31328125 0.29921875 0.0421875 0.025
0 0.2796875 0.375 0.0578125 0.04375
0 0.35078125 0.371875 0.0515625 0.034375
0 0.4734375 0.3703125 0.05625 0.0265625
0 0.31171875 0.42109375 0.071875 0.040625
0 0.2390625 0.43671875 0.0421875 0.034375
0 0.21640625 0.3921875 0.0625 0.0328125
0 0.1953125 0.525 0.0625 0.0390625
0 0.22734375 0.54609375 0.053125 0.0328125
0 0.25 0.56484375 0.0484375 0.03125
0 0.4109375 0.615625 0.0515625 0.040625
0 0.375 0.615625 0.053125 0.0328125
0 0.40390625 0.5109375 0.0375 0.0296875
0 0.51328125 0.5109375 0.0359375 0.025
0 0.803125 0.27890625 0.059375 0.0390625
0 0.74765625 0.28046875 0.046875 0.0234375
0 0.78515625 0.403125 0.0578125 0.040625
0 0.74921875 0.4140625 0.05625 0.03125
0 0.85390625 0.46171875 0.0625 0.0390625
0 0.8015625 0.53046875 0.0625 0.0359375
0 0.8875 0.14765625 0.0515625 0.040625