0 0.3984375 0.646875 0.1296875 0.1546875
0 0.8671875 0.640625 0.1328125 0.1640625
0 0.68828125 0.9015625 0.134375 0.1578125
0 0.06015625 0.7546875 0.1203125 0.190625
0 0.25390625 0.71015625 0.140625 0.21875
0 0.3890625 0.75703125 0.146875 0.1546875
0 0.440625 0.60390625 0.125 0.1828125
0 0.8140625 0.5625 0.1515625 0.1546875
0 0.7578125 0.634375 0.1 0.0859375
0 0.240625 0.30859375 0.1109375 0.128125
0 0.0421875 0.18828125 0.0765625 0.14375
0 0.0515625 0.07109375 0.090625 0.115625
0 0.13671875 0.0234375 0.0796875 0.046875
0 0.3 0.5484375 0.1 0.1234375