0 0.303125 0.5828125 0.153125 0.234375
0 0.42578125 0.54765625 0.0609375 0.090625
0 0.62578125 0.17265625 0.0734375 0.1046875
0 0.5703125 0.58828125 0.046875 0.0703125
0 0.171875 0.65625 0.190625 0.2796875
0 0.21484375 0.35 0.153125 0.2265625
0 0.58671875 0.27421875 0.071875 0.10625
0 0.37734375 0.12265625 0.1734375 0.2375
0 0.425 0.4390625 0.0640625 0.1203125
0 0.32421875 0.4375 0.1 0.1125
0 0.071875 0.3859375 0.08125 0.1171875
0 0.0421875 0.478125 0.0640625 0.1
0 0.08359375 0.12265625 0.0765625 0.1140625