0 0.1421875 0.284375 0.2484375 0.24375
0 0.11328125 0.44140625 0.21875 0.203125
0 0.25703125 0.4 0.20625 0.20625
0 0.2203125 0.5765625 0.24375 0.1546875
0 0.41875 0.43203125 0.25 0.240625
0 0.434375 0.159375 0.228125 0.2703125
0 0.2640625 0.08359375 0.2171875 0.1546875
0 0.0703125 0.04140625 0.140625 0.0453125
0 0.603125 0.04609375 0.2125 0.0921875
0 0.50859375 0.32734375 0.19375 0.2125
0 0.66796875 0.35234375 0.246875 0.2765625
0 0.8765625 0.428125 0.209375 0.196875
0 0.965625 0.50703125 0.06875 0.2359375
0 0.87109375 0.62890625 0.2390625 0.2296875
0 0.528125 0.62578125 0.259375 0.2484375
0 0.66640625 0.7609375 0.184375 0.2234375
0 0.48515625 0.7796875 0.2328125 0.2140625
0 0.17109375 0.83046875 0.2 0.165625
0 0.275 0.9046875 0.190625 0.190625
0 0.378125 0.9828125 0.2 0.034375
0 0.3359375 0.67890625 0.1203125 0.165625