0 0.153125 0.56796875 0.0765625 0.0921875
0 0.31328125 0.43359375 0.059375 0.08125
0 0.36953125 0.39296875 0.059375 0.078125
0 0.425 0.2828125 0.065625 0.0953125
0 0.478125 0.271875 0.05625 0.084375
0 0.56484375 0.35625 0.0609375 0.0984375
0 0.4453125 0.4234375 0.06875 0.08125
0 0.32421875 0.66875 0.0546875 0.065625
0 0.2359375 0.73046875 0.0625 0.078125
0 0.18671875 0.64921875 0.0640625 0.075
0 0.01875 0.41328125 0.0375 0.0796875
0 0.0296875 0.3203125 0.059375 0.075
0 0.378125 0.8140625 0.0515625 0.0734375
0 0.18515625 0.98203125 0.0359375 0.0359375
0 0.17421875 0.71640625 0.04375 0.040625
0 0.546875 0.9546875 0.040625 0.084375
0 0.475 0.8796875 0.05 0.0390625
0 0.44375 0.6578125 0.0453125 0.0640625
0 0.66953125 0.37265625 0.06875 0.0890625
0 0.6890625 0.6375 0.0703125 0.075
0 0.79296875 0.6953125 0.059375 0.0671875
0 0.89375 0.584375 0.0640625 0.0734375
0 0.971875 0.59453125 0.05625 0.1109375
0 0.97578125 0.49140625 0.0484375 0.0828125
0 0.9921875 0.77421875 0.015625 0.1203125
0 0.97578125 0.84375 0.0484375 0.1125
0 0.90546875 0.7171875 0.071875 0.1015625
0 0.85703125 0.715625 0.0484375 0.0984375
0 0.7203125 0.396875 0.053125 0.0859375
0 0.7328125 0.478125 0.059375 0.075
0 0.7578125 0.3703125 0.0390625 0.0578125
0 0.7375 0.303125 0.05625 0.0796875
0 0.8984375 0.221875 0.059375 0.075
0 0.8296875 0.26484375 0.06875 0.075
0 0.88203125 0.2890625 0.0390625 0.05625
0 0.7625 0.1234375 0.0515625 0.0453125
0 0.71171875 0.14375 0.05 0.0609375
0 0.66796875 0.15546875 0.0609375 0.090625
0 0.2625 0.34921875 0.0703125 0.090625
0 0.45859375 0.353125 0.06875 0.078125
0 0.43671875 0.7609375 0.053125 0.06875
0 0.17265625 0.25859375 0.05625 0.071875