0 0.3296875 0.19296875 0.1703125 0.1546875
0 0.48515625 0.1640625 0.1734375 0.1515625
0 0.7015625 0.3015625 0.1734375 0.15
0 0.528125 0.3078125 0.1640625 0.15625
0 0.37578125 0.33203125 0.1796875 0.1484375
0 0.11015625 0.25625 0.1609375 0.15
0 0.3484375 0.45703125 0.1578125 0.1375
0 0.27109375 0.38671875 0.121875 0.11875
0 0.5015625 0.5234375 0.1890625 0.165625
0 0.69453125 0.51875 0.1671875 0.15625
0 0.68203125 0.665625 0.1953125 0.1703125
0 0.51328125 0.69609375 0.1671875 0.14375
0 0.653125 0.76015625 0.1390625 0.071875
0 0.49375 0.4203125 0.125 0.0703125