0 0.16640625 0.1359375 0.0421875 0.053125
0 0.21875 0.0953125 0.03125 0.04375
0 0.4078125 0.11953125 0.05 0.0484375
0 0.39609375 0.2359375 0.0453125 0.059375
0 0.634375 0.29375 0.053125 0.05625
0 0.609375 0.3921875 0.04609375 0.0703125
0 0.78515625 0.421875 0.0515625 0.05703125
0 0.7046875 0.371875 0.0359375 0.0421875
0 0.7 0.53046875 0.0484375 0.05859375
0 0.6953125 0.49296875 0.04296875 0.04375
0 0.67578125 0.46953125 0.03046875 0.0359375
0 0.58125 0.49140625 0.04765625 0.05859375
0 0.58046875 0.54375 0.0421875 0.0453125
0 0.57265625 0.60703125 0.0375 0.05390625
0 0.48125 0.5671875 0.0328125 0.0421875
0 0.5203125 0.471875 0.04609375 0.06015625
0 0.678125 0.6359375 0.0375 0.0515625
0 0.72578125 0.65546875 0.0328125 0.04453125
0 0.71875 0.7328125 0.04296875 0.05
0 0.49765625 0.6546875 0.0328125 0.05
0 0.83203125 0.6875 0.02890625 0.03203125
0 0.3671875 0.57890625 0.05234375 0.0609375
0 0.40546875 0.50859375 0.0515625 0.07421875
0 0.33125 0.44375 0.04140625 0.04921875
0 0.39140625 0.61796875 0.0296875 0.03828125
0 0.4 0.5671875 0.028125 0.04296875
0 0.4265625 0.54296875 0.028125 0.0328125
0 0.03671875 0.26640625 0.03515625 0.0484375
0 0.07578125 0.43203125 0.0421875 0.0625
0 0.0328125 0.45390625 0.034375 0.0453125
0 0.1265625 0.42421875 0.0390625 0.046875
0 0.13671875 0.40234375 0.03046875 0.03984375
0 0.190625 0.49921875 0.04140625 0.0453125
0 0.1796875 0.6421875 0.02890625 0.02890625
0 0.0734375 0.6375 0.0203125 0.02890625
0 0.27890625 0.80625 0.03515625 0.04140625
0 0.30859375 0.721875 0.028125 0.034375
0 0.35625 0.74921875 0.02890625 0.03046875
0 0.31640625 0.58359375 0.0359375 0.03828125
0 0.2984375 0.62890625 0.02890625 0.03359375
0 0.74921875 0.8375 0.0421875 0.04765625
0 0.61640625 0.759375 0.02890625 0.03671875
0 0.88671875 0.68984375 0.03125 0.03671875
0 0.91484375 0.68046875 0.028125 0.04375
0 0.87421875 0.65234375 0.02578125 0.0375
0 0.84765625 0.64375 0.028125 0.03515625
0 0.86875 0.74375 0.03046875 0.03671875
0 0.91015625 0.55859375 0.0375 0.0484375
0 0.8109375 0.4984375 0.0265625 0.03515625
0 0.78203125 0.48359375 0.0296875 0.03671875
0 0.97265625 0.625 0.03359375 0.03515625
0 0.25 0.53828125 0.0296875 0.03203125
0 0.1046875 0.4953125 0.03203125 0.0328125