0 0.19296875 0.96953125 0.075 0.05
0 0.25390625 0.9484375 0.0625 0.0421875
0 0.2765625 0.80859375 0.096875 0.0609375
0 0.734375 0.840625 0.0625 0.0453125
0 0.909375 0.853125 0.0796875 0.0484375
0 0.99375 0.85546875 0.0125 0.0421875
0 0.8765625 0.7546875 0.0703125 0.0546875
0 0.8375 0.7890625 0.065625 0.0453125
0 0.34140625 0.690625 0.0921875 0.0625
0 0.13125 0.578125 0.1109375 0.0703125
0 0.5140625 0.625 0.084375 0.0640625
0 0.565625 0.5765625 0.084375 0.053125
0 0.6140625 0.53671875 0.078125 0.0546875
0 0.8296875 0.5265625 0.1171875 0.0796875
0 0.8921875 0.4703125 0.11875 0.071875
0 0.115625 0.47265625 0.103125 0.040625
0 0.371875 0.41171875 0.1125 0.071875
0 0.46875 0.39609375 0.0671875 0.0625
0 0.0328125 0.3359375 0.065625 0.0625
0 0.4453125 0.2328125 0.10625 0.0515625
0 0.790625 0.0875 0.071875 0.0546875