0 0.47421875 0.16875 0.0859375 0.090625
0 0.5375 0.12734375 0.1015625 0.11875
0 0.84609375 0.13046875 0.2140625 0.2609375
0 0.59453125 0.2875 0.096875 0.103125
0 0.66640625 0.3546875 0.09375 0.1015625
0 0.746875 0.4453125 0.090625 0.1
0 0.61171875 0.5296875 0.0765625 0.084375
0 0.66015625 0.47421875 0.1 0.090625
0 0.68359375 0.4140625 0.0875 0.05
0 0.71484375 0.55078125 0.1140625 0.1015625
0 0.77109375 0.60078125 0.1359375 0.125
0 0.95859375 0.39453125 0.0703125 0.0703125
0 0.80546875 0.35234375 0.06875 0.0734375
0 0.8484375 0.52109375 0.0421875 0.0515625
0 0.92265625 0.5203125 0.0625 0.059375
0 0.82578125 0.49765625 0.0421875 0.04375
0 0.82421875 0.809375 0.115625 0.1171875
0 0.584375 0.9140625 0.1 0.0953125
0 0.41484375 0.85703125 0.1265625 0.1109375
0 0.2296875 0.82890625 0.0890625 0.078125
0 0.11484375 0.95546875 0.0734375 0.0890625
0 0.0515625 0.6046875 0.096875 0.1046875
0 0.11171875 0.5640625 0.0859375 0.0921875
0 0.13671875 0.49609375 0.096875 0.08125
0 0.17109375 0.421875 0.0875 0.0875
0 0.284375 0.5 0.1015625 0.121875
0 0.334375 0.6328125 0.1171875 0.121875
0 0.41328125 0.68125 0.10625 0.1078125
0 0.425 0.615625 0.0875 0.078125
0 0.48828125 0.56640625 0.090625 0.0984375
0 0.54140625 0.609375 0.0796875 0.0953125
0 0.6046875 0.67578125 0.1078125 0.1078125
0 0.515625 0.32578125 0.065625 0.0640625
0 0.5265625 0.4328125 0.071875 0.071875