0 0.65859375 0.82890625 0.0875 0.05625
0 0.5859375 0.75390625 0.0671875 0.0453125
0 0.640625 0.7140625 0.0828125 0.05625
0 0.696875 0.69296875 0.065625 0.0546875
0 0.7171875 0.7375 0.053125 0.0328125
0 0.0875 0.7640625 0.084375 0.0546875
0 0.425 0.65703125 0.103125 0.0640625
0 0.75546875 0.55859375 0.1140625 0.0625
0 0.14765625 0.5125 0.10625 0.05625
0 0.22734375 0.49921875 0.0859375 0.0484375
0 0.56953125 0.4578125 0.0890625 0.0515625
0 0.546875 0.38359375 0.0984375 0.0671875
0 0.61484375 0.37421875 0.0609375 0.065625
0 0.671875 0.3703125 0.090625 0.0671875
0 0.4078125 0.334375 0.0828125 0.0515625
0 0.29609375 0.29140625 0.065625 0.0578125
0 0.3546875 0.26484375 0.090625 0.053125
0 0.43203125 0.2515625 0.084375 0.0546875
0 0.128125 0.209375 0.0828125 0.059375
0 0.29140625 0.1140625 0.071875 0.05
0 0.62578125 0.096875 0.1203125 0.08125
0 0.6859375 0.24453125 0.0890625 0.0515625
0 0.75078125 0.20625 0.0796875 0.0546875
0 0.87734375 0.26171875 0.05625 0.0453125