0 0.825 0.38828125 0.1609375 0.1953125
0 0.85234375 0.06875 0.2078125 0.1375
0 0.8296875 0.59375 0.134375 0.153125
0 0.8703125 0.46875 0.1234375 0.128125
0 0.484375 0.64296875 0.128125 0.1703125
0 0.55 0.51015625 0.0875 0.0921875
0 0.20625 0.4859375 0.1453125 0.1796875
0 0.309375 0.4421875 0.103125 0.1359375
0 0.25078125 0.66484375 0.1359375 0.1890625
0 0.340625 0.59375 0.0921875 0.11875
0 0.33984375 0.70625 0.11875 0.15
0 0.2640625 0.89453125 0.1109375 0.171875
0 0.36015625 0.89765625 0.128125 0.1734375
0 0.37265625 0.50703125 0.05 0.06875