0 0.44375 0.15390625 0.2875 0.240625
0 0.7046875 0.1796875 0.1984375 0.165625
0 0.86640625 0.1265625 0.159375 0.1546875
0 0.8875 0.05625 0.096875 0.1125
0 0.61171875 0.3640625 0.165625 0.15625
0 0.359375 0.64921875 0.4453125 0.38125
0 0.06640625 0.515625 0.128125 0.1203125
0 0.0578125 0.61640625 0.1078125 0.1328125
0 0.10703125 0.8484375 0.1125 0.103125
0 0.15 0.7875 0.10625 0.1
0 0.68515625 0.584375 0.140625 0.1328125
0 0.81328125 0.7140625 0.1359375 0.1171875
0 0.96171875 0.7046875 0.0765625 0.121875
0 0.7703125 0.82734375 0.140625 0.125
0 0.83203125 0.9125 0.15 0.0953125
0 0.4125 0.9671875 0.1125 0.065625
0 0.36328125 0.871875 0.059375 0.0546875
0 0.4234375 0.846875 0.096875 0.0890625
0 0.59765625 0.87890625 0.1078125 0.109375
0 0.321875 0.9828125 0.134375 0.034375
0 0.60234375 0.70234375 0.115625 0.1015625
0 0.68515625 0.8671875 0.065625 0.065625
0 0.6640625 0.80390625 0.075 0.0609375
0 0.5421875 0.93515625 0.0640625 0.05625
0 0.11640625 0.98203125 0.0578125 0.0359375
0 0.22890625 0.971875 0.0890625 0.05625
0 0.2890625 0.11875 0.1453125 0.121875