0 0.15390625 0.2984375 0.1046875 0.05625
0 0.04765625 0.33359375 0.0875 0.0515625
0 0.28515625 0.34453125 0.084375 0.0453125
0 0.18125 0.3546875 0.0703125 0.0421875
0 0.13203125 0.4 0.1 0.05625
0 0.07421875 0.39140625 0.06875 0.0546875
0 0.1515625 0.453125 0.06875 0.053125
0 0.28203125 0.41328125 0.06875 0.0484375
0 0.321875 0.39140625 0.0796875 0.053125
0 0.33125 0.44375 0.0921875 0.0609375
0 0.05546875 0.53984375 0.065625 0.0515625
0 0.1125 0.634375 0.096875 0.0421875
0 0.11484375 0.7359375 0.0921875 0.0578125
0 0.09375 0.78125 0.078125 0.04375
0 0.31171875 0.59453125 0.071875 0.04375
0 0.32421875 0.621875 0.096875 0.04375
0 0.8015625 0.6015625 0.0578125 0.0390625
0 0.71796875 0.4859375 0.0640625 0.0453125
0 0.6921875 0.35 0.05 0.0421875