0 0.0515625 0.1546875 0.103125 0.190625
0 0.05390625 0.2859375 0.1078125 0.1
0 0.15703125 0.215625 0.109375 0.0890625
0 0.32890625 0.18359375 0.29375 0.2328125
0 0.35703125 0.04609375 0.2484375 0.0921875
0 0.09375 0.39140625 0.1875 0.1765625
0 0.1015625 0.4921875 0.203125 0.125
0 0.13125 0.6484375 0.2546875 0.2359375
0 0.19296875 0.93828125 0.2234375 0.1234375
0 0.640625 0.921875 0.2 0.15
0 0.57578125 0.64453125 0.1765625 0.1328125
0 0.65546875 0.56015625 0.228125 0.19375
0 0.83671875 0.603125 0.221875 0.1734375
0 0.4765625 0.65234375 0.0796875 0.0671875
0 0.32109375 0.565625 0.1296875 0.0875
0 0.384375 0.49609375 0.1375 0.121875
0 0.48671875 0.50546875 0.18125 0.140625
0 0.35234375 0.45 0.1140625 0.0671875
0 0.39375 0.35234375 0.2328125 0.171875
0 0.28359375 0.42265625 0.065625 0.071875
0 0.5421875 0.3171875 0.1375 0.128125
0 0.28671875 0.353125 0.0796875 0.0875
0 0.5265625 0.22109375 0.0734375 0.0703125
0 0.63203125 0.33984375 0.103125 0.0890625
0 0.6328125 0.43984375 0.125 0.0875
0 0.66484375 0.2734375 0.1046875 0.09375
0 0.625 0.24296875 0.103125 0.0796875
0 0.5796875 0.1375 0.10625 0.0921875
0 0.75625 0.0515625 0.153125 0.103125
0 0.81640625 0.078125 0.09375 0.078125
0 0.89453125 0.075 0.1 0.1
0 0.8328125 0.2234375 0.278125 0.23125
0 0.715625 0.16171875 0.0890625 0.0734375
0 0.871875 0.31875 0.0890625 0.0703125
0 0.965625 0.365625 0.046875 0.065625