0 0.33515625 0.0609375 0.1421875 0.121875
0 0.2890625 0.39609375 0.1484375 0.1671875
0 0.04296875 0.46328125 0.0859375 0.1328125
0 0.09375 0.7703125 0.1171875 0.146875
0 0.17578125 0.675 0.115625 0.1453125
0 0.2625 0.82109375 0.1078125 0.109375
0 0.2484375 0.89375 0.10625 0.09375
0 0.40078125 0.7578125 0.128125 0.134375
0 0.5171875 0.65625 0.1421875 0.178125
0 0.5921875 0.6984375 0.140625 0.16875
0 0.571875 0.790625 0.1546875 0.1390625
0 0.68984375 0.53671875 0.1390625 0.1515625
0 0.5125 0.090625 0.1296875 0.146875
0 0.61171875 0.13984375 0.146875 0.1703125
0 0.4734375 0.2046875 0.134375 0.1359375
0 0.46171875 0.36796875 0.0625 0.0640625
0 0.55859375 0.27890625 0.075 0.0921875
0 0.6046875 0.39453125 0.05 0.05625
0 0.74140625 0.59765625 0.1234375 0.1546875
0 0.86328125 0.81875 0.1140625 0.134375
0 0.7703125 0.965625 0.1125 0.06875
0 0.0171875 0.6328125 0.034375 0.1625
0 0.3 0.20546875 0.1140625 0.121875