0 0.365625 0.23671875 0.2484375 0.3625
0 0.1 0.38515625 0.1921875 0.2671875
0 0.234375 0.36484375 0.1515625 0.2234375
0 0.37421875 0.4484375 0.1796875 0.2140625
0 0.546875 0.37734375 0.1390625 0.1921875
0 0.86015625 0.340625 0.1375 0.1828125
0 0.95703125 0.31640625 0.0859375 0.1765625
0 0.77890625 0.4609375 0.1140625 0.1375
0 0.86796875 0.57265625 0.1578125 0.2015625
0 0.50625 0.6 0.125 0.1765625
0 0.57578125 0.621875 0.0921875 0.16875
0 0.73515625 0.71015625 0.1140625 0.1609375
0 0.6390625 0.8390625 0.1484375 0.19375
0 0.87890625 0.875 0.1796875 0.225
0 0.309375 0.71015625 0.1875 0.271875
0 0.1671875 0.62734375 0.1953125 0.2625
0 0.3984375 0.7671875 0.11875 0.203125
0 0.1390625 0.83984375 0.15625 0.171875
0 0.140625 0.93671875 0.1359375 0.0609375