0 0.1109375 0.28359375 0.0828125 0.040625
0 0.30703125 0.28671875 0.0859375 0.0578125
0 0.23984375 0.36796875 0.0765625 0.046875
0 0.2359375 0.39375 0.0515625 0.034375
0 0.353125 0.3921875 0.0546875 0.0375
0 0.5796875 0.33046875 0.075 0.0453125
0 0.58671875 0.27421875 0.071875 0.0515625
0 0.66640625 0.44609375 0.0671875 0.040625
0 0.94921875 0.39609375 0.0578125 0.0375
0 0.903125 0.38671875 0.065625 0.034375
0 0.9203125 0.40859375 0.0546875 0.0390625
0 0.9265625 0.578125 0.0640625 0.0390625
0 0.9234375 0.615625 0.08125 0.05
0 0.91875 0.715625 0.0703125 0.0484375
0 0.75078125 0.70390625 0.075 0.0421875
0 0.5234375 0.5734375 0.0609375 0.0421875
0 0.225 0.6953125 0.0375 0.0296875