0 0.5546875 0.91328125 0.0671875 0.0484375
0 0.62578125 0.87265625 0.06875 0.0453125
0 0.85234375 0.9265625 0.078125 0.0390625
0 0.7875 0.98671875 0.065625 0.0265625
0 0.57421875 0.85390625 0.065625 0.0390625
0 0.66796875 0.84609375 0.0609375 0.0375
0 0.80859375 0.8203125 0.090625 0.0484375
0 0.859375 0.7515625 0.0765625 0.05
0 0.49140625 0.69375 0.08125 0.046875
0 0.35 0.6875 0.075 0.05
0 0.2625 0.7140625 0.090625 0.0484375
0 0.0640625 0.78515625 0.075 0.0484375
0 0.06875 0.878125 0.065625 0.0375
0 0.178125 0.51328125 0.071875 0.0453125
0 0.1671875 0.56328125 0.0578125 0.0421875
0 0.65859375 0.35703125 0.096875 0.059375
0 0.9046875 0.33125 0.059375 0.0421875
0 0.3421875 0.2609375 0.0625 0.0484375
0 0.4421875 0.27890625 0.0890625 0.0578125
0 0.6515625 0.225 0.05 0.0359375
0 0.15390625 0.11953125 0.109375 0.0515625
0 0.65390625 0.06328125 0.084375 0.0609375