0 0.28046875 0.85078125 0.071875 0.0578125
0 0.92890625 0.79921875 0.09375 0.065625
0 0.2625 0.9046875 0.09375 0.0609375
0 0.70703125 0.94921875 0.0859375 0.0625
0 0.403125 0.75234375 0.05625 0.0390625
0 0.53125 0.7203125 0.0703125 0.0421875
0 0.59921875 0.72890625 0.0859375 0.0515625
0 0.6203125 0.671875 0.1015625 0.0703125
0 0.815625 0.73125 0.0765625 0.034375
0 0.55625 0.275 0.1015625 0.0640625
0 0.67109375 0.12421875 0.0875 0.0703125
0 0.75703125 0.128125 0.13125 0.0796875
0 0.78203125 0.25859375 0.1046875 0.06875
0 0.84609375 0.2609375 0.065625 0.0515625