0 0.05078125 0.0171875 0.0546875 0.034375
0 0.12734375 0.15625 0.103125 0.1046875
0 0.053125 0.253125 0.0875 0.1203125
0 0.2296875 0.25 0.140625 0.1328125
0 0.41328125 0.2671875 0.121875 0.1375
0 0.0859375 0.37734375 0.0828125 0.06875
0 0.0234375 0.4796875 0.046875 0.103125
0 0.203125 0.525 0.121875 0.115625
0 0.28046875 0.75703125 0.1171875 0.1265625
0 0.309375 0.66171875 0.1046875 0.0625
0 0.353125 0.73984375 0.0765625 0.10625
0 0.3796875 0.8484375 0.125 0.1140625
0 0.43828125 0.975 0.1234375 0.05
0 0.56328125 0.684375 0.1296875 0.1234375
0 0.73515625 0.6578125 0.1375 0.153125
0 0.87109375 0.6296875 0.109375 0.096875
0 0.8453125 0.378125 0.165625 0.15625
0 0.525 0.47265625 0.078125 0.0515625
0 0.465625 0.61015625 0.0875 0.1
0 0.55859375 0.59609375 0.0984375 0.06875
0 0.33125 0.48671875 0.0609375 0.053125
0 0.76953125 0.17578125 0.0546875 0.05625
0 0.6140625 0.27890625 0.075 0.084375
0 0.6 0.21953125 0.0609375 0.0640625
0 0.45625 0.41171875 0.040625 0.0484375
0 0.52109375 0.4 0.0703125 0.0484375
0 0.559375 0.359375 0.06875 0.053125
0 0.334375 0.27421875 0.053125 0.046875
0 0.62109375 0.49765625 0.0640625 0.0765625
0 0.98671875 0.265625 0.0265625 0.053125
0 0.95234375 0.06640625 0.05625 0.0453125
0 0.7640625 0.1078125 0.0484375 0.053125
0 0.82890625 0.15390625 0.0515625 0.059375
0 0.6140625 0.415625 0.05625 0.0515625
0 0.728125 0.42890625 0.0578125 0.06875
0 0.646875 0.740625 0.0453125 0.0453125
0 0.58125 0.81796875 0.0515625 0.0546875
0 0.65 0.82890625 0.0515625 0.04375
0 0.94921875 0.7234375 0.034375 0.0390625