0 0.55546875 0.125 0.140625 0.1625
0 0.63984375 0.0453125 0.1140625 0.090625
0 0.70078125 0.08203125 0.1 0.109375
0 0.76484375 0.01328125 0.0921875 0.0265625
0 0.40390625 0.0453125 0.1015625 0.0875
0 0.625 0.26640625 0.1453125 0.1671875
0 0.5703125 0.33515625 0.09375 0.1109375
0 0.453125 0.31953125 0.0828125 0.0953125
0 0.36640625 0.40859375 0.10625 0.11875
0 0.8109375 0.32734375 0.0984375 0.1125
0 0.74140625 0.503125 0.1265625 0.1375
0 0.73984375 0.425 0.096875 0.1140625
0 0.67109375 0.6046875 0.153125 0.175
0 0.76484375 0.746875 0.14375 0.153125
0 0.39296875 0.71796875 0.1046875 0.121875
0 0.45859375 0.77265625 0.096875 0.1109375
0 0.3859375 0.79609375 0.1046875 0.10625
0 0.21640625 0.84921875 0.078125 0.0921875
0 0.2640625 0.95 0.109375 0.1
0 0.36953125 0.953125 0.1015625 0.09375
0 0.546875 0.96640625 0.05625 0.0671875
0 0.603125 0.84453125 0.0828125 0.0953125
0 0.221875 0.4078125 0.0609375 0.0640625
0 0.05703125 0.4421875 0.05625 0.0640625
0 0.03984375 0.5953125 0.0609375 0.0671875
0 0.053125 0.71875 0.0515625 0.0875
0 0.296875 0.62421875 0.0890625 0.0953125
0 0.4453125 0.56171875 0.0859375 0.0984375
0 0.25859375 0.546875 0.090625 0.0890625
0 0.259375 0.55078125 0.090625 0.0921875
0 0.77109375 0.84921875 0.0765625 0.0796875
0 0.6203125 0.79375 0.0765625 0.0828125
0 0.7546875 0.07109375 0.0625 0.1046875
0 0.17109375 0.5015625 0.0515625 0.0484375