0 0.825 0.95234375 0.0984375 0.0671875
0 0.34765625 0.9125 0.08125 0.05625
0 0.3765625 0.86796875 0.071875 0.05
0 0.31171875 0.86953125 0.0546875 0.034375
0 0.1078125 0.721875 0.1015625 0.0625
0 0.2859375 0.74296875 0.08125 0.0421875
0 0.3515625 0.70546875 0.0453125 0.0234375
0 0.49296875 0.75390625 0.059375 0.04375
0 0.6375 0.71875 0.065625 0.0484375
0 0.703125 0.72890625 0.078125 0.046875
0 0.91875 0.73203125 0.08125 0.0453125
0 0.72109375 0.67109375 0.0984375 0.0734375
0 0.89375 0.55 0.0921875 0.0578125
0 0.21484375 0.39765625 0.090625 0.0609375
0 0.61796875 0.4375 0.090625 0.05
0 0.90390625 0.24609375 0.121875 0.06875
0 0.66484375 0.27265625 0.10625 0.06875
0 0.8796875 0.11484375 0.1171875 0.075
0 0.7859375 0.1203125 0.103125 0.0765625