0 0.47890625 0.71015625 0.0921875 0.0640625
0 0.11015625 0.57734375 0.0890625 0.04375
0 0.14296875 0.49609375 0.078125 0.0578125
0 0.69921875 0.46015625 0.0859375 0.046875
0 0.94453125 0.528125 0.1109375 0.046875
0 0.94375 0.3640625 0.0859375 0.0578125
0 0.41484375 0.3625 0.1265625 0.084375
0 0.5625 0.23515625 0.1203125 0.0859375
0 0.2078125 0.17734375 0.078125 0.0609375
0 0.2546875 0.1140625 0.0953125 0.071875
0 0.65234375 0.06015625 0.1 0.06875
0 0.84375 0.06015625 0.1078125 0.053125
0 0.790625 0.015625 0.065625 0.03125