0 0.16640625 0.4140625 0.2 0.253125
0 0.325 0.4875 0.2046875 0.2515625
0 0.440625 0.46875 0.1453125 0.2171875
0 0.54296875 0.57578125 0.184375 0.2234375
0 0.67890625 0.58671875 0.16875 0.209375
0 0.83984375 0.54609375 0.20625 0.2640625
0 0.48828125 0.8140625 0.2046875 0.2515625
0 0.67109375 0.81640625 0.0453125 0.0515625
0 0.2140625 0.81796875 0.053125 0.065625
0 0.14375 0.9265625 0.05 0.04375
0 0.4046875 0.3546875 0.128125 0.1
0 0.3484375 0.91875 0.040625 0.0453125
0 0.40546875 0.9375 0.040625 0.040625
0 0.853125 0.684375 0.071875 0.071875