0 0.19609375 0.91015625 0.0703125 0.05
0 0.43125 0.95625 0.0875 0.0640625
0 0.02421875 0.784375 0.0484375 0.05625
0 0.03671875 0.81796875 0.0734375 0.0578125
0 0.52421875 0.71015625 0.0671875 0.0546875
0 0.59453125 0.68515625 0.0734375 0.0546875
0 0.51640625 0.5171875 0.0765625 0.0453125
0 0.14296875 0.4109375 0.1 0.065625
0 0.29296875 0.31640625 0.1078125 0.078125
0 0.0859375 0.1421875 0.0453125 0.0640625
0 0.08828125 0.240625 0.04375 0.046875
0 0.4265625 0.25 0.0765625 0.065625
0 0.6328125 0.39921875 0.10625 0.0703125
0 0.81875 0.4453125 0.075 0.0484375
0 0.6890625 0.340625 0.0875 0.059375
0 0.95078125 0.3046875 0.0984375 0.084375
0 0.9171875 0.34296875 0.0625 0.0578125