0 0.4234375 0.08359375 0.13125 0.1671875
0 0.80859375 0.49375 0.1265625 0.1640625
0 0.27421875 0.8359375 0.040625 0.05
0 0.5390625 0.26640625 0.1375 0.1828125
0 0.39296875 0.4703125 0.1625 0.209375
0 0.51640625 0.48046875 0.1421875 0.2046875
0 0.5515625 0.41640625 0.103125 0.146875
0 0.60234375 0.46640625 0.0984375 0.13125
0 0.62265625 0.56328125 0.1140625 0.128125
0 0.7609375 0.63046875 0.115625 0.1453125
0 0.75625 0.71875 0.1078125 0.11875
0 0.58671875 0.846875 0.1359375 0.1828125
0 0.5640625 0.9578125 0.11875 0.084375
0 0.696875 0.87890625 0.0828125 0.1109375
0 0.728125 0.9296875 0.078125 0.0859375
0 0.91640625 0.9125 0.0859375 0.05625