0 0.25625 0.1453125 0.0953125 0.1171875
0 0.35703125 0.1125 0.0515625 0.075
0 0.58203125 0.22109375 0.0984375 0.1453125
0 0.51875 0.27265625 0.059375 0.06875
0 0.465625 0.34140625 0.1015625 0.1375
0 0.3546875 0.26953125 0.1046875 0.1375
0 0.24609375 0.40703125 0.0984375 0.128125
0 0.0828125 0.51875 0.0578125 0.065625
0 0.10546875 0.6484375 0.0546875 0.065625
0 0.175 0.678125 0.04375 0.0515625
0 0.17734375 0.6015625 0.0390625 0.0484375
0 0.31328125 0.69453125 0.071875 0.096875
0 0.340625 0.715625 0.059375 0.1
0 0.36015625 0.6140625 0.0453125 0.0703125
0 0.49296875 0.634375 0.0828125 0.11875
0 0.54921875 0.5765625 0.0484375 0.0578125
0 0.65 0.57890625 0.05625 0.0609375
0 0.634375 0.6359375 0.04375 0.0515625
0 0.7765625 0.61015625 0.065625 0.08125
0 0.75625 0.690625 0.05625 0.0671875
0 0.68828125 0.7765625 0.046875 0.059375
0 0.740625 0.81484375 0.04375 0.053125
0 0.76015625 0.78671875 0.0484375 0.053125
0 0.95546875 0.56875 0.0890625 0.1125
0 0.859375 0.34140625 0.0640625 0.0875
0 0.978125 0.33984375 0.04375 0.0609375
0 0.79921875 0.31953125 0.059375 0.071875