0 0.334375 0.25546875 0.209375 0.3390625
0 0.0890625 0.434375 0.1625 0.25
0 0.21953125 0.3984375 0.1265625 0.209375
0 0.36875 0.4640625 0.15625 0.196875
0 0.53125 0.37265625 0.11875 0.1796875
0 0.83828125 0.29765625 0.1171875 0.1703125
0 0.94921875 0.2609375 0.1015625 0.165625
0 0.771875 0.42734375 0.1 0.1265625
0 0.87421875 0.52734375 0.1359375 0.1859375
0 0.51875 0.5984375 0.10625 0.165625
0 0.58984375 0.61171875 0.0734375 0.1609375
0 0.759375 0.6796875 0.096875 0.15
0 0.6796875 0.81953125 0.128125 0.1796875
0 0.921875 0.82578125 0.15625 0.2078125
0 0.33671875 0.73203125 0.1578125 0.2546875
0 0.18515625 0.6671875 0.1671875 0.24375
0 0.43203125 0.77734375 0.0953125 0.1921875
0 0.1828125 0.88125 0.1375 0.15625
0 0.196875 0.97734375 0.13125 0.0453125