0 0.971875 0.73203125 0.05 0.0453125
0 0.8875 0.76953125 0.06953125 0.0421875
0 0.81640625 0.646875 0.06640625 0.046875
0 0.75859375 0.64921875 0.06640625 0.0390625
0 0.371875 0.721875 0.08359375 0.046875
0 0.10859375 0.73125 0.06640625 0.053125
0 0.06796875 0.7625 0.075 0.0375
0 0.084375 0.596875 0.0859375 0.034375
0 0.27109375 0.45859375 0.0859375 0.0484375
0 0.10546875 0.446875 0.08359375 0.04375
0 0.58203125 0.4703125 0.09140625 0.05
0 0.371875 0.303125 0.09453125 0.046875
0 0.3515625 0.37890625 0.0859375 0.0359375
0 0.325 0.3421875 0.05546875 0.0375
0 0.965625 0.39375 0.0640625 0.059375
0 0.846875 0.25234375 0.11640625 0.0484375
0 0.840625 0.3265625 0.0640625 0.05
0 0.6125 0.1703125 0.0859375 0.04375
0 0.1625 0.38984375 0.096875 0.0484375
0 0.971875 0.85625 0.05546875 0.059375
0 0.603125 0.39609375 0.078125 0.0515625
0 0.15390625 0.56640625 0.0859375 0.0421875
0 0.1484375 0.30703125 0.075 0.0515625