0 0.684375 0.3359375 0.046875 0.071875
0 0.98203125 0.37890625 0.0359375 0.06953125
0 0.79140625 0.46953125 0.0421875 0.06640625
0 0.4859375 0.52109375 0.040625 0.06953125
0 0.6640625 0.62890625 0.04375 0.06953125
0 0.60078125 0.64140625 0.0453125 0.05859375
0 0.53359375 0.75 0.0453125 0.0609375
0 0.840625 0.7625 0.05 0.09140625
0 0.2125 0.078125 0.040625 0.0609375
0 0.87578125 0.95703125 0.0484375 0.08046875
0 0.55546875 0.134375 0.0296875 0.075
0 0.40703125 0.1640625 0.0421875 0.06640625
0 0.50625 0.18203125 0.046875 0.0640625
0 0.8453125 0.24609375 0.046875 0.08046875
0 0.28828125 0.025 0.0515625 0.05