0 0.37890625 0.5 0.09140625 0.15234375
0 0.4296875 0.59921875 0.09453125 0.146875
0 0.46484375 0.70078125 0.1015625 0.16953125
0 0.56171875 0.734375 0.11953125 0.146875
0 0.54921875 0.6046875 0.10859375 0.1359375
0 0.50703125 0.50859375 0.115625 0.146875
0 0.59140625 0.4859375 0.0875 0.1359375
0 0.67734375 0.528125 0.1125 0.1640625
0 0.76171875 0.71171875 0.1265625 0.1921875
0 0.8453125 0.66953125 0.084375 0.175
0 0.6453125 0.69765625 0.10546875 0.18671875
0 0.50859375 0.3640625 0.1125 0.14140625