0 0.06953125 0.0703125 0.1109375 0.059375
0 0.28359375 0.071875 0.06640625 0.028125
0 0.2734375 0.1171875 0.075 0.046875
0 0.240625 0.203125 0.11953125 0.059375
0 0.2234375 0.31328125 0.053125 0.0390625
0 0.284375 0.34609375 0.096875 0.0453125
0 0.4125 0.33515625 0.13046875 0.0609375
0 0.28046875 0.39453125 0.09453125 0.0546875
0 0.95390625 0.16796875 0.06953125 0.0453125
0 0.94453125 0.43359375 0.078125 0.0421875
0 0.3609375 0.61171875 0.0890625 0.0453125
0 0.546875 0.52890625 0.11640625 0.0390625
0 0.47890625 0.753125 0.125 0.065625
0 0.3375 0.66484375 0.09140625 0.0453125
0 0.10703125 0.67578125 0.075 0.0515625
0 0.25 0.696875 0.11640625 0.0625
0 0.23046875 0.43671875 0.10546875 0.0546875
0 0.26640625 0.9125 0.08359375 0.0625
0 0.18046875 0.92421875 0.08359375 0.0640625
0 0.096875 0.41171875 0.08359375 0.0515625
0 0.5484375 0.37578125 0.0859375 0.0484375
0 0.503125 0.215625 0.11640625 0.05
0 0.46796875 0.1359375 0.103125 0.046875
0 0.209375 0.08203125 0.075 0.0421875