0 0.6078125 0.24296875 0.246875 0.2671875
0 0.73359375 0.075 0.1890625 0.15
0 0.3984375 0.0453125 0.30625 0.090625
0 0.234375 0.03828125 0.109375 0.0765625
0 0.1421875 0.22421875 0.11875 0.1171875
0 0.11796875 0.30546875 0.0796875 0.0703125
0 0.2796875 0.2234375 0.084375 0.121875
0 0.30546875 0.40078125 0.1828125 0.1296875
0 0.1953125 0.73984375 0.271875 0.2890625
0 0.4703125 0.6125 0.225 0.23125
0 0.5375 0.8296875 0.2125 0.23125
0 0.671875 0.57734375 0.184375 0.2515625
0 0.78203125 0.525 0.1359375 0.196875
0 0.93828125 0.615625 0.0953125 0.096875
0 0.15 0.95625 0.253125 0.0875