0 0.2921875 0.3234375 0.24375 0.25
0 0.06171875 0.73359375 0.1234375 0.2765625
0 0.4296875 0.51015625 0.246875 0.2453125
0 0.43203125 0.146875 0.2296875 0.234375
0 0.28671875 0.72265625 0.2734375 0.2765625
0 0.08046875 0.33046875 0.1609375 0.2390625
0 0.69921875 0.49921875 0.2671875 0.2546875
0 0.671875 0.13984375 0.234375 0.2296875
0 0.80859375 0.31328125 0.2421875 0.2203125
0 0.56171875 0.3140625 0.2484375 0.240625
0 0.9203125 0.49609375 0.15625 0.2453125
0 0.1328125 0.90625 0.265625 0.184375
0 0.8921875 0.14453125 0.2125 0.2140625
0 0.42890625 0.8984375 0.2828125 0.2
0 0.5703125 0.71640625 0.29375 0.2640625
0 0.8578125 0.71015625 0.28125 0.2765625
0 0.71796875 0.89921875 0.2828125 0.1984375
0 0.1578125 0.14609375 0.2625 0.2484375
0 0.94375 0.9109375 0.1125 0.178125