0 0.7546875 0.05234375 0.18359375 0.10234375
0 0.36640625 0.0578125 0.06953125 0.0703125
0 0.51640625 0.0921875 0.0765625 0.07734375
0 0.08671875 0.0609375 0.1234375 0.09375
0 0.08046875 0.15234375 0.1453125 0.1203125
0 0.309375 0.12109375 0.0609375 0.0671875
0 0.4765625 0.42734375 0.0390625 0.0625
0 0.74921875 0.346875 0.12421875 0.10859375
0 0.95546875 0.128125 0.0890625 0.1171875
0 0.040625 0.28515625 0.07890625 0.09765625
0 0.39921875 0.64609375 0.16328125 0.1328125
0 0.50703125 0.65625 0.09375 0.10546875
0 0.83984375 0.49140625 0.15 0.159375
0 0.884375 0.6609375 0.078125 0.06484375
0 0.89375 0.5984375 0.06640625 0.06328125
0 0.5109375 0.97109375 0.109375 0.0578125