0 0.15625 0.4734375 0.1625 0.228125
0 0.32578125 0.51796875 0.1671875 0.2265625
0 0.4359375 0.4796875 0.1125 0.2
0 0.55546875 0.5671875 0.1515625 0.2
0 0.69140625 0.5546875 0.1390625 0.1875
0 0.84296875 0.48671875 0.1671875 0.2390625
0 0.54296875 0.81171875 0.1671875 0.2265625
0 0.7234375 0.78203125 0.0375 0.0453125
0 0.2734375 0.8625 0.04375 0.059375
0 0.2234375 0.98203125 0.04375 0.0359375
0 0.38125 0.3734375 0.115625 0.08125
0 0.4234375 0.9390625 0.034375 0.040625
0 0.4828125 0.94765625 0.034375 0.0359375
0 0.8796875 0.6203125 0.0625 0.0625