0 0.77734375 0.271875 0.0640625 0.078125
0 0.8125 0.04453125 0.065625 0.0859375
0 0.97734375 0.484375 0.0453125 0.096875
0 0.509375 0.27265625 0.05625 0.0703125
0 0.53515625 0.3015625 0.0421875 0.06875
0 0.6328125 0.25546875 0.040625 0.0734375
0 0.7875 0.35078125 0.040625 0.0546875
0 0.28515625 0.11328125 0.0609375 0.0859375
0 0.0328125 0.03046875 0.05625 0.0609375
0 0.128125 0.19140625 0.053125 0.0640625
0 0.1828125 0.3328125 0.053125 0.071875
0 0.0234375 0.275 0.046875 0.065625
0 0.5515625 0.63359375 0.05 0.0609375
0 0.403125 0.23828125 0.05625 0.0921875
0 0.296875 0.39453125 0.053125 0.0609375
0 0.71015625 0.603125 0.0484375 0.078125
0 0.6 0.59375 0.04375 0.065625