0 0.50703125 0.20625 0.0484375 0.028125
0 0.48125 0.21875 0.02578125 0.025
0 0.6421875 0.23125 0.05703125 0.03125
0 0.62109375 0.259375 0.04296875 0.025
0 0.67734375 0.25546875 0.0484375 0.0234375
0 0.9359375 0.3609375 0.04296875 0.021875
0 0.9828125 0.35234375 0.034375 0.0203125
0 0.97421875 0.4734375 0.05078125 0.028125
0 0.9359375 0.4734375 0.04296875 0.025
0 0.95 0.5875 0.03125 0.028125
0 0.921875 0.55859375 0.05390625 0.0296875
0 0.66640625 0.29375 0.05390625 0.021875
0 0.63671875 0.33359375 0.0625 0.0359375
0 0.4984375 0.32734375 0.065625 0.0234375
0 0.55703125 0.33828125 0.05078125 0.0234375
0 0.52265625 0.3796875 0.05703125 0.03125
0 0.58671875 0.3828125 0.03671875 0.021875
0 0.5453125 0.4296875 0.05703125 0.034375
0 0.46171875 0.39140625 0.03125 0.0234375
0 0.41328125 0.5046875 0.059375 0.028125
0 0.27578125 0.55703125 0.0453125 0.0171875
0 0.434375 0.52890625 0.0453125 0.0265625
0 0.45625 0.55078125 0.05390625 0.0140625
0 0.68046875 0.534375 0.05390625 0.0125
0 0.64921875 0.54296875 0.04296875 0.0234375
0 0.5921875 0.61796875 0.05390625 0.0359375
0 0.546875 0.61015625 0.03671875 0.0234375
0 0.76875 0.65078125 0.03671875 0.0203125