0 0.16171875 0.56328125 0.1171875 0.1234375
0 0.209375 0.7765625 0.1375 0.14375
0 0.05859375 0.9703125 0.1046875 0.059375
0 0.0671875 0.89375 0.1 0.08125
0 0.4 0.75234375 0.1125 0.0953125
0 0.49453125 0.6953125 0.0890625 0.075
0 0.56015625 0.6640625 0.0796875 0.08125
0 0.67421875 0.6875 0.0859375 0.065625
0 0.6484375 0.6359375 0.08125 0.059375
0 0.921875 0.7421875 0.071875 0.0625
0 0.87890625 0.68671875 0.0703125 0.0640625
0 0.7140625 0.58046875 0.08125 0.0796875
0 0.80078125 0.58671875 0.0640625 0.0515625
0 0.428125 0.5171875 0.065625 0.059375
0 0.45 0.3890625 0.065625 0.05
0 0.45078125 0.1875 0.0578125 0.05625
0 0.375 0.16328125 0.04375 0.0453125
0 0.5546875 0.08203125 0.0625 0.0484375
0 0.65 0.02890625 0.059375 0.0453125
0 0.65 0.32265625 0.040625 0.0390625
0 0.51875 0.18828125 0.04375 0.0546875
0 0.28359375 0.71484375 0.0828125 0.0796875