0 0.30078125 0.27421875 0.2015625 0.1609375
0 0.2765625 0.1015625 0.0875 0.078125
0 0.10390625 0.309375 0.1296875 0.134375
0 0.14375 0.61640625 0.246875 0.1734375
0 0.06171875 0.64765625 0.1234375 0.1453125
0 0.38984375 0.6390625 0.1171875 0.0875
0 0.57265625 0.41328125 0.1796875 0.1390625
0 0.7421875 0.453125 0.18125 0.128125
0 0.64765625 0.59453125 0.1109375 0.0859375
0 0.61875 0.65625 0.103125 0.06875
0 0.3359375 0.8734375 0.140625 0.103125
0 0.534375 0.7671875 0.059375 0.059375
0 0.721875 0.74609375 0.153125 0.1140625
0 0.71171875 0.85703125 0.1453125 0.1015625
0 0.9390625 0.20078125 0.096875 0.0921875
0 0.8828125 0.16953125 0.059375 0.0640625
0 0.95234375 0.0609375 0.0953125 0.103125
0 0.58515625 0.2796875 0.0578125 0.05625
0 0.83671875 0.04140625 0.0640625 0.0609375