0 0.26171875 0.3375 0.1484375 0.209375
0 0.3609375 0.14765625 0.1375 0.1765625
0 0.33046875 0.0359375 0.1328125 0.071875
0 0.41328125 0.25546875 0.1203125 0.1328125
0 0.390625 0.45 0.134375 0.209375
0 0.3109375 0.59140625 0.153125 0.2296875
0 0.4328125 0.640625 0.090625 0.11875
0 0.42890625 0.82734375 0.1609375 0.2390625
0 0.48671875 0.5859375 0.0640625 0.06875
0 0.5640625 0.75546875 0.0875 0.1171875
0 0.596875 0.91640625 0.15 0.1671875
0 0.63671875 0.5671875 0.1203125 0.16875
0 0.78046875 0.44765625 0.1046875 0.1609375
0 0.83125 0.32734375 0.1 0.1484375
0 0.90625 0.13828125 0.08125 0.1046875
0 0.96328125 0.86640625 0.0734375 0.1484375
0 0.90703125 0.97890625 0.1078125 0.0421875
0 0.44609375 0.12421875 0.0953125 0.1234375
0 0.85078125 0.08203125 0.0796875 0.1078125