0 0.3640625 0.284375 0.034375 0.05859375
0 0.81953125 0.38046875 0.0546875 0.078125
0 0.71171875 0.475 0.0515625 0.071875
0 0.27578125 0.50703125 0.0390625 0.0640625
0 0.025 0.521875 0.0375 0.071875
0 0.215625 0.525 0.05 0.078125
0 0.25 0.53203125 0.03125 0.053125
0 0.35 0.55546875 0.040625 0.071875
0 0.24375 0.5875 0.0375 0.05859375
0 0.47578125 0.628125 0.0484375 0.06640625
0 0.3109375 0.6734375 0.046875 0.0859375
0 0.52890625 0.825 0.0484375 0.08359375
0 0.034375 0.17890625 0.0375 0.06953125
0 0.44453125 0.2140625 0.0421875 0.071875
0 0.478125 0.259375 0.0375 0.06953125