0 0.33203125 0.9609375 0.0484375 0.03828125
0 0.37421875 0.97890625 0.0453125 0.03828125
0 0.3046875 0.91015625 0.0609375 0.0375
0 0.365625 0.79609375 0.08515625 0.0546875
0 0.59375 0.9171875 0.08828125 0.05546875
0 0.6453125 0.8453125 0.05546875 0.0484375
0 0.9 0.815625 0.06328125 0.03828125
0 0.41640625 0.7171875 0.059375 0.040625
0 0.3109375 0.6703125 0.0515625 0.046875
0 0.44453125 0.66875 0.05859375 0.0328125
0 0.72734375 0.67109375 0.05078125 0.04140625
0 0.9171875 0.6359375 0.06796875 0.03828125
0 0.63671875 0.6203125 0.090625 0.05625
0 0.48828125 0.5890625 0.075 0.02734375
0 0.16328125 0.51015625 0.1015625 0.05390625
0 0.3015625 0.540625 0.06953125 0.05859375
0 0.63671875 0.478125 0.08046875 0.06328125
0 0.5640625 0.2984375 0.05 0.04296875
0 0.48359375 0.23671875 0.08125 0.053125
0 0.85234375 0.16953125 0.09921875 0.05390625