0 0.26796875 0.84296875 0.06953125 0.0546875
0 0.91796875 0.8140625 0.09140625 0.0625
0 0.2484375 0.89609375 0.09140625 0.0578125
0 0.69140625 0.95625 0.08359375 0.059375
0 0.39453125 0.7484375 0.05546875 0.0375
0 0.5234375 0.72109375 0.06953125 0.0390625
0 0.59140625 0.73203125 0.08359375 0.0484375
0 0.6140625 0.67578125 0.1 0.0671875
0 0.80703125 0.7421875 0.075 0.03125
0 0.5640625 0.27734375 0.1 0.0609375
0 0.684375 0.13046875 0.0859375 0.0671875
0 0.76953125 0.1375 0.128125 0.075
0 0.790625 0.26875 0.103125 0.065625
0 0.85390625 0.2734375 0.0640625 0.05