0 0.48203125 0.05703125 0.0859375 0.0796875
0 0.459375 0.14140625 0.09375 0.0921875
0 0.4984375 0.2390625 0.1 0.075
0 0.746875 0.325 0.1 0.121875
0 0.66328125 0.36640625 0.0859375 0.0953125
0 0.55234375 0.51640625 0.0765625 0.0796875
0 0.590625 0.4609375 0.065625 0.06875
0 0.6125 0.3921875 0.08125 0.0875
0 0.2171875 0.33046875 0.103125 0.0984375
0 0.28828125 0.4796875 0.1109375 0.115625
0 0.69765625 0.5140625 0.0828125 0.0875
0 0.753125 0.4578125 0.075 0.084375
0 0.83984375 0.55390625 0.1140625 0.1046875
0 0.85078125 0.7078125 0.0953125 0.109375
0 0.6296875 0.9265625 0.090625 0.08125
0 0.60546875 0.72578125 0.0828125 0.0859375
0 0.546875 0.70234375 0.059375 0.0796875
0 0.6015625 0.60390625 0.078125 0.0640625
0 0.153125 0.7265625 0.0625 0.04375
0 0.196875 0.690625 0.05625 0.05625
0 0.18828125 0.63203125 0.0578125 0.0578125
0 0.09453125 0.834375 0.0671875 0.065625