0 0.8171875 0.4328125 0.3625 0.24375
0 0.64375 0.33828125 0.365625 0.2015625
0 0.103125 0.57578125 0.20625 0.1421875
0 0.75 0.11875 0.096875 0.065625
0 0.371875 0.1921875 0.09375 0.05625
0 0.9390625 0.24609375 0.096875 0.0515625
0 0.228125 0.4796875 0.3 0.146875
0 0.4921875 0.2125 0.09375 0.053125
0 0.6078125 0.6484375 0.353125 0.215625
0 0.19609375 0.33046875 0.3859375 0.2078125
0 0.9671875 0.32109375 0.0625 0.0359375
0 0.18984375 0.83046875 0.1953125 0.1234375
0 0.4453125 0.8265625 0.134375 0.09375
0 0.55390625 0.8796875 0.0890625 0.075
0 0.684375 0.86796875 0.121875 0.0765625
0 0.0171875 0.86171875 0.034375 0.0953125
0 0.05 0.8109375 0.0875 0.071875
0 0.028125 0.6640625 0.05625 0.075