0 0.58515625 0.3 0.5109375 0.575
0 0.29375 0.51796875 0.40625 0.4234375
0 0.1578125 0.771875 0.315625 0.365625
0 0.5375 0.746875 0.353125 0.35
0 0.83828125 0.603125 0.3234375 0.44375
0 0.8640625 0.85390625 0.246875 0.2171875
0 0.9625 0.42890625 0.075 0.3234375
0 0.3234375 0.0421875 0.103125 0.084375
0 0.2140625 0.18984375 0.053125 0.0671875
0 0.228125 0.2484375 0.046875 0.04375
0 0.2546875 0.22421875 0.05625 0.0515625
0 0.3421875 0.15390625 0.05 0.0515625
0 0.9703125 0.21015625 0.059375 0.0734375
0 0.07578125 0.4765625 0.0515625 0.065625
0 0.38671875 0.9640625 0.2390625 0.071875
0 0.88125 0.959375 0.159375 0.08125