0 0.25078125 0.446875 0.2015625 0.31875
0 0.36640625 0.3359375 0.175 0.28203125
0 0.515625 0.36015625 0.12578125 0.26015625
0 0.6609375 0.234375 0.1921875 0.2734375
0 0.8 0.10078125 0.23515625 0.2015625
0 0.65 0.0640625 0.09765625 0.128125
0 0.653125 0.446875 0.1359375 0.2046875
0 0.75859375 0.61015625 0.1546875 0.24296875
0 0.93359375 0.8515625 0.1328125 0.175
0 0.8421875 0.96328125 0.18046875 0.0734375
0 0.55234375 0.63671875 0.1671875 0.2921875
0 0.4109375 0.6609375 0.1453125 0.26171875
0 0.11484375 0.68984375 0.14921875 0.228125
0 0.25859375 0.88359375 0.1453125 0.2328125
0 0.36328125 0.928125 0.1359375 0.14375