0 0.08203125 0.346875 0.0796875 0.028125
0 0.27578125 0.31953125 0.0796875 0.0453125
0 0.22265625 0.41015625 0.07109375 0.0359375
0 0.22265625 0.43671875 0.0484375 0.0265625
0 0.33828125 0.41640625 0.05078125 0.0296875
0 0.55234375 0.3203125 0.07109375 0.034375
0 0.55 0.26328125 0.065625 0.0421875
0 0.65625 0.4203125 0.0625 0.03125
0 0.92734375 0.32734375 0.05390625 0.0296875
0 0.88046875 0.325 0.0625 0.025
0 0.90078125 0.34375 0.05078125 0.03125
0 0.93359375 0.51015625 0.059375 0.0296875
0 0.9359375 0.54765625 0.0765625 0.0390625
0 0.94765625 0.64765625 0.065625 0.0390625
0 0.7796875 0.6625 0.07109375 0.03125
0 0.534375 0.56875 0.05703125 0.034375
0 0.25859375 0.7359375 0.034375 0.025