0 0.0671875 0.26171875 0.1328125 0.16015625
0 0.1671875 0.34140625 0.1421875 0.14140625
0 0.0359375 0.4421875 0.0703125 0.15546875
0 0.07890625 0.55 0.1390625 0.12890625
0 0.0421875 0.8734375 0.0828125 0.1359375
0 0.0421875 0.778125 0.0828125 0.0859375
0 0.071875 0.96875 0.05390625 0.0625
0 0.171875 0.24296875 0.1 0.103125
0 0.69140625 0.05859375 0.19140625 0.115625
0 0.92265625 0.2484375 0.1546875 0.1828125
0 0.9546875 0.45546875 0.090625 0.1515625
0 0.99140625 0.58203125 0.01640625 0.1015625
0 0.746875 0.69375 0.13203125 0.1046875
0 0.3078125 0.8390625 0.121875 0.121875
0 0.9109375 0.8859375 0.1578125 0.12109375