0 0.55078125 0.271875 0.1109375 0.125
0 0.0203125 0.05625 0.040625 0.1125
0 0.1265625 0.13828125 0.1125 0.1265625
0 0.275 0.215625 0.1125 0.14375
0 0.390625 0.234375 0.08125 0.14375
0 0.453125 0.2328125 0.053125 0.11875
0 0.17890625 0.36875 0.1484375 0.184375
0 0.05078125 0.41171875 0.1015625 0.1359375
0 0.43359375 0.60546875 0.1109375 0.1359375
0 0.32109375 0.63359375 0.0984375 0.1078125
0 0.5765625 0.63828125 0.1 0.1328125
0 0.67109375 0.6625 0.0921875 0.125
0 0.80625 0.75078125 0.084375 0.1078125
0 0.66796875 0.834375 0.0796875 0.109375
0 0.47734375 0.82421875 0.0796875 0.0703125
0 0.5109375 0.4921875 0.06875 0.115625