0 0.14765625 0.04765625 0.2109375 0.0953125
0 0.278125 0.05 0.159375 0.1
0 0.35078125 0.15 0.2078125 0.2125
0 0.51953125 0.10625 0.1546875 0.128125
0 0.8359375 0.0765625 0.196875 0.153125
0 0.5921875 0.21953125 0.10625 0.1171875
0 0.21796875 0.26484375 0.0703125 0.0734375
0 0.01796875 0.15 0.0359375 0.0625
0 0.03203125 0.3640625 0.0640625 0.10625
0 0.125 0.39921875 0.075 0.0703125
0 0.19453125 0.36640625 0.0703125 0.0609375
0 0.1828125 0.4859375 0.0875 0.09375
0 0.259375 0.46015625 0.05625 0.0609375
0 0.365625 0.37421875 0.20625 0.1921875
0 0.40078125 0.62890625 0.2390625 0.2265625
0 0.3140625 0.4859375 0.09375 0.0625
0 0.128125 0.55546875 0.075 0.0546875
0 0.0296875 0.815625 0.059375 0.11875
0 0.11328125 0.92578125 0.0734375 0.0765625
0 0.15703125 0.83828125 0.0859375 0.0703125
0 0.4171875 0.90625 0.221875 0.1875
0 0.61953125 0.81484375 0.2546875 0.2328125
0 0.66015625 0.39453125 0.1015625 0.1171875
0 0.84375 0.6484375 0.121875 0.125
0 0.709375 0.95390625 0.14375 0.0921875
0 0.78125 0.78359375 0.109375 0.1390625
0 0.85390625 0.9125 0.1234375 0.115625
0 0.94765625 0.37265625 0.0765625 0.0671875
0 0.6765625 0.50625 0.1125 0.078125