0 0.56171875 0.9125 0.06640625 0.046875
0 0.63203125 0.8703125 0.06875 0.04453125
0 0.859375 0.9203125 0.078125 0.03828125
0 0.79609375 0.984375 0.06484375 0.03046875
0 0.58046875 0.85234375 0.065625 0.03828125
0 0.67421875 0.84296875 0.06015625 0.03671875
0 0.8140625 0.81484375 0.08984375 0.046875
0 0.8640625 0.7453125 0.075 0.04921875
0 0.49453125 0.69375 0.08046875 0.0453125
0 0.353125 0.68984375 0.07421875 0.04921875
0 0.26640625 0.71796875 0.0890625 0.046875
0 0.06875 0.79296875 0.07421875 0.04765625
0 0.07578125 0.8859375 0.065625 0.0359375
0 0.178125 0.51875 0.07109375 0.04453125
0 0.16796875 0.56875 0.05703125 0.04140625
0 0.65625 0.35390625 0.09609375 0.0578125
0 0.9015625 0.32421875 0.059375 0.04140625
0 0.33828125 0.2640625 0.06171875 0.046875
0 0.43828125 0.2796875 0.08828125 0.05703125
0 0.646875 0.22265625 0.05 0.034375
0 0.14765625 0.12578125 0.10859375 0.05
0 0.64609375 0.0609375 0.08359375 0.06015625