0 0.5625 0.23125 0.31875 0.4625
0 0.79765625 0.53359375 0.3328125 0.4453125
0 0.46171875 0.6125 0.2828125 0.41875
0 0.47421875 0.91328125 0.1390625 0.1734375
0 0.30234375 0.69765625 0.1453125 0.2890625
0 0.18828125 0.8296875 0.2515625 0.340625
0 0.07265625 0.759375 0.1421875 0.253125
0 0.053125 0.9203125 0.096875 0.128125
0 0.71796875 0.8703125 0.0453125 0.053125
0 0.81796875 0.78984375 0.0453125 0.0421875
0 0.11640625 0.08125 0.0359375 0.05625
0 0.0796875 0.0453125 0.040625 0.040625
0 0.32890625 0.115625 0.0421875 0.040625