0 0.890625 0.9625 0.084375 0.03828125
0 0.61953125 0.9234375 0.059375 0.04140625
0 0.55859375 0.9359375 0.065625 0.04609375
0 0.159375 0.94765625 0.08671875 0.05
0 0.053125 0.9296875 0.065625 0.0375
0 0.5703125 0.76484375 0.071875 0.05
0 0.75546875 0.784375 0.08984375 0.05
0 0.4234375 0.675 0.06171875 0.046875
0 0.73671875 0.65703125 0.06953125 0.05078125
0 0.81953125 0.6796875 0.07109375 0.04296875
0 0.57734375 0.5640625 0.06796875 0.02734375
0 0.64296875 0.55078125 0.05 0.03203125
0 0.21875 0.4796875 0.11328125 0.05625
0 0.615625 0.44453125 0.08359375 0.05
0 0.803125 0.40390625 0.075 0.03671875
0 0.890625 0.4171875 0.09296875 0.0546875
0 0.9625 0.4140625 0.0734375 0.05390625
0 0.5171875 0.30703125 0.08203125 0.04765625
0 0.43828125 0.20234375 0.08359375 0.03984375
0 0.30390625 0.03203125 0.0796875 0.05234375
0 0.234375 0.05390625 0.090625 0.05
0 0.05078125 0.48203125 0.08984375 0.05390625
0 0.7765625 0.0796875 0.1203125 0.059375
0 0.85 0.27265625 0.08984375 0.065625
0 0.7640625 0.3609375 0.1078125 0.065625