0 0.546875 0.2515625 0.09921875 0.046875
0 0.534375 0.2796875 0.090625 0.028125
0 0.425 0.44921875 0.08828125 0.0515625
0 0.4875 0.4265625 0.07109375 0.040625
0 0.534375 0.3953125 0.10234375 0.03125
0 0.590625 0.34453125 0.0796875 0.0328125
0 0.5296875 0.475 0.07109375 0.040625
0 0.4390625 0.490625 0.059375 0.034375
0 0.44765625 0.64609375 0.04296875 0.0328125
0 0.41875 0.659375 0.059375 0.03125
0 0.48125 0.6546875 0.05390625 0.03125
0 0.61796875 0.6578125 0.065625 0.03125
0 0.5953125 0.66484375 0.08203125 0.0421875
0 0.70859375 0.6359375 0.059375 0.0375
0 0.59921875 0.60703125 0.090625 0.0234375
0 0.6375 0.5625 0.08203125 0.0375
0 0.62890625 0.5203125 0.07109375 0.034375