0 0.16953125 0.71015625 0.1296875 0.1375
0 0.14765625 0.85625 0.13671875 0.1203125
0 0.36171875 0.03984375 0.14921875 0.07734375
0 0.65546875 0.015625 0.0890625 0.0296875
0 0.98984375 0.003125 0.0203125 0.00625
0 0.61171875 0.13671875 0.17109375 0.165625
0 0.99453125 0.24609375 0.0109375 0.06640625
0 0.440625 0.5890625 0.165625 0.16015625
0 0.98984375 0.553125 0.0203125 0.021875
0 0.8109375 0.76484375 0.13984375 0.1609375
0 0.93046875 0.73046875 0.1390625 0.1625
0 0.7859375 0.98515625 0.059375 0.0296875
0 0.85546875 0.98125 0.1265625 0.0375