0 0.21015625 0.04765625 0.1234375 0.09296875
0 0.64765625 0.0390625 0.121875 0.0765625
0 0.60546875 0.140625 0.05078125 0.059375
0 0.0578125 0.18203125 0.1140625 0.146875
0 0.1703125 0.1796875 0.13984375 0.159375
0 0.03984375 0.50390625 0.078125 0.04375
0 0.19453125 0.52890625 0.178125 0.19375
0 0.0390625 0.66875 0.0765625 0.07734375
0 0.6546875 0.33359375 0.1296875 0.128125
0 0.6265625 0.4 0.09375 0.08671875
0 0.55625 0.5140625 0.1078125 0.1140625
0 0.61171875 0.6015625 0.034375 0.06328125
0 0.57109375 0.68984375 0.053125 0.0453125
0 0.52578125 0.846875 0.03984375 0.05
0 0.8859375 0.18828125 0.1046875 0.1453125
0 0.9875 0.26953125 0.02421875 0.10390625
0 0.85234375 0.4640625 0.1515625 0.1453125
0 0.971875 0.503125 0.05546875 0.05390625