0 0.38515625 0.23828125 0.065625 0.0390625
0 0.390625 0.35078125 0.059375 0.0296875
0 0.19296875 0.28671875 0.05078125 0.0296875
0 0.19140625 0.39375 0.0484375 0.028125
0 0.29375 0.56640625 0.03125 0.0140625
0 0.2359375 0.62578125 0.0625 0.0234375
0 0.49140625 0.359375 0.05078125 0.034375
0 0.48828125 0.26875 0.034375 0.028125
0 0.40234375 0.28984375 0.065625 0.0515625
0 0.77265625 0.38515625 0.06796875 0.0265625
0 0.86640625 0.3546875 0.05078125 0.03125
0 0.88046875 0.33046875 0.0625 0.0265625
0 0.84765625 0.31328125 0.05390625 0.0296875
0 0.92578125 0.3984375 0.07421875 0.04375
0 0.94765625 0.43359375 0.07109375 0.0265625
0 0.921875 0.47265625 0.065625 0.0390625
0 0.66640625 0.58125 0.059375 0.021875
0 0.91015625 0.5125 0.059375 0.03125
0 0.78125 0.4875 0.03984375 0.021875
0 0.9671875 0.50234375 0.059375 0.0296875