0 0.284375 0.50859375 0.221875 0.2890625
0 0.1171875 0.5265625 0.225 0.3453125
0 0.70859375 0.5890625 0.2625 0.27109375
0 0.8734375 0.60703125 0.24453125 0.315625
0 0.46640625 0.67578125 0.23125 0.21328125
0 0.58671875 0.78203125 0.3375 0.3203125
0 0.23125 0.784375 0.30234375 0.2890625
0 0.8421875 0.87109375 0.2625 0.23984375
0 0.30703125 0.884375 0.32890625 0.23125
0 0.53359375 0.96875 0.15078125 0.0625
0 0.9796875 0.22890625 0.03984375 0.2
0 0.84921875 0.24921875 0.23125 0.21328125
0 0.75859375 0.29296875 0.284375 0.29296875
0 0.4734375 0.41328125 0.30703125 0.35546875
0 0.921875 0.4203125 0.15546875 0.1375