0 0.4515625 0.3828125 0.184375 0.2
0 0.42890625 0.91796875 0.1453125 0.1609375
0 0.40234375 0.70234375 0.1703125 0.2234375
0 0.559375 0.6953125 0.178125 0.246875
0 0.59375 0.5 0.203125 0.284375
0 0.5015625 0.18515625 0.15 0.2203125
0 0.61484375 0.14375 0.1390625 0.209375
0 0.703125 0.13515625 0.075 0.1859375
0 0.77265625 0.15859375 0.1046875 0.1703125
0 0.81640625 0.31875 0.1046875 0.146875
0 0.7875 0.74296875 0.109375 0.1734375
0 0.6765625 0.47890625 0.10625 0.2359375
0 0.871875 0.38671875 0.0875 0.1296875