0 0.4140625 0.15078125 0.0890625 0.0578125
0 0.765625 0.90390625 0.06953125 0.0453125
0 0.359375 0.7375 0.06953125 0.046875
0 0.3609375 0.85078125 0.078125 0.0421875
0 0.4234375 0.72890625 0.046875 0.0390625
0 0.534375 0.61171875 0.04140625 0.0359375
0 0.30859375 0.41640625 0.09453125 0.0546875
0 0.3734375 0.4140625 0.05859375 0.053125
0 0.42890625 0.41328125 0.075 0.0421875
0 0.3234375 0.4875 0.0640625 0.0375
0 0.19140625 0.3515625 0.06640625 0.046875
0 0.14296875 0.28203125 0.09140625 0.0390625
0 0.2234375 0.27734375 0.04140625 0.0453125
0 0.54453125 0.26015625 0.06640625 0.0484375
0 0.4765625 0.296875 0.0859375 0.04375
0 0.7890625 0.315625 0.04453125 0.04375
0 0.7515625 0.8 0.0359375 0.034375
0 0.44609375 0.77265625 0.05859375 0.0265625