0 0.0359375 0.95625 0.0609375 0.053125
0 0.4390625 0.95078125 0.078125 0.0484375
0 0.5 0.9359375 0.05546875 0.04375
0 0.78203125 0.9765625 0.08046875 0.04375
0 0.61640625 0.79296875 0.09453125 0.0546875
0 0.69609375 0.68671875 0.06953125 0.0484375
0 0.88046875 0.64609375 0.078125 0.0484375
0 0.94140625 0.56171875 0.0609375 0.0359375
0 0.60703125 0.6609375 0.05859375 0.040625
0 0.46640625 0.56640625 0.121875 0.0265625
0 0.05546875 0.46953125 0.1109375 0.0578125
0 0.6734375 0.4046875 0.04140625 0.040625
0 0.7765625 0.415625 0.103125 0.05
0 0.3015625 0.19296875 0.0859375 0.0484375
0 0.39140625 0.30234375 0.071875 0.0515625
0 0.1234375 0.034375 0.153125 0.065625
0 0.71640625 0.2734375 0.06640625 0.046875
0 0.88046875 0.2578125 0.13359375 0.05625
0 0.4484375 0.76796875 0.103125 0.0703125