0 0.24453125 0.1671875 0.0625 0.0375
0 0.40234375 0.184375 0.065625 0.03125
0 0.44140625 0.21171875 0.03671875 0.0265625
0 0.38046875 0.21640625 0.05078125 0.0296875
0 0.44296875 0.25625 0.03984375 0.03125
0 0.409375 0.30078125 0.05078125 0.0359375
0 0.3109375 0.30390625 0.05390625 0.0265625
0 0.25390625 0.3 0.05390625 0.034375
0 0.28828125 0.35625 0.059375 0.0375
0 0.3578125 0.35859375 0.0453125 0.0265625
0 0.22890625 0.36640625 0.059375 0.0265625
0 0.315625 0.403125 0.0625 0.040625
0 0.4875 0.3703125 0.0484375 0.01875
0 0.1890625 0.4953125 0.0484375 0.028125
0 0.215625 0.51640625 0.05703125 0.0296875
0 0.23984375 0.540625 0.05390625 0.03125
0 0.390625 0.609375 0.05390625 0.034375
0 0.346875 0.6 0.0453125 0.021875
0 0.6078125 0.64140625 0.03984375 0.0265625
0 0.51015625 0.51796875 0.0484375 0.0140625
0 0.8578125 0.5015625 0.05703125 0.025
0 0.78515625 0.571875 0.05390625 0.021875
0 0.78984375 0.43828125 0.05703125 0.0265625
0 0.73984375 0.31875 0.02578125 0.021875
0 0.8140625 0.31015625 0.04296875 0.0296875
0 0.91484375 0.1953125 0.05703125 0.034375
0 0.83203125 0.53984375 0.03984375 0.0265625