0 0.07578125 0.084375 0.1515625 0.16875
0 0.075 0.21640625 0.134375 0.0796875
0 0.20546875 0.165625 0.0984375 0.075
0 0.38046875 0.1609375 0.2671875 0.19375
0 0.43046875 0.02890625 0.2421875 0.0578125
0 0.1015625 0.328125 0.196875 0.146875
0 0.10234375 0.42890625 0.2015625 0.0953125
0 0.1125 0.5890625 0.225 0.203125
0 0.12421875 0.91640625 0.2015625 0.1578125
0 0.57265625 0.93828125 0.1828125 0.1234375
0 0.55234375 0.6546875 0.1609375 0.109375
0 0.64453125 0.58359375 0.2046875 0.1640625
0 0.81640625 0.6546875 0.2015625 0.14375
0 0.453125 0.646875 0.071875 0.05625
0 0.31328125 0.53671875 0.1203125 0.0703125
0 0.38671875 0.478125 0.1234375 0.103125
0 0.4859375 0.503125 0.165625 0.115625
0 0.36171875 0.42734375 0.1078125 0.0515625
0 0.41796875 0.3375 0.2140625 0.140625
0 0.2984375 0.38984375 0.05625 0.0640625
0 0.5703125 0.32578125 0.121875 0.1109375
0 0.3125 0.321875 0.06875 0.078125
0 0.56953125 0.22890625 0.0640625 0.0609375
0 0.65546875 0.3625 0.0921875 0.075
0 0.640625 0.46171875 0.115625 0.0703125
0 0.6984375 0.30234375 0.09375 0.0796875
0 0.6640625 0.265625 0.09375 0.065625
0 0.63515625 0.1546875 0.0953125 0.078125
0 0.82421875 0.0890625 0.1390625 0.1
0 0.878125 0.1328125 0.084375 0.065625
0 0.95625 0.1421875 0.0875 0.0875
0 0.96484375 0.02734375 0.0703125 0.0546875
0 0.871875 0.27890625 0.25 0.1953125
0 0.765625 0.19921875 0.08125 0.0609375
0 0.8953125 0.37890625 0.08125 0.0578125
0 0.98125 0.43984375 0.0375 0.0609375