0 0.834375 0.86484375 0.075 0.0421875
0 0.74609375 0.77578125 0.05859375 0.0390625
0 0.83046875 0.74140625 0.0890625 0.0515625
0 0.88203125 0.73046875 0.053125 0.0484375
0 0.60859375 0.66171875 0.1 0.0546875
0 0.23203125 0.73828125 0.06953125 0.0421875
0 0.0859375 0.484375 0.08359375 0.053125
0 0.3765625 0.4859375 0.075 0.046875
0 0.7890625 0.39296875 0.1 0.0546875
0 0.859375 0.39375 0.05859375 0.053125
0 0.9265625 0.3953125 0.0859375 0.053125
0 0.1109375 0.359375 0.071875 0.04375
0 0.153125 0.328125 0.0890625 0.046875
0 0.18203125 0.39765625 0.06953125 0.0296875
0 0.64140625 0.334375 0.078125 0.05
0 0.6125 0.25625 0.0859375 0.046875
0 0.68203125 0.25234375 0.075 0.0484375
0 0.390625 0.184375 0.08046875 0.05
0 0.9375 0.271875 0.06953125 0.046875
0 0.921875 0.11953125 0.128125 0.0640625