0 0.75703125 0.21484375 0.3859375 0.4140625
0 0.9125 0.31640625 0.175 0.3484375
0 0.97265625 0.22265625 0.0546875 0.2671875
0 0.34453125 0.3828125 0.2203125 0.28125
0 0.09375 0.23046875 0.1875 0.2765625
0 0.1796875 0.215625 0.1125 0.215625
0 0.2765625 0.21015625 0.128125 0.1484375
0 0.39609375 0.1125 0.2015625 0.153125
0 0.49375 0.2390625 0.165625 0.2125
0 0.28359375 0.80703125 0.2015625 0.2421875
0 0.48203125 0.8171875 0.2203125 0.246875
0 0.93046875 0.84765625 0.1390625 0.2453125
0 0.78984375 0.82734375 0.1703125 0.2203125
0 0.434375 0.9390625 0.209375 0.121875
0 0.58984375 0.9078125 0.1109375 0.184375
0 0.72109375 0.8765625 0.1359375 0.178125
0 0.17734375 0.51015625 0.0671875 0.0890625
0 0.1046875 0.5203125 0.075 0.078125
0 0.7140625 0.7109375 0.13125 0.09375
0 0.8578125 0.65390625 0.13125 0.1296875
0 0.6015625 0.55859375 0.11875 0.1171875
0 0.37578125 0.515625 0.2296875 0.228125