0 0.903125 0.35390625 0.190625 0.1140625
0 0.590625 0.02265625 0.1875 0.0453125
0 0.365625 0.26484375 0.178125 0.1109375
0 0.72890625 0.24296875 0.1953125 0.1140625
0 0.31875 0.44921875 0.178125 0.1046875
0 0.56640625 0.49140625 0.1171875 0.0734375
0 0.37265625 0.57421875 0.1328125 0.0734375
0 0.153125 0.63984375 0.190625 0.1078125
0 0.58203125 0.6625 0.1015625 0.071875
0 0.5234375 0.71640625 0.090625 0.0578125
0 0.47265625 0.76328125 0.0734375 0.0453125
0 0.475 0.92109375 0.134375 0.0953125
0 0.203125 0.32265625 0.1375 0.0796875