0 0.23203125 0.7890625 0.07734375 0.1109375
0 0.35546875 0.878125 0.08515625 0.121875
0 0.33125 0.31796875 0.05390625 0.08046875
0 0.39296875 0.290625 0.08984375 0.1140625
0 0.35078125 0.1609375 0.08515625 0.1
0 0.29921875 0.2125 0.06015625 0.08359375
0 0.521875 0.1875 0.03515625 0.04140625
0 0.58046875 0.109375 0.04375 0.053125
0 0.64375 0.06796875 0.03359375 0.03359375
0 0.66796875 0.1359375 0.03515625 0.05546875
0 0.62890625 0.15 0.02890625 0.05
0 0.63203125 0.22109375 0.03984375 0.046875
0 0.63515625 0.26796875 0.03359375 0.046875
0 0.66953125 0.19609375 0.03984375 0.046875
0 0.759375 0.175 0.04765625 0.05
0 0.73125 0.39453125 0.04609375 0.05546875
0 0.71328125 0.525 0.06875 0.08359375
0 0.63359375 0.590625 0.04140625 0.05859375
0 0.89140625 0.94140625 0.06640625 0.071875
0 0.615625 0.884375 0.03515625 0.046875
0 0.81484375 0.65390625 0.02109375 0.0359375
0 0.22421875 0.521875 0.08515625 0.09453125
0 0.54375 0.328125 0.01640625 0.021875
0 0.521875 0.28359375 0.02734375 0.021875