0 0.18984375 0.14453125 0.075 0.1
0 0.15625 0.16796875 0.05859375 0.0859375
0 0.14296875 0.33203125 0.03984375 0.0546875
0 0.2203125 0.34140625 0.07109375 0.1109375
0 0.28515625 0.27890625 0.08359375 0.11953125
0 0.32265625 0.49140625 0.08359375 0.1109375
0 0.32734375 0.64609375 0.06640625 0.08359375
0 0.16015625 0.75 0.06484375 0.0859375
0 0.03984375 0.67109375 0.0375 0.053125
0 0.02265625 0.73046875 0.03515625 0.05
0 0.39921875 0.559375 0.08359375 0.09453125
0 0.42734375 0.6375 0.06640625 0.08046875
0 0.43671875 0.5109375 0.06875 0.09453125
0 0.50625 0.46640625 0.0875 0.1109375
0 0.5875 0.54140625 0.07890625 0.1109375
0 0.61796875 0.61953125 0.04375 0.05546875
0 0.65390625 0.50390625 0.06640625 0.103125
0 0.73671875 0.51640625 0.06484375 0.1
0 0.675 0.9625 0.06640625 0.06953125
0 0.86640625 0.953125 0.07109375 0.0890625
0 0.38046875 0.1484375 0.03984375 0.05859375
0 0.41015625 0.121875 0.05 0.0609375
0 0.4375 0.0390625 0.02109375 0.021875
0 0.5125 0.0265625 0.0375 0.046875
0 0.61484375 0.10703125 0.04140625 0.053125
0 0.57734375 0.14453125 0.02109375 0.021875
0 0.46171875 0.2125 0.03125 0.025
0 0.73984375 0.07890625 0.02890625 0.01953125
0 0.7625 0.05546875 0.025 0.0390625
0 0.796875 0.0125 0.02265625 0.025