0 0.73984375 0.6953125 0.07578125 0.05390625
0 0.72265625 0.73203125 0.0765625 0.03984375
0 0.621875 0.75390625 0.11640625 0.05625
0 0.92421875 0.721875 0.05546875 0.04453125
0 0.24453125 0.68203125 0.121875 0.06796875
0 0.04921875 0.8203125 0.09375 0.06796875
0 0.046875 0.35703125 0.07890625 0.046875
0 0.30078125 0.3703125 0.06484375 0.02890625
0 0.15859375 0.2453125 0.08671875 0.04921875
0 0.12890625 0.18671875 0.1015625 0.05625
0 0.0515625 0.184375 0.07890625 0.05234375
0 0.73359375 0.1171875 0.09296875 0.05859375