0 0.47421875 0.37109375 0.3234375 0.3640625
0 0.2890625 0.56484375 0.3 0.2734375
0 0.07265625 0.40859375 0.1453125 0.2203125
0 0.01953125 0.58125 0.0390625 0.146875
0 0.5609375 0.6296875 0.24375 0.26875
0 0.36328125 0.9046875 0.2296875 0.190625
0 0.5921875 0.759375 0.209375 0.1625
0 0.921875 0.9234375 0.15625 0.153125
0 0.76640625 0.634375 0.1234375 0.159375
0 0.8328125 0.55078125 0.1125 0.1390625
0 0.95078125 0.621875 0.0984375 0.15625
0 0.10625 0.91015625 0.13125 0.1390625
0 0.69765625 0.24921875 0.1140625 0.1421875