0 0.13828125 0.303125 0.1671875 0.184375
0 0.0390625 0.37421875 0.078125 0.1609375
0 0.09921875 0.48828125 0.1578125 0.1546875
0 0.190625 0.4109375 0.15 0.121875
0 0.21328125 0.5125 0.1234375 0.109375
0 0.328125 0.54375 0.115625 0.115625
0 0.378125 0.4453125 0.1375 0.146875
0 0.50859375 0.34765625 0.1515625 0.1609375
0 0.6875 0.28984375 0.1 0.0984375
0 0.6078125 0.41796875 0.1375 0.1609375
0 0.63671875 0.56953125 0.1015625 0.1171875
0 0.7203125 0.56328125 0.096875 0.1140625
0 0.60625 0.66953125 0.084375 0.0828125
0 0.6453125 0.75859375 0.0875 0.0828125
0 0.74765625 0.6171875 0.0921875 0.090625
0 0.81640625 0.71875 0.0671875 0.084375
0 0.8703125 0.68515625 0.0875 0.0953125
0 0.6796875 0.88359375 0.071875 0.0421875
0 0.65703125 0.8421875 0.0640625 0.0625
0 0.69765625 0.76796875 0.0640625 0.0796875
0 0.89375 0.21796875 0.078125 0.0921875
0 0.94609375 0.0234375 0.0984375 0.046875
0 0.9796875 0.3015625 0.040625 0.0875
0 0.9609375 0.46953125 0.071875 0.0703125
0 0.88046875 0.52109375 0.0703125 0.0671875
0 0.5078125 0.81875 0.059375 0.059375
0 0.5828125 0.76640625 0.05625 0.0734375