0 0.4640625 0.7078125 0.0890625 0.0578125
0 0.10546875 0.55 0.08671875 0.03828125
0 0.14375 0.47109375 0.075 0.053125
0 0.7015625 0.47421875 0.08359375 0.040625
0 0.94375 0.56015625 0.1109375 0.03984375
0 0.95234375 0.3953125 0.08203125 0.0515625
0 0.425 0.35703125 0.121875 0.07578125
0 0.58046875 0.23984375 0.115625 0.078125
0 0.23125 0.1578125 0.07421875 0.05546875
0 0.28203125 0.09765625 0.09140625 0.06640625
0 0.6828125 0.071875 0.0953125 0.06171875
0 0.8734375 0.08515625 0.10546875 0.04609375
0 0.825 0.02578125 0.0625 0.0515625