0 0.23125 0.27890625 0.125 0.2109375
0 0.11484375 0.38671875 0.1671875 0.2265625
0 0.6171875 0.1671875 0.140625 0.190625
0 0.715625 0.24921875 0.1 0.1828125
0 0.8734375 0.31640625 0.14375 0.2390625
0 0.88359375 0.45234375 0.1359375 0.0734375
0 0.6984375 0.51015625 0.140625 0.1859375
0 0.7265625 0.66796875 0.103125 0.1171875
0 0.57421875 0.5875 0.1296875 0.221875
0 0.4671875 0.49921875 0.10625 0.1515625
0 0.33828125 0.51328125 0.1171875 0.1765625
0 0.3609375 0.3703125 0.096875 0.1
0 0.4875 0.36640625 0.0875 0.0859375
0 0.09765625 0.61953125 0.1453125 0.2203125
0 0.11640625 0.809375 0.1296875 0.175
0 0.471875 0.7046875 0.15625 0.209375
0 0.28671875 0.625 0.1140625 0.08125
0 0.50390625 0.98359375 0.0953125 0.0328125