0 0.4875 0.2421875 0.08828125 0.04375
0 0.4828125 0.2703125 0.05703125 0.034375
0 0.34765625 0.44296875 0.07109375 0.0453125
0 0.42890625 0.4203125 0.0796875 0.0375
0 0.47421875 0.39296875 0.06796875 0.0421875
0 0.5171875 0.34296875 0.07421875 0.0359375
0 0.47265625 0.46875 0.0765625 0.0375
0 0.390625 0.4859375 0.08828125 0.034375
0 0.59765625 0.5171875 0.05390625 0.0375
0 0.58515625 0.5578125 0.07421875 0.04375
0 0.56953125 0.65078125 0.065625 0.0359375
0 0.54296875 0.6609375 0.0453125 0.040625
0 0.44453125 0.64921875 0.04296875 0.0265625
0 0.403125 0.63125 0.06796875 0.03125
0 0.3734375 0.65390625 0.0765625 0.0328125