0 0.81328125 0.2859375 0.0484375 0.065625
0 0.74453125 0.2421875 0.0484375 0.071875
0 0.65390625 0.26875 0.0671875 0.0875
0 0.5625 0.23125 0.121875 0.146875
0 0.453125 0.31953125 0.0875 0.1546875
0 0.378125 0.27265625 0.05625 0.0828125
0 0.38828125 0.3625 0.0484375 0.065625
0 0.35625 0.4796875 0.121875 0.14375
0 0.3578125 0.5703125 0.115625 0.0625
0 0.6296875 0.46484375 0.140625 0.1515625
0 0.62734375 0.553125 0.1171875 0.103125
0 0.69765625 0.66484375 0.1578125 0.1828125
0 0.64453125 0.8546875 0.0953125 0.1375
0 0.2484375 0.615625 0.059375 0.06875
0 0.19296875 0.4625 0.0734375 0.065625
