0 0.76796875 0.7890625 0.07734375 0.1109375
0 0.64453125 0.878125 0.08515625 0.121875
0 0.66875 0.31796875 0.05390625 0.08046875
0 0.60703125 0.290625 0.08984375 0.1140625
0 0.64921875 0.1609375 0.08515625 0.1
0 0.70078125 0.2125 0.06015625 0.08359375
0 0.478125 0.1875 0.03515625 0.04140625
0 0.41953125 0.109375 0.04375 0.053125
0 0.35625 0.06796875 0.03359375 0.03359375
0 0.33203125 0.1359375 0.03515625 0.05546875
0 0.37109375 0.15 0.02890625 0.05
0 0.36796875 0.22109375 0.03984375 0.046875
0 0.36484375 0.26796875 0.03359375 0.046875
0 0.33046875 0.19609375 0.03984375 0.046875
0 0.240625 0.175 0.04765625 0.05
0 0.26875 0.39453125 0.04609375 0.05546875
0 0.28671875 0.525 0.06875 0.08359375
0 0.36640625 0.590625 0.04140625 0.05859375
0 0.10859375 0.94140625 0.06640625 0.071875
0 0.384375 0.884375 0.03515625 0.046875
0 0.18515625 0.65390625 0.02109375 0.0359375
0 0.77578125 0.521875 0.08515625 0.09453125
0 0.45625 0.328125 0.01640625 0.021875
0 0.478125 0.28359375 0.02734375 0.021875
