0 0.81015625 0.14453125 0.075 0.1
0 0.84375 0.16796875 0.05859375 0.0859375
0 0.85703125 0.33203125 0.03984375 0.0546875
0 0.7796875 0.34140625 0.07109375 0.1109375
0 0.71484375 0.27890625 0.08359375 0.11953125
0 0.67734375 0.49140625 0.08359375 0.1109375
0 0.67265625 0.64609375 0.06640625 0.08359375
0 0.83984375 0.75 0.06484375 0.0859375
0 0.96015625 0.67109375 0.0375 0.053125
0 0.97734375 0.73046875 0.03515625 0.05
0 0.60078125 0.559375 0.08359375 0.09453125
0 0.57265625 0.6375 0.06640625 0.08046875
0 0.56328125 0.5109375 0.06875 0.09453125
0 0.49375 0.46640625 0.0875 0.1109375
0 0.4125 0.54140625 0.07890625 0.1109375
0 0.38203125 0.61953125 0.04375 0.05546875
0 0.34609375 0.50390625 0.06640625 0.103125
0 0.26328125 0.51640625 0.06484375 0.1
0 0.325 0.9625 0.06640625 0.06953125
0 0.13359375 0.953125 0.07109375 0.0890625
0 0.61953125 0.1484375 0.03984375 0.05859375
0 0.58984375 0.121875 0.05 0.0609375
0 0.5625 0.0390625 0.02109375 0.021875
0 0.4875 0.0265625 0.0375 0.046875
0 0.38515625 0.10703125 0.04140625 0.053125
0 0.42265625 0.14453125 0.02109375 0.021875
0 0.53828125 0.2125 0.03125 0.025
0 0.26015625 0.07890625 0.02890625 0.01953125
0 0.2375 0.05546875 0.025 0.0390625
0 0.203125 0.0125 0.02265625 0.025
