0 0.61875 0.12421875 0.109375 0.1671875
0 0.81171875 0.13125 0.0734375 0.103125
0 0.89140625 0.1890625 0.0765625 0.09375
0 0.8890625 0.11875 0.075 0.0875
0 0.49140625 0.0296875 0.0828125 0.059375
0 0.340625 0.03359375 0.103125 0.0671875
0 0.184375 0.2203125 0.078125 0.103125
0 0.0734375 0.21953125 0.06875 0.0921875
0 0.22890625 0.44140625 0.1265625 0.2328125
0 0.3328125 0.434375 0.121875 0.221875
0 0.44921875 0.5375 0.1421875 0.2125
0 0.1390625 0.60859375 0.1625 0.2609375
0 0.02734375 0.68515625 0.0546875 0.1359375
0 0.415625 0.9234375 0.075 0.1375
0 0.5359375 0.921875 0.08125 0.121875
0 0.87109375 0.8015625 0.1234375 0.209375
0 0.96484375 0.85703125 0.0703125 0.1609375
0 0.57890625 0.534375 0.0796875 0.128125
0 0.56171875 0.3984375 0.0765625 0.121875
