0 0.40078125 0.1671875 0.3171875 0.31875
0 0.7125 0.328125 0.31875 0.296875
0 0.44453125 0.47109375 0.2984375 0.2859375
0 0.28828125 0.3421875 0.1609375 0.21875
0 0.2421875 0.58046875 0.2875 0.2703125
0 0.16015625 0.8296875 0.3203125 0.328125
0 0.56953125 0.96328125 0.1546875 0.0734375
0 0.45546875 0.7359375 0.2734375 0.303125
0 0.61875 0.728125 0.171875 0.2875
0 0.7734375 0.6125 0.26875 0.278125
0 0.8171875 0.80390625 0.275 0.2328125
0 0.9421875 0.590625 0.115625 0.21875
0 0.96484375 0.43984375 0.0703125 0.1046875
0 0.984375 0.8078125 0.03125 0.178125
0 0.04921875 0.4734375 0.0703125 0.090625
0 0.0125 0.528125 0.025 0.084375
0 0.01875 0.6953125 0.0375 0.071875
0 0.18515625 0.125 0.1078125 0.115625
0 0.20390625 0.02890625 0.1734375 0.0578125
0 0.06640625 0.11875 0.0953125 0.090625
0 0.04140625 0.0359375 0.0828125 0.071875
