0 0.85 0.07578125 0.253125 0.1515625
0 0.8546875 0.209375 0.225 0.153125
0 0.7234375 0.2328125 0.15625 0.153125
0 0.65078125 0.321875 0.2109375 0.175
0 0.159375 0.2546875 0.19375 0.15
0 0.47265625 0.2953125 0.1421875 0.090625
0 0.41328125 0.37734375 0.1109375 0.0890625
0 0.6359375 0.50390625 0.2125 0.1671875
0 0.15625 0.71953125 0.115625 0.1046875
0 0.59765625 0.71015625 0.2421875 0.2078125
0 0.38203125 0.85859375 0.2515625 0.1984375
0 0.5859375 0.92421875 0.221875 0.1515625
0 0.28359375 0.96015625 0.1640625 0.0796875
0 0.2265625 0.8296875 0.11875 0.10625
0 0.9671875 0.49609375 0.065625 0.1046875
0 0.971875 0.85078125 0.05625 0.0890625
0 0.78125 0.4171875 0.075 0.05
0 0.21640625 0.0953125 0.1265625 0.10625
0 0.33828125 0.5140625 0.0984375 0.096875
0 0.87578125 0.52421875 0.0734375 0.0640625
0 0.8203125 0.5953125 0.096875 0.075
