0 0.86640625 0.3234375 0.1015625 0.175
0 0.7609375 0.3109375 0.09375 0.153125
0 0.6328125 0.37421875 0.103125 0.1421875
0 0.57421875 0.3109375 0.0921875 0.15625
0 0.96328125 0.42265625 0.0734375 0.1484375
0 0.81328125 0.48828125 0.1046875 0.1359375
0 0.6859375 0.48828125 0.103125 0.1109375
0 0.67890625 0.67578125 0.1078125 0.1546875
0 0.78203125 0.93984375 0.0578125 0.0671875
0 0.73046875 0.9234375 0.0484375 0.075
0 0.50390625 0.6734375 0.0921875 0.1375
0 0.4671875 0.82734375 0.090625 0.1453125
0 0.47890625 0.95 0.0578125 0.096875
0 0.3125 0.8609375 0.059375 0.115625
0 0.12578125 0.86875 0.1265625 0.18125
0 0.20078125 0.7640625 0.0859375 0.125
0 0.2640625 0.66875 0.090625 0.15
0 0.45078125 0.5890625 0.0734375 0.103125
0 0.27421875 0.27421875 0.0953125 0.1671875
0 0.0671875 0.32890625 0.0875 0.1296875
0 0.0625 0.3953125 0.084375 0.059375
0 0.1578125 0.2046875 0.109375 0.09375
0 0.246875 0.146875 0.075 0.109375
0 0.40625 0.365625 0.071875 0.109375
