0 0.378125 0.72890625 0.26875 0.2546875
0 0.56484375 0.22109375 0.3734375 0.3890625
0 0.7609375 0.54765625 0.30625 0.2859375
0 0.5953125 0.81328125 0.221875 0.2203125
0 0.19375 0.1171875 0.053125 0.065625
0 0.26328125 0.30546875 0.0546875 0.0609375
0 0.15078125 0.38828125 0.0515625 0.0546875
0 0.125 0.3265625 0.053125 0.05
0 0.17890625 0.4703125 0.0515625 0.05625
0 0.0265625 0.57421875 0.053125 0.0453125
0 0.2875 0.0875 0.053125 0.05
0 0.93046875 0.80078125 0.0609375 0.0515625
0 0.83125 0.7953125 0.065625 0.05
