0 0.9609375 0.8375 0.06875 0.0484375
0 0.88046875 0.90859375 0.07109375 0.04609375
0 0.81953125 0.928125 0.075 0.05078125
0 0.096875 0.9171875 0.08359375 0.05703125
0 0.1125 0.946875 0.0734375 0.034375
0 0.059375 0.9390625 0.06640625 0.03984375
0 0.4265625 0.65625 0.07109375 0.04296875
0 0.19921875 0.565625 0.09140625 0.05
0 0.56640625 0.5328125 0.0890625 0.04765625
0 0.73984375 0.434375 0.06328125 0.04375
0 0.34375 0.41953125 0.08359375 0.03828125
0 0.2640625 0.41328125 0.08046875 0.03125
0 0.78046875 0.0140625 0.121875 0.028125
0 0.315625 0.13203125 0.07421875 0.05390625
0 0.2375 0.14140625 0.07109375 0.04296875
0 0.7 0.5765625 0.0296875 0.02265625
