0 0.9640625 0.95625 0.0609375 0.053125
0 0.5609375 0.95078125 0.078125 0.0484375
0 0.5 0.9359375 0.05546875 0.04375
0 0.21796875 0.9765625 0.08046875 0.04375
0 0.38359375 0.79296875 0.09453125 0.0546875
0 0.30390625 0.68671875 0.06953125 0.0484375
0 0.11953125 0.64609375 0.078125 0.0484375
0 0.05859375 0.56171875 0.0609375 0.0359375
0 0.39296875 0.6609375 0.05859375 0.040625
0 0.53359375 0.56640625 0.121875 0.0265625
0 0.94453125 0.46953125 0.1109375 0.0578125
0 0.3265625 0.4046875 0.04140625 0.040625
0 0.2234375 0.415625 0.103125 0.05
0 0.6984375 0.19296875 0.0859375 0.0484375
0 0.60859375 0.30234375 0.071875 0.0515625
0 0.8765625 0.034375 0.153125 0.065625
0 0.28359375 0.2734375 0.06640625 0.046875
0 0.11953125 0.2578125 0.13359375 0.05625
0 0.5515625 0.76796875 0.103125 0.0703125
