0 0.96953125 0.11640625 0.05234375 0.0609375
0 0.93359375 0.071875 0.05390625 0.05546875
0 0.81875 0.10546875 0.07109375 0.14453125
0 0.76640625 0.28046875 0.09140625 0.128125
0 0.66640625 0.259375 0.1 0.1359375
0 0.83203125 0.396875 0.07734375 0.11640625
0 0.90234375 0.4359375 0.06640625 0.11640625
0 0.69453125 0.51796875 0.09375 0.125
0 0.653125 0.415625 0.08125 0.1140625
0 0.9375 0.64140625 0.06640625 0.09453125
0 0.42890625 0.45 0.04140625 0.05546875
0 0.47890625 0.615625 0.0375 0.053125
0 0.51484375 0.60703125 0.0375 0.04140625
0 0.53515625 0.246875 0.02109375 0.03359375
0 0.29765625 0.1765625 0.05 0.053125
0 0.17109375 0.62109375 0.07890625 0.11953125
0 0.04140625 0.478125 0.06640625 0.1
0 0.284375 0.7140625 0.08984375 0.121875
0 0.33984375 0.73203125 0.0625 0.10859375
0 0.2875 0.84453125 0.07890625 0.1109375
0 0.215625 0.8484375 0.04375 0.053125
0 0.1375 0.7765625 0.075 0.1140625
0 0.053125 0.7859375 0.07734375 0.1390625
0 0.090625 0.859375 0.07265625 0.075
0 0.02421875 0.921875 0.03984375 0.1
0 0.01484375 0.2765625 0.025 0.0640625
0 0.47109375 0.040625 0.0796875 0.08125
0 0.0734375 0.03984375 0.103125 0.0796875
0 0.41796875 0.02421875 0.07421875 0.04765625
0 0.82421875 0.6765625 0.06953125 0.08828125
