0 0.9453125 0.18046875 0.109375 0.1453125
0 0.809375 0.03203125 0.1 0.0640625
0 0.93984375 0.03359375 0.1203125 0.0671875
0 0.63046875 0.19609375 0.1484375 0.1546875
0 0.7796875 0.2546875 0.178125 0.128125
0 0.240625 0.04375 0.23125 0.0875
0 0.32265625 0.1875 0.1609375 0.15625
0 0.4859375 0.40390625 0.175 0.1546875
0 0.884375 0.56015625 0.228125 0.2484375
0 0.915625 0.4390625 0.15625 0.075
0 0.6609375 0.36328125 0.15 0.1640625
0 0.7796875 0.4046875 0.103125 0.13125
0 0.2640625 0.3203125 0.165625 0.15
0 0.46875 0.2984375 0.14375 0.1125
0 0.3640625 0.51015625 0.15625 0.1578125
0 0.49453125 0.6828125 0.2078125 0.221875
0 0.715625 0.86015625 0.165625 0.1765625
0 0.62109375 0.95859375 0.1734375 0.0828125
0 0.32734375 0.7421875 0.1609375 0.171875
0 0.55078125 0.8125 0.1546875 0.1375
0 0.37578125 0.86484375 0.1671875 0.1234375
0 0.33203125 0.96640625 0.1265625 0.0671875
0 0.146875 0.73203125 0.171875 0.1828125
0 0.15546875 0.84765625 0.1671875 0.1078125
0 0.0328125 0.703125 0.065625 0.1375
0 0.053125 0.48671875 0.10625 0.2234375
0 0.05859375 0.32265625 0.1171875 0.1546875
