0 0.3546875 0.1375 0.390625 0.275
0 0.896875 0.0765625 0.20625 0.153125
0 0.87109375 0.25 0.1828125 0.171875
0 0.7109375 0.3984375 0.278125 0.265625
0 0.428125 0.40390625 0.375 0.3203125
0 0.2109375 0.31171875 0.19375 0.2578125
0 0.2171875 0.57265625 0.328125 0.2765625
0 0.53828125 0.6828125 0.3734375 0.315625
0 0.93671875 0.734375 0.1265625 0.225
0 0.80625 0.8109375 0.196875 0.171875
0 0.91640625 0.925 0.1671875 0.15
0 0.75078125 0.93671875 0.1828125 0.1265625
0 0.4734375 0.9 0.309375 0.2
0 0.25390625 0.85390625 0.2046875 0.2203125
