0 0.315625 0.3359375 0.046875 0.071875
0 0.01796875 0.37890625 0.0359375 0.06953125
0 0.20859375 0.46953125 0.0421875 0.06640625
0 0.5140625 0.52109375 0.040625 0.06953125
0 0.3359375 0.62890625 0.04375 0.06953125
0 0.39921875 0.64140625 0.0453125 0.05859375
0 0.46640625 0.75 0.0453125 0.0609375
0 0.159375 0.7625 0.05 0.09140625
0 0.7875 0.078125 0.040625 0.0609375
0 0.12421875 0.95703125 0.0484375 0.08046875
0 0.44453125 0.134375 0.0296875 0.075
0 0.59296875 0.1640625 0.0421875 0.06640625
0 0.49375 0.18203125 0.046875 0.0640625
0 0.1546875 0.24609375 0.046875 0.08046875
0 0.71171875 0.025 0.0515625 0.05
