0 0.55 0.27109375 0.259375 0.3609375
0 0.35 0.28671875 0.19375 0.2828125
0 0.75546875 0.69453125 0.2296875 0.3078125
0 0.471875 0.759375 0.196875 0.265625
0 0.35234375 0.76484375 0.1265625 0.2046875
0 0.5640625 0.74375 0.1375 0.23125
0 0.403125 0.45625 0.153125 0.153125
0 0.25390625 0.56953125 0.1109375 0.2015625
0 0.8375 0.328125 0.071875 0.08125
0 0.8125 0.30234375 0.059375 0.0921875
0 0.80390625 0.42109375 0.0484375 0.0515625
0 0.634375 0.44609375 0.171875 0.2203125
0 0.93125 0.96484375 0.090625 0.0703125
0 0.746875 0.890625 0.040625 0.046875
0 0.73203125 0.97578125 0.0359375 0.0484375
0 0.69140625 0.9765625 0.0390625 0.046875
