0 0.5859375 0.15078125 0.0890625 0.0578125
0 0.234375 0.90390625 0.06953125 0.0453125
0 0.640625 0.7375 0.06953125 0.046875
0 0.6390625 0.85078125 0.078125 0.0421875
0 0.5765625 0.72890625 0.046875 0.0390625
0 0.465625 0.61171875 0.04140625 0.0359375
0 0.69140625 0.41640625 0.09453125 0.0546875
0 0.6265625 0.4140625 0.05859375 0.053125
0 0.57109375 0.41328125 0.075 0.0421875
0 0.6765625 0.4875 0.0640625 0.0375
0 0.80859375 0.3515625 0.06640625 0.046875
0 0.85703125 0.28203125 0.09140625 0.0390625
0 0.7765625 0.27734375 0.04140625 0.0453125
0 0.45546875 0.26015625 0.06640625 0.0484375
0 0.5234375 0.296875 0.0859375 0.04375
0 0.2109375 0.315625 0.04453125 0.04375
0 0.2484375 0.8 0.0359375 0.034375
0 0.55390625 0.77265625 0.05859375 0.0265625
