0 0.68515625 0.60625 0.12734375 0.2203125
0 0.56796875 0.55625 0.0515625 0.084375
0 0.41484375 0.159375 0.0625 0.09765625
0 0.41953125 0.57890625 0.0390625 0.065625
0 0.80625 0.6953125 0.16015625 0.26171875
0 0.8015625 0.3859375 0.12890625 0.21171875
0 0.44140625 0.265625 0.06015625 0.1
0 0.66796875 0.140625 0.1484375 0.2203125
0 0.58203125 0.4484375 0.05 0.115625
0 0.68203125 0.459375 0.08828125 0.103125
0 0.9390625 0.4390625 0.06796875 0.109375
0 0.95703125 0.534375 0.053125 0.09375
0 0.959375 0.1765625 0.06328125 0.1078125
