0 0.66796875 0.9609375 0.0484375 0.03828125
0 0.62578125 0.97890625 0.0453125 0.03828125
0 0.6953125 0.91015625 0.0609375 0.0375
0 0.634375 0.79609375 0.08515625 0.0546875
0 0.40625 0.9171875 0.08828125 0.05546875
0 0.3546875 0.8453125 0.05546875 0.0484375
0 0.1 0.815625 0.06328125 0.03828125
0 0.58359375 0.7171875 0.059375 0.040625
0 0.6890625 0.6703125 0.0515625 0.046875
0 0.55546875 0.66875 0.05859375 0.0328125
0 0.27265625 0.67109375 0.05078125 0.04140625
0 0.0828125 0.6359375 0.06796875 0.03828125
0 0.36328125 0.6203125 0.090625 0.05625
0 0.51171875 0.5890625 0.075 0.02734375
0 0.83671875 0.51015625 0.1015625 0.05390625
0 0.6984375 0.540625 0.06953125 0.05859375
0 0.36328125 0.478125 0.08046875 0.06328125
0 0.4359375 0.2984375 0.05 0.04296875
0 0.51640625 0.23671875 0.08125 0.053125
0 0.14765625 0.16953125 0.09921875 0.05390625
