0 0.61484375 0.23828125 0.065625 0.0390625
0 0.609375 0.35078125 0.059375 0.0296875
0 0.80703125 0.28671875 0.05078125 0.0296875
0 0.80859375 0.39375 0.0484375 0.028125
0 0.70625 0.56640625 0.03125 0.0140625
0 0.7640625 0.62578125 0.0625 0.0234375
0 0.50859375 0.359375 0.05078125 0.034375
0 0.51171875 0.26875 0.034375 0.028125
0 0.59765625 0.28984375 0.065625 0.0515625
0 0.22734375 0.38515625 0.06796875 0.0265625
0 0.13359375 0.3546875 0.05078125 0.03125
0 0.11953125 0.33046875 0.0625 0.0265625
0 0.15234375 0.31328125 0.05390625 0.0296875
0 0.07421875 0.3984375 0.07421875 0.04375
0 0.05234375 0.43359375 0.07109375 0.0265625
0 0.078125 0.47265625 0.065625 0.0390625
0 0.33359375 0.58125 0.059375 0.021875
0 0.08984375 0.5125 0.059375 0.03125
0 0.21875 0.4875 0.03984375 0.021875
0 0.0328125 0.50234375 0.059375 0.0296875
