0 0.965625 0.921875 0.06875 0.15
0 0.74609375 0.74765625 0.0859375 0.1421875
0 0.58046875 0.80234375 0.1203125 0.1671875
0 0.225 0.88828125 0.090625 0.1578125
0 0.10234375 0.91796875 0.1078125 0.1390625
0 0.12265625 0.7859375 0.0859375 0.1375
0 0.034375 0.73359375 0.06875 0.1078125
0 0.084375 0.66328125 0.071875 0.0921875
0 0.01484375 0.521875 0.0296875 0.10625
0 0.2171875 0.55859375 0.115625 0.1578125
0 0.21171875 0.41953125 0.1046875 0.1296875
0 0.11640625 0.47578125 0.0828125 0.1265625
0 0.0484375 0.35 0.096875 0.125
0 0.26875 0.2125 0.103125 0.146875
0 0.2515625 0.140625 0.1 0.103125
0 0.16328125 0.1375 0.1046875 0.140625
0 0.08671875 0.09140625 0.1078125 0.1359375
0 0.20546875 0.0359375 0.1109375 0.071875
0 0.32265625 0.01875 0.1078125 0.0375
0 0.3671875 0.23046875 0.075 0.1421875
0 0.33671875 0.309375 0.0953125 0.13125
0 0.3578125 0.4890625 0.096875 0.1375
0 0.52265625 0.5703125 0.1078125 0.171875
0 0.6671875 0.53203125 0.096875 0.1421875
0 0.571875 0.5171875 0.1 0.153125
0 0.68984375 0.403125 0.1078125 0.159375
0 0.60859375 0.3046875 0.0859375 0.15
0 0.80859375 0.4625 0.1234375 0.146875
0 0.921875 0.39296875 0.1 0.1421875
0 0.975 0.471875 0.05 0.11875
0 0.95546875 0.2265625 0.0890625 0.159375
0 0.86328125 0.05703125 0.1421875 0.1140625
0 0.796875 0.18515625 0.096875 0.1359375
0 0.66484375 0.12578125 0.0796875 0.1078125
0 0.63359375 0.06328125 0.1015625 0.1265625
0 0.521875 0.12265625 0.075 0.1015625
0 0.47421875 0.2015625 0.1015625 0.1375
