0 0.86171875 0.303125 0.1671875 0.184375
0 0.9609375 0.37421875 0.078125 0.1609375
0 0.90078125 0.48828125 0.1578125 0.1546875
0 0.809375 0.4109375 0.15 0.121875
0 0.78671875 0.5125 0.1234375 0.109375
0 0.671875 0.54375 0.115625 0.115625
0 0.621875 0.4453125 0.1375 0.146875
0 0.49140625 0.34765625 0.1515625 0.1609375
0 0.3125 0.28984375 0.1 0.0984375
0 0.3921875 0.41796875 0.1375 0.1609375
0 0.36328125 0.56953125 0.1015625 0.1171875
0 0.2796875 0.56328125 0.096875 0.1140625
0 0.39375 0.66953125 0.084375 0.0828125
0 0.3546875 0.75859375 0.0875 0.0828125
0 0.25234375 0.6171875 0.0921875 0.090625
0 0.18359375 0.71875 0.0671875 0.084375
0 0.1296875 0.68515625 0.0875 0.0953125
0 0.3203125 0.88359375 0.071875 0.0421875
0 0.34296875 0.8421875 0.0640625 0.0625
0 0.30234375 0.76796875 0.0640625 0.0796875
0 0.10625 0.21796875 0.078125 0.0921875
0 0.05390625 0.0234375 0.0984375 0.046875
0 0.0203125 0.3015625 0.040625 0.0875
0 0.0390625 0.46953125 0.071875 0.0703125
0 0.11953125 0.52109375 0.0703125 0.0671875
0 0.4921875 0.81875 0.059375 0.059375
0 0.4171875 0.76640625 0.05625 0.0734375
