0 0.125 0.94453125 0.08359375 0.0515625
0 0.0484375 0.9046875 0.075 0.05
0 0.0234375 0.86875 0.04140625 0.0375
0 0.1234375 0.87421875 0.0640625 0.0515625
0 0.33203125 0.7109375 0.075 0.04375
0 0.2 0.7171875 0.06640625 0.040625
0 0.409375 0.75234375 0.09140625 0.0453125
0 0.659375 0.8203125 0.0640625 0.05
0 0.634375 0.915625 0.075 0.0375
0 0.965625 0.61875 0.06875 0.053125
0 0.81796875 0.5953125 0.103125 0.059375
0 0.753125 0.54609375 0.09453125 0.0703125
0 0.521875 0.53203125 0.0890625 0.0484375
0 0.040625 0.35234375 0.075 0.0640625
0 0.24453125 0.27734375 0.1 0.0671875
0 0.35 0.2625 0.06640625 0.05
0 0.0265625 0.20703125 0.046875 0.0515625
