0 0.8140625 0.196875 0.08359375 0.06875
0 0.58828125 0.253125 0.1109375 0.08515625
0 0.74609375 0.30546875 0.103125 0.06875
0 0.49453125 0.10078125 0.071875 0.04375
0 0.35859375 0.178125 0.08359375 0.08515625
0 0.296875 0.25703125 0.09453125 0.06875
0 0.125 0.05859375 0.10546875 0.1
0 0.0484375 0.190625 0.09140625 0.07265625
0 0.64296875 0.434375 0.103125 0.08515625
0 0.65 0.52265625 0.1 0.09140625
0 0.584375 0.59375 0.096875 0.08359375
0 0.6765625 0.6078125 0.0859375 0.075
0 0.259375 0.52578125 0.1359375 0.09765625
0 0.27265625 0.665625 0.11953125 0.07265625
0 0.3625 0.859375 0.075 0.05625
0 0.66484375 0.97578125 0.08046875 0.04765625
