0 0.83828125 0.56328125 0.1171875 0.1234375
0 0.790625 0.7765625 0.1375 0.14375
0 0.94140625 0.9703125 0.1046875 0.059375
0 0.9328125 0.89375 0.1 0.08125
0 0.6 0.75234375 0.1125 0.0953125
0 0.50546875 0.6953125 0.0890625 0.075
0 0.43984375 0.6640625 0.0796875 0.08125
0 0.32578125 0.6875 0.0859375 0.065625
0 0.3515625 0.6359375 0.08125 0.059375
0 0.078125 0.7421875 0.071875 0.0625
0 0.12109375 0.68671875 0.0703125 0.0640625
0 0.2859375 0.58046875 0.08125 0.0796875
0 0.19921875 0.58671875 0.0640625 0.0515625
0 0.571875 0.5171875 0.065625 0.059375
0 0.55 0.3890625 0.065625 0.05
0 0.54921875 0.1875 0.0578125 0.05625
0 0.625 0.16328125 0.04375 0.0453125
0 0.4453125 0.08203125 0.0625 0.0484375
0 0.35 0.02890625 0.059375 0.0453125
0 0.35 0.32265625 0.040625 0.0390625
0 0.48125 0.18828125 0.04375 0.0546875
0 0.71640625 0.71484375 0.0828125 0.0796875
