0 0.696875 0.9375 0.0609375 0.040625
0 0.6375 0.9296875 0.05859375 0.03125
0 0.58359375 0.78671875 0.08359375 0.0484375
0 0.34609375 0.97265625 0.0640625 0.0359375
0 0.034375 0.853125 0.0640625 0.065625
0 0.49453125 0.67734375 0.06640625 0.0578125
0 0.31953125 0.6390625 0.078125 0.05
0 0.26796875 0.59921875 0.06953125 0.0328125
0 0.21953125 0.55234375 0.05546875 0.0359375
0 0.440625 0.40546875 0.09140625 0.0546875
0 0.79140625 0.290625 0.071875 0.053125
0 0.921875 0.1734375 0.04453125 0.04375
0 0.33359375 0.23046875 0.09453125 0.0421875
