0 0.23671875 0.90625 0.08046875 0.04296875
0 0.440625 0.7796875 0.06640625 0.03359375
0 0.54140625 0.91953125 0.06015625 0.03203125
0 0.91015625 0.96796875 0.06875 0.046875
0 0.765625 0.8796875 0.06875 0.05703125
0 0.81171875 0.834375 0.075 0.05390625
0 0.946875 0.85546875 0.07421875 0.046875
0 0.971875 0.80625 0.05625 0.03046875
0 0.1734375 0.4625 0.065625 0.04453125
0 0.2171875 0.44765625 0.03984375 0.025
0 0.603125 0.41484375 0.096875 0.04765625
0 0.56953125 0.31640625 0.07890625 0.0453125
0 0.478125 0.2828125 0.09296875 0.06328125
0 0.384375 0.29140625 0.09296875 0.05234375
0 0.1109375 0.2953125 0.09140625 0.0515625
0 0.06875 0.23203125 0.0796875 0.046875
0 0.11328125 0.2109375 0.065625 0.0484375
0 0.07265625 0.13671875 0.103125 0.05625
0 0.696875 0.24765625 0.04609375 0.04765625
0 0.7640625 0.1421875 0.08984375 0.05703125
0 0.8375 0.0859375 0.103125 0.06171875
0 0.2140625 0.771875 0.07421875 0.04296875
0 0.36328125 0.71640625 0.0734375 0.03203125
0 0.14375 0.62421875 0.05625 0.03515625
