0 0.12578125 0.34765625 0.2296875 0.3453125
0 0.8796875 0.1984375 0.228125 0.340625
0 0.46015625 0.8578125 0.2609375 0.28125
0 0.4140625 0.25625 0.215625 0.309375
0 0.85 0.46328125 0.18125 0.2890625
0 0.27421875 0.54609375 0.1890625 0.3734375
0 0.434375 0.5921875 0.28125 0.396875
0 0.5953125 0.31640625 0.284375 0.3890625
0 0.75859375 0.59921875 0.2890625 0.3953125
0 0.71171875 0.2453125 0.1984375 0.325
0 0.62265625 0.08828125 0.2078125 0.1203125
0 0.7265625 0.8359375 0.234375 0.278125
0 0.32421875 0.15546875 0.2140625 0.3109375
