0 0.36484375 0.8390625 0.08359375 0.05
0 0.43203125 0.759375 0.06484375 0.04140625
0 0.375 0.7234375 0.07890625 0.05078125
0 0.3171875 0.70625 0.06171875 0.05
0 0.3 0.75234375 0.0515625 0.0296875
0 0.9296875 0.734375 0.08125 0.04921875
0 0.5859375 0.6515625 0.1 0.05703125
0 0.24921875 0.5765625 0.1109375 0.05546875
0 0.85234375 0.48828125 0.103125 0.04921875
0 0.771875 0.48046875 0.08359375 0.04296875
0 0.42734375 0.4625 0.0859375 0.04609375
0 0.4453125 0.3875 0.09453125 0.06015625
0 0.3765625 0.3828125 0.05703125 0.06171875
0 0.31953125 0.3828125 0.08671875 0.0609375
0 0.58046875 0.328125 0.0796875 0.046875
0 0.6890625 0.27734375 0.06171875 0.05390625
0 0.62890625 0.25546875 0.08828125 0.04765625
0 0.55078125 0.24765625 0.08125 0.04921875
0 0.85078125 0.184375 0.0796875 0.05390625
0 0.68125 0.10078125 0.06953125 0.0453125
0 0.34609375 0.10703125 0.115625 0.07265625
0 0.296875 0.2578125 0.0859375 0.04609375
0 0.2296875 0.22421875 0.07578125 0.05
0 0.10703125 0.28828125 0.05390625 0.04140625
