0 0.39296875 0.16484375 0.1328125 0.1984375
0 0.12109375 0.3328125 0.1796875 0.2375
0 0.30703125 0.5140625 0.1328125 0.20625
0 0.1171875 0.45703125 0.11875 0.0796875
0 0.28359375 0.24140625 0.1140625 0.1796875
0 0.275 0.6671875 0.090625 0.13125
0 0.4265625 0.596875 0.140625 0.228125
0 0.5328125 0.70703125 0.140625 0.2234375
0 0.53203125 0.515625 0.1109375 0.15625
0 0.7671875 0.28359375 0.1375 0.1953125
0 0.88046875 0.38671875 0.1484375 0.2203125
0 0.90390625 0.61640625 0.1546875 0.2265625
0 0.87734375 0.7984375 0.1328125 0.184375
0 0.66328125 0.5234375 0.1171875 0.184375
0 0.71015625 0.46171875 0.1015625 0.0796875
0 0.71953125 0.62265625 0.1046875 0.0828125
0 0.63671875 0.37265625 0.0921875 0.1078125
0 0.51640625 0.36875 0.0765625 0.096875
0 0.23671875 0.9015625 0.0953125 0.1125
