0 0.70078125 0.1171875 0.1171875 0.15625
0 0.590625 0.1734375 0.134375 0.165625
0 0.40546875 0.11015625 0.0765625 0.0859375
0 0.0765625 0.1171875 0.078125 0.159375
0 0.38203125 0.42578125 0.2078125 0.2328125
0 0.1796875 0.5734375 0.1875 0.184375
0 0.28203125 0.65859375 0.1734375 0.1640625
0 0.26796875 0.7609375 0.1484375 0.10625
0 0.44453125 0.90546875 0.1578125 0.1140625
0 0.58984375 0.84609375 0.0796875 0.0796875
0 0.9 0.68828125 0.1125 0.0984375
0 0.70078125 0.57109375 0.1234375 0.1234375
0 0.58828125 0.46484375 0.1390625 0.1703125
0 0.69375 0.3953125 0.090625 0.10625
0 0.79453125 0.4375 0.1203125 0.084375
