0 0.7015625 0.2125 0.15703125 0.1390625
0 0.55 0.1671875 0.1609375 0.13515625
0 0.3203125 0.28125 0.1609375 0.13359375
0 0.4921875 0.30625 0.15078125 0.140625
0 0.64140625 0.34609375 0.16640625 0.13203125
0 0.91328125 0.2984375 0.14765625 0.13515625
0 0.65546875 0.4734375 0.1453125 0.12265625
0 0.73984375 0.4109375 0.1109375 0.10703125
0 0.49609375 0.5234375 0.17421875 0.1484375
0 0.3046875 0.4984375 0.15390625 0.14140625
0 0.3015625 0.6453125 0.1796875 0.153125
0 0.46640625 0.69375 0.15390625 0.12890625
0 0.3203125 0.74296875 0.134375 0.0578125
0 0.51484375 0.42109375 0.11953125 0.05859375
