0 0.85 0.50234375 0.09140625 0.15078125
0 0.9796875 0.78515625 0.040625 0.1171875
0 0.58046875 0.6640625 0.084375 0.15625
0 0.64296875 0.61171875 0.06796875 0.15625
0 0.50859375 0.56796875 0.071875 0.09921875
0 0.23828125 0.0546875 0.0734375 0.109375
0 0.03203125 0.1 0.0640625 0.12734375
0 0.19921875 0.7125 0.08125 0.13828125
0 0.29921875 0.47421875 0.0578125 0.09375
0 0.63828125 0.96484375 0.08125 0.0703125
0 0.12109375 0.87109375 0.10625 0.18984375
0 0.02734375 0.8796875 0.0546875 0.240625
0 0.18125 0.93046875 0.0875 0.1390625
0 0.42421875 0.6484375 0.04296875 0.13515625
0 0.55 0.96875 0.0578125 0.0625
