0 0.66484375 0.046875 0.0890625 0.06875
0 0.7421875 0.06796875 0.0875 0.084375
0 0.81953125 0.184375 0.121875 0.08203125
0 0.3375 0.16171875 0.090625 0.05546875
0 0.21015625 0.23671875 0.071875 0.06640625
0 0.77265625 0.2921875 0.096875 0.06875
0 0.7890625 0.4296875 0.0625 0.059375
0 0.4390625 0.24609375 0.05078125 0.053125
0 0.20859375 0.46328125 0.06171875 0.05234375
0 0.7765625 0.48359375 0.08203125 0.0515625
0 0.7859375 0.54765625 0.0765625 0.04375
0 0.38125 0.6265625 0.11171875 0.08828125
0 0.50234375 0.6078125 0.08359375 0.06015625
0 0.68125 0.73359375 0.06796875 0.0546875
0 0.70078125 0.76875 0.03671875 0.03671875
0 0.48125 0.76015625 0.08359375 0.07421875
0 0.29140625 0.77734375 0.09375 0.07578125
0 0.35234375 0.9171875 0.1078125 0.0921875
0 0.49375 0.8609375 0.084375 0.07109375
0 0.553125 0.68515625 0.07265625 0.071875
0 0.39453125 0.43671875 0.065625 0.06640625
0 0.44609375 0.4359375 0.034375 0.053125
0 0.7328125 0.50859375 0.03984375 0.0390625
0 0.6609375 0.4515625 0.0484375 0.03828125
