0 0.096875 0.35390625 0.190625 0.1140625
0 0.409375 0.02265625 0.1875 0.0453125
0 0.634375 0.26484375 0.178125 0.1109375
0 0.27109375 0.24296875 0.1953125 0.1140625
0 0.68125 0.44921875 0.178125 0.1046875
0 0.43359375 0.49140625 0.1171875 0.0734375
0 0.62734375 0.57421875 0.1328125 0.0734375
0 0.846875 0.63984375 0.190625 0.1078125
0 0.41796875 0.6625 0.1015625 0.071875
0 0.4765625 0.71640625 0.090625 0.0578125
0 0.52734375 0.76328125 0.0734375 0.0453125
0 0.525 0.92109375 0.134375 0.0953125
0 0.796875 0.32265625 0.1375 0.0796875
