0 0.81953125 0.20703125 0.2234375 0.1609375
0 0.93203125 0.0421875 0.1359375 0.084375
0 0.54765625 0.22734375 0.1703125 0.1421875
0 0.17578125 0.196875 0.1328125 0.140625
0 0.065625 0.190625 0.13125 0.146875
0 0.41796875 0.39609375 0.1640625 0.1171875
0 0.92265625 0.503125 0.1546875 0.103125
0 0.69140625 0.60625 0.0796875 0.065625
0 0.84921875 0.69375 0.0890625 0.06875
0 0.80078125 0.7375 0.0984375 0.075
0 0.934375 0.75 0.059375 0.05625
0 0.8796875 0.83359375 0.08125 0.0515625
0 0.75234375 0.8890625 0.0859375 0.06875
0 0.76015625 0.79921875 0.0734375 0.0453125
0 0.659375 0.97265625 0.071875 0.0515625
0 0.6921875 0.88046875 0.059375 0.0640625
0 0.734375 0.8390625 0.0625 0.046875
0 0.52421875 0.684375 0.1421875 0.10625
0 0.48359375 0.80859375 0.1296875 0.0671875
0 0.4875 0.74921875 0.125 0.0671875
0 0.39140625 0.671875 0.1109375 0.096875
0 0.38828125 0.75625 0.0609375 0.053125
0 0.596875 0.79609375 0.0625 0.0515625
0 0.60234375 0.7265625 0.0640625 0.05
0 0.671875 0.75546875 0.08125 0.0546875
0 0.3015625 0.78203125 0.1 0.0609375
0 0.26640625 0.82265625 0.0515625 0.0328125
0 0.178125 0.84765625 0.103125 0.0765625
0 0.21171875 0.496875 0.1328125 0.065625
0 0.428125 0.5328125 0.115625 0.09375
0 0.6296875 0.5375 0.084375 0.059375
0 0.13671875 0.34609375 0.0859375 0.0671875
0 0.03828125 0.409375 0.0765625 0.06875
0 0.27421875 0.42578125 0.0953125 0.0671875
