0 0.65078125 0.23671875 0.0828125 0.1328125
0 0.38671875 0.03671875 0.0890625 0.0734375
0 0.15078125 0.059375 0.0859375 0.1125
0 0.0203125 0.20078125 0.040625 0.0921875
0 0.12578125 0.2203125 0.0828125 0.109375
0 0.18125 0.35390625 0.08125 0.1171875
0 0.18671875 0.721875 0.0765625 0.10625
0 0.3375 0.87890625 0.078125 0.1328125
0 0.60390625 0.9796875 0.0734375 0.040625
0 0.840625 0.7875 0.075 0.1125
0 0.9171875 0.49296875 0.075 0.0890625
0 0.8125 0.33671875 0.078125 0.1140625
0 0.76328125 0.3015625 0.0546875 0.109375
0 0.7109375 0.309375 0.08125 0.125
0 0.41484375 0.37578125 0.0765625 0.1234375
0 0.353125 0.23046875 0.08125 0.1359375
0 0.446875 0.128125 0.078125 0.1
0 0.55234375 0.1390625 0.0796875 0.121875
0 0.85546875 0.05859375 0.0703125 0.0953125
0 0.54140625 0.66953125 0.0703125 0.1171875
0 0.4359375 0.58359375 0.084375 0.1203125
0 0.31484375 0.6625 0.0578125 0.1
0 0.21171875 0.6109375 0.0703125 0.0875
