0 0.2546875 0.98046875 0.08125 0.03828125
0 0.5515625 0.92890625 0.06640625 0.05
0 0.61484375 0.94296875 0.06484375 0.05078125
0 0.465625 0.79375 0.0890625 0.05859375
0 0.63203125 0.76484375 0.07890625 0.05078125
0 0.7640625 0.671875 0.06484375 0.05
0 0.390625 0.6859375 0.08671875 0.0609375
0 0.46015625 0.66015625 0.06484375 0.04765625
0 0.6 0.55078125 0.13671875 0.05
0 0.19609375 0.64296875 0.08359375 0.0640625
0 0.146875 0.59921875 0.07421875 0.04296875
0 0.11328125 0.56328125 0.0703125 0.04765625
0 0.89296875 0.465625 0.06015625 0.04921875
0 0.596875 0.43515625 0.10078125 0.03671875
0 0.3140625 0.4078125 0.1 0.05703125
0 0.23125 0.40703125 0.084375 0.04921875
0 0.8953125 0.36640625 0.0796875 0.03359375
0 0.67265625 0.290625 0.08828125 0.05234375
0 0.85859375 0.26171875 0.065625 0.046875
0 0.78671875 0.17734375 0.06953125 0.04296875
0 0.934375 0.025 0.13046875 0.04921875
0 0.72421875 0.11875 0.05625 0.04140625
0 0.19140625 0.2359375 0.09296875 0.0421875
