0 0.3953125 0.190625 0.284375 0.290625
0 0.43515625 0.45859375 0.2640625 0.2609375
0 0.25390625 0.55234375 0.2640625 0.2359375
0 0.184375 0.778125 0.28125 0.29375
0 0.44140625 0.69921875 0.2390625 0.2765625
0 0.590625 0.68515625 0.1625 0.2578125
0 0.721875 0.5859375 0.2375 0.259375
0 0.76953125 0.75625 0.2484375 0.209375
0 0.9171875 0.56328125 0.165625 0.1984375
0 0.93359375 0.44375 0.1328125 0.121875
0 0.72421875 0.4375 0.2078125 0.146875
0 0.55078125 0.93125 0.1515625 0.1375
0 0.71796875 0.9671875 0.1796875 0.065625
0 0.0359375 0.6609375 0.071875 0.08125
