0 0.84375 0.4734375 0.1625 0.228125
0 0.67421875 0.51796875 0.1671875 0.2265625
0 0.5640625 0.4796875 0.1125 0.2
0 0.44453125 0.5671875 0.1515625 0.2
0 0.30859375 0.5546875 0.1390625 0.1875
0 0.15703125 0.48671875 0.1671875 0.2390625
0 0.45703125 0.81171875 0.1671875 0.2265625
0 0.2765625 0.78203125 0.0375 0.0453125
0 0.7265625 0.8625 0.04375 0.059375
0 0.7765625 0.98203125 0.04375 0.0359375
0 0.61875 0.3734375 0.115625 0.08125
0 0.5765625 0.9390625 0.034375 0.040625
0 0.5171875 0.94765625 0.034375 0.0359375
0 0.1203125 0.6203125 0.0625 0.0625
