0 0.62109375 0.5 0.09140625 0.15234375
0 0.5703125 0.59921875 0.09453125 0.146875
0 0.53515625 0.70078125 0.1015625 0.16953125
0 0.43828125 0.734375 0.11953125 0.146875
0 0.45078125 0.6046875 0.10859375 0.1359375
0 0.49296875 0.50859375 0.115625 0.146875
0 0.40859375 0.4859375 0.0875 0.1359375
0 0.32265625 0.528125 0.1125 0.1640625
0 0.23828125 0.71171875 0.1265625 0.1921875
0 0.1546875 0.66953125 0.084375 0.175
0 0.3546875 0.69765625 0.10546875 0.18671875
0 0.49140625 0.3640625 0.1125 0.14140625
