0 0.6265625 0.1953125 0.14375 0.159375
0 0.32265625 0.18984375 0.1609375 0.1671875
0 0.24765625 0.04765625 0.2109375 0.0953125
0 0.059375 0.3171875 0.11875 0.15625
0 0.05625 0.490625 0.1125 0.2375
0 0.03671875 0.70703125 0.0734375 0.1453125
0 0.15 0.746875 0.175 0.19375
0 0.3328125 0.74296875 0.175 0.1859375
0 0.3765625 0.8609375 0.165625 0.14375
0 0.3140625 0.9625 0.1875 0.075
0 0.6203125 0.9546875 0.178125 0.090625
0 0.71484375 0.8609375 0.1734375 0.184375
0 0.55234375 0.80703125 0.1578125 0.1453125
0 0.88203125 0.55703125 0.2359375 0.2453125
0 0.66484375 0.36484375 0.1578125 0.1671875
0 0.4875 0.4109375 0.178125 0.1875
0 0.3625 0.51171875 0.15625 0.1703125
0 0.2640625 0.315625 0.18125 0.15
0 0.46953125 0.29765625 0.1453125 0.1171875
0 0.94296875 0.1765625 0.1140625 0.16875
0 0.95703125 0.325 0.0859375 0.14375
0 0.72890625 0.253125 0.1015625 0.1375
0 0.78046875 0.40390625 0.0984375 0.1453125
0 0.809375 0.03671875 0.103125 0.0734375
0 0.15625 0.86484375 0.1625 0.1203125
