0 0.9375 0.06171875 0.059375 0.065625
0 0.82421875 0.0953125 0.09296875 0.16015625
0 0.73046875 0.103125 0.17265625 0.171875
0 0.32421875 0.128125 0.06640625 0.06875
0 0.5484375 0.3296875 0.175 0.18046875
0 0.128125 0.26015625 0.15234375 0.16015625
0 0.04609375 0.340625 0.0921875 0.140625
0 0.30625 0.42109375 0.128125 0.13671875
0 0.1859375 0.4421875 0.1390625 0.15546875
0 0.10859375 0.5484375 0.1390625 0.12890625
0 0.89921875 0.66484375 0.1453125 0.16328125
0 0.6921875 0.57109375 0.05625 0.0734375
0 0.92578125 0.7609375 0.13671875 0.0796875
0 0.80625 0.725 0.08203125 0.0671875
0 0.73125 0.69453125 0.140625 0.11640625
0 0.4296875 0.84765625 0.0796875 0.0953125
0 0.36640625 0.8390625 0.1125 0.10234375
0 0.496875 0.88359375 0.04609375 0.04765625
0 0.29453125 0.81328125 0.0828125 0.12421875
0 0.16953125 0.8734375 0.13203125 0.1359375
0 0.16640625 0.778125 0.12578125 0.0859375
0 0.59140625 0.99375 0.096875 0.01171875
0 0.115625 0.96875 0.05390625 0.0625
0 0.0328125 0.2328125 0.065625 0.08203125
