0 0.62265625 0.125 0.0671875 0.0875
0 0.69375 0.3328125 0.090625 0.10859375
0 0.57265625 0.28671875 0.084375 0.10234375
0 0.34453125 0.24609375 0.0671875 0.05859375
0 0.2796875 0.30625 0.05 0.075
0 0.23515625 0.02734375 0.0640625 0.05390625
0 0.028125 0.540625 0.053125 0.06484375
0 0.04765625 0.83203125 0.065625 0.09765625
0 0.2453125 0.82734375 0.084375 0.125
0 0.5515625 0.82265625 0.1 0.175
0 0.684375 0.76015625 0.096875 0.1125
0 0.7 0.6421875 0.0875 0.10390625
0 0.68515625 0.95703125 0.078125 0.08125
0 0.8140625 0.878125 0.0578125 0.08125
0 0.76015625 0.85078125 0.0578125 0.07265625
0 0.36875 0.59140625 0.071875 0.09609375
0 0.55625 0.41484375 0.059375 0.0625
0 0.11015625 0.81015625 0.05390625 0.08515625
