0 0.72734375 0.16796875 0.0625 0.0359375
0 0.57265625 0.1828125 0.0484375 0.028125
0 0.59921875 0.21796875 0.05703125 0.0265625
0 0.53828125 0.25703125 0.03671875 0.0296875
0 0.54296875 0.2109375 0.0453125 0.021875
0 0.56796875 0.29453125 0.05703125 0.0359375
0 0.66640625 0.3078125 0.03671875 0.025
0 0.72265625 0.29453125 0.0484375 0.0296875
0 0.6890625 0.3515625 0.059375 0.0375
0 0.6109375 0.353125 0.0453125 0.025
0 0.75859375 0.35390625 0.05078125 0.0359375
0 0.66015625 0.39921875 0.05390625 0.0296875
0 0.49453125 0.3625 0.05703125 0.025
0 0.78984375 0.48828125 0.06796875 0.0296875
0 0.7671875 0.5140625 0.05078125 0.03125
0 0.74140625 0.54140625 0.05078125 0.0265625
0 0.48828125 0.515625 0.0625 0.01875
0 0.58515625 0.60625 0.06796875 0.034375
0 0.63203125 0.60078125 0.04296875 0.0234375
0 0.37890625 0.634375 0.03671875 0.025
0 0.63671875 0.5125 0.05078125 0.01875
0 0.140625 0.49921875 0.065625 0.0296875
0 0.2046875 0.565625 0.0453125 0.0375
0 0.06953125 0.19765625 0.07109375 0.0359375
0 0.16328125 0.31484375 0.04296875 0.0390625
0 0.21328125 0.309375 0.03984375 0.03125
0 0.24453125 0.31796875 0.034375 0.0234375
0 0.19609375 0.4359375 0.0625 0.0375
0 0.4078125 0.5328125 0.065625 0.0125
