0 0.9140625 0.1921875 0.125 0.28125
0 0.6359375 0.25859375 0.053125 0.1421875
0 0.5609375 0.50078125 0.05625 0.1453125
0 0.340625 0.775 0.109375 0.31875
0 0.92578125 0.49453125 0.0484375 0.1046875
0 0.47890625 0.47734375 0.0671875 0.1921875
0 0.4359375 0.640625 0.08125 0.21875
0 0.15859375 0.528125 0.1140625 0.3125
0 0.08671875 0.5265625 0.0765625 0.265625
0 0.275 0.58359375 0.09375 0.2328125
0 0.67578125 0.8953125 0.0484375 0.090625
0 0.7125 0.775 0.040625 0.084375
0 0.64296875 0.74140625 0.0328125 0.0765625
0 0.50625 0.12890625 0.046875 0.0890625
