0 0.47890625 0.17421875 0.1453125 0.2328125
0 0.69453125 0.2296875 0.1296875 0.2125
0 0.7859375 0.6125 0.159375 0.246875
0 0.5484375 0.47265625 0.14375 0.2234375
0 0.27578125 0.2953125 0.0890625 0.134375
0 0.234375 0.25625 0.09375 0.134375
0 0.13203125 0.0984375 0.1015625 0.153125
0 0.090625 0.046875 0.090625 0.09375
0 0.25625 0.5359375 0.14375 0.209375
0 0.11796875 0.54296875 0.1359375 0.1921875
0 0.4171875 0.4640625 0.1625 0.1375
0 0.39765625 0.59921875 0.1171875 0.1421875
0 0.34921875 0.78125 0.1578125 0.2375
0 0.1796875 0.7203125 0.125 0.2
0 0.0625 0.76796875 0.125 0.1765625
0 0.5859375 0.82421875 0.140625 0.2109375
0 0.875 0.83515625 0.13125 0.2203125
0 0.746875 0.84765625 0.13125 0.1953125
0 0.6640625 0.76875 0.109375 0.153125
0 0.53828125 0.90625 0.0921875 0.128125
