0 0.9203125 0.09140625 0.09375 0.1171875
0 0.7515625 0.33671875 0.25 0.3734375
0 0.85546875 0.190625 0.1078125 0.134375
0 0.5609375 0.3 0.178125 0.3375
0 0.3984375 0.3453125 0.265625 0.421875
0 0.3 0.7078125 0.259375 0.3625
0 0.84375 0.5875 0.096875 0.140625
0 0.9859375 0.5015625 0.025 0.13125
0 0.98359375 0.71953125 0.0328125 0.1703125
0 0.61796875 0.53828125 0.1234375 0.1890625
0 0.653125 0.8703125 0.121875 0.125
0 0.33828125 0.11015625 0.1203125 0.1265625
0 0.61796875 0.03984375 0.1171875 0.0796875
0 0.196875 0.44140625 0.06875 0.1234375
