0 0.55546875 0.1296875 0.1984375 0.175
0 0.9265625 0.15546875 0.146875 0.1265625
0 0.68046875 0.38515625 0.1640625 0.1421875
0 0.54375 0.34375 0.171875 0.14375
0 0.2234375 0.51015625 0.1125 0.0796875
0 0.5390625 0.49609375 0.115625 0.0734375
0 0.48984375 0.53359375 0.0734375 0.0859375
0 0.371875 0.54140625 0.084375 0.0796875
0 0.271875 0.65078125 0.08125 0.0640625
0 0.43515625 0.740625 0.0828125 0.0625
0 0.4640625 0.64921875 0.090625 0.0484375
0 0.61875 0.615625 0.078125 0.05
0 0.653125 0.53828125 0.0875 0.0578125
0 0.8703125 0.72890625 0.065625 0.0515625
0 0.65 0.6984375 0.065625 0.053125
0 0.9390625 0.75859375 0.084375 0.0515625
