0 0.14609375 0.3109375 0.059375 0.0859375
0 0.58359375 0.3484375 0.0671875 0.103125
0 0.5671875 0.496875 0.025 0.0890625
0 0.34375 0.58359375 0.0796875 0.078125
0 0.2046875 0.60546875 0.0375 0.096875
0 0.95390625 0.64453125 0.0890625 0.075
0 0.6875 0.646875 0.090625 0.13359375
0 0.77421875 0.68046875 0.0484375 0.09453125
0 0.29296875 0.0734375 0.1015625 0.146875
0 0.04140625 0.746875 0.08125 0.125
0 0.86015625 0.8890625 0.0765625 0.1390625
0 0.334375 0.96484375 0.065625 0.0703125
0 0.17734375 0.171875 0.0859375 0.11640625
0 0.93046875 0.209375 0.0859375 0.11953125
