0 0.8640625 0.0515625 0.103125 0.103125
0 0.9375 0.28984375 0.125 0.2078125
0 0.6609375 0.37265625 0.128125 0.1703125
0 0.69921875 0.5125 0.1109375 0.15625
0 0.79296875 0.325 0.0921875 0.11875
0 0.8734375 0.36796875 0.115625 0.1515625
0 0.2828125 0.0515625 0.1125 0.103125
0 0.33515625 0.25859375 0.0984375 0.1359375
0 0.2625 0.3484375 0.0875 0.153125
0 0.38125 0.34609375 0.125 0.1203125
0 0.40703125 0.471875 0.1171875 0.165625
0 0.31484375 0.45859375 0.0515625 0.1234375
0 0.4484375 0.665625 0.0875 0.121875
0 0.5703125 0.81171875 0.115625 0.1859375
0 0.4609375 0.81328125 0.103125 0.1546875
0 0.2859375 0.93984375 0.115625 0.1203125
0 0.45234375 0.946875 0.0859375 0.103125
0 0.53125 0.9625 0.1 0.075
0 0.621875 0.7234375 0.053125 0.078125
0 0.209375 0.03046875 0.053125 0.0546875
0 0.334375 0.72109375 0.0375 0.1015625
