0 0.19921875 0.96875 0.0953125 0.06171875
0 0.6734375 0.90390625 0.07890625 0.0515625
0 0.6421875 0.8609375 0.06953125 0.04609375
0 0.70703125 0.859375 0.053125 0.03203125
0 0.903125 0.70078125 0.09921875 0.05703125
0 0.7265625 0.73125 0.07890625 0.0375
0 0.659375 0.69765625 0.04375 0.02109375
0 0.5203125 0.753125 0.05703125 0.04140625
0 0.37421875 0.72578125 0.06328125 0.04453125
0 0.309375 0.7390625 0.07578125 0.04296875
0 0.09375 0.75390625 0.0796875 0.04140625
0 0.28828125 0.6828125 0.09453125 0.06875
0 0.109375 0.5703125 0.08984375 0.05390625
0 0.7796875 0.3828125 0.08828125 0.05625
0 0.37890625 0.44375 0.08828125 0.04609375
0 0.08359375 0.2671875 0.11875 0.06328125
0 0.3234375 0.28125 0.103125 0.06328125
0 0.10078125 0.13515625 0.11328125 0.06953125
0 0.19453125 0.1359375 0.1 0.07109375
