0 0.56015625 0.46953125 0.1453125 0.2140625
0 0.44765625 0.4265625 0.1109375 0.18125
0 0.9109375 0.5890625 0.1375 0.16875
0 0.765625 0.6375 0.11875 0.1875
0 0.8171875 0.92109375 0.165625 0.1578125
0 0.5984375 0.87890625 0.159375 0.2109375
0 0.04609375 0.409375 0.0734375 0.09375
0 0.134375 0.6671875 0.078125 0.103125
0 0.35078125 0.7234375 0.0765625 0.1
0 0.61640625 0.2 0.1296875 0.1625
0 0.27265625 0.7 0.0703125 0.09375
0 0.97578125 0.08046875 0.0484375 0.1609375
0 0.76328125 0.340625 0.1078125 0.115625
0 0.18203125 0.3453125 0.0515625 0.071875
0 0.11640625 0.371875 0.0546875 0.071875
0 0.24921875 0.5890625 0.0515625 0.08125
0 0.0890625 0.54375 0.059375 0.075
