0 0.2203125 0.365625 0.0625 0.096875
0 0.41640625 0.475 0.0546875 0.10546875
0 0.58046875 0.5 0.0703125 0.11640625
0 0.92109375 0.05390625 0.0453125 0.1078125
0 0.78984375 0.64140625 0.0609375 0.1109375
0 0.7171875 0.696875 0.071875 0.10546875
0 0.46484375 0.765625 0.0671875 0.1140625
0 0.18125 0.815625 0.040625 0.08046875
0 0.1734375 0.85859375 0.05 0.08359375
0 0.12890625 0.91796875 0.0421875 0.075
0 0.48203125 0.96953125 0.0546875 0.0609375
0 0.88125 0.10859375 0.059375 0.10546875
0 0.8109375 0.0265625 0.046875 0.053125
