0 0.70390625 0.96796875 0.0640625 0.0359375
0 0.4640625 0.96015625 0.078125 0.0484375
0 0.953125 0.9390625 0.078125 0.053125
0 0.90859375 0.8859375 0.0609375 0.04375
0 0.88203125 0.915625 0.06953125 0.04375
0 0.42890625 0.69921875 0.05859375 0.0421875
0 0.36640625 0.659375 0.06640625 0.040625
0 0.48046875 0.51328125 0.071875 0.0296875
0 0.86796875 0.49375 0.09140625 0.046875
0 0.74296875 0.36796875 0.096875 0.0578125
0 0.98359375 0.24453125 0.0328125 0.0578125
0 0.959375 0.33984375 0.0359375 0.0390625
0 0.628125 0.27265625 0.06640625 0.0515625
0 0.39296875 0.371875 0.096875 0.05
0 0.2015625 0.375 0.06953125 0.034375
0 0.3515625 0.30234375 0.08046875 0.0421875
0 0.09609375 0.20625 0.103125 0.0625
0 0.12890625 0.253125 0.053125 0.046875
0 0.978125 0.0359375 0.04375 0.046875
