0 0.9703125 0.8859375 0.059375 0.04609375
0 0.4015625 0.715625 0.0890625 0.05234375
0 0.52734375 0.7921875 0.06796875 0.03984375
0 0.940625 0.64921875 0.0953125 0.05234375
0 0.96796875 0.6078125 0.0640625 0.05390625
0 0.7671875 0.5546875 0.08984375 0.04765625
0 0.73046875 0.48046875 0.078125 0.04140625
0 0.684375 0.4453125 0.08671875 0.05234375
0 0.16953125 0.4828125 0.0765625 0.02578125
0 0.42734375 0.35859375 0.07890625 0.05390625
0 0.28828125 0.2484375 0.1140625 0.07265625
0 0.653125 0.1671875 0.0609375 0.05078125
0 0.5890625 0.109375 0.09375 0.06484375
0 0.1796875 0.0828125 0.09609375 0.059375
0 0.63125 0.97109375 0.07421875 0.03203125
