0 0.55859375 0.19921875 0.05390625 0.0265625
0 0.421875 0.22265625 0.0484375 0.0265625
0 0.3890625 0.24453125 0.05078125 0.0234375
0 0.434375 0.25546875 0.05078125 0.0234375
0 0.3890625 0.28515625 0.05078125 0.0265625
0 0.43046875 0.32890625 0.05390625 0.0265625
0 0.50859375 0.33203125 0.03984375 0.0296875
0 0.5625 0.32578125 0.03984375 0.0328125
0 0.54296875 0.3765625 0.06796875 0.03125
0 0.47890625 0.37890625 0.03671875 0.0234375
0 0.51875 0.425 0.0765625 0.0375
0 0.596875 0.3828125 0.03984375 0.021875
0 0.38046875 0.39375 0.05078125 0.01875
0 0.590625 0.42578125 0.03984375 0.0328125
0 0.653125 0.50390625 0.05703125 0.0328125
0 0.625 0.52578125 0.03984375 0.0296875
0 0.6125 0.5484375 0.03671875 0.025
0 0.7984375 0.5578125 0.05078125 0.025
0 0.38046875 0.5328125 0.05078125 0.028125
0 0.465625 0.6203125 0.0625 0.034375
0 0.50390625 0.6078125 0.059375 0.025
0 0.44921875 0.5125 0.05703125 0.025
0 0.04375 0.34375 0.05390625 0.03125
0 0.10390625 0.34921875 0.05390625 0.0234375
0 0.075 0.46953125 0.059375 0.0296875
0 0.1265625 0.4671875 0.04296875 0.01875
0 0.02578125 0.53046875 0.0453125 0.0265625
0 0.13046875 0.54765625 0.03984375 0.0234375
0 0.10078125 0.58359375 0.07109375 0.0265625
