0 0.45625 0.1703125 0.071875 0.078125
0 0.3859375 0.14296875 0.08125 0.1046875
0 0.0796875 0.18984375 0.159375 0.2765625
0 0.36328125 0.31171875 0.0796875 0.0890625
0 0.30703125 0.3921875 0.0765625 0.0875
0 0.246875 0.49765625 0.075 0.0859375
0 0.396875 0.55234375 0.0625 0.0734375
0 0.33828125 0.5078125 0.0859375 0.075
0 0.30234375 0.45390625 0.0828125 0.0328125
0 0.30078125 0.59453125 0.0984375 0.0828125
0 0.25546875 0.6546875 0.1171875 0.103125
0 0.0296875 0.4921875 0.059375 0.059375
0 0.1703125 0.41875 0.05625 0.0625
0 0.16328125 0.59296875 0.0328125 0.0453125
0 0.090625 0.6078125 0.053125 0.05
0 0.18125 0.565625 0.034375 0.0375
0 0.246875 0.8703125 0.096875 0.1
0 0.50390625 0.92265625 0.0859375 0.0796875
0 0.6578125 0.83125 0.109375 0.090625
0 0.8328125 0.765625 0.078125 0.0625
0 0.9734375 0.875 0.053125 0.1
0 0.96015625 0.509375 0.0796875 0.090625
0 0.89296875 0.48203125 0.0703125 0.0796875
0 0.8546875 0.4203125 0.084375 0.065625
0 0.80546875 0.35546875 0.0734375 0.0734375
0 0.7109375 0.45546875 0.08125 0.1078125
0 0.68984375 0.5953125 0.0984375 0.103125
0 0.62265625 0.659375 0.0890625 0.090625
0 0.59765625 0.59765625 0.0765625 0.0640625
0 0.525 0.5625 0.075 0.084375
0 0.48203125 0.615625 0.0640625 0.084375
0 0.434375 0.69375 0.090625 0.090625
0 0.4484375 0.3328125 0.05625 0.053125
0 0.46015625 0.43984375 0.0609375 0.0609375
