0 0.51796875 0.05703125 0.0859375 0.0796875
0 0.540625 0.14140625 0.09375 0.0921875
0 0.5015625 0.2390625 0.1 0.075
0 0.253125 0.325 0.1 0.121875
0 0.33671875 0.36640625 0.0859375 0.0953125
0 0.44765625 0.51640625 0.0765625 0.0796875
0 0.409375 0.4609375 0.065625 0.06875
0 0.3875 0.3921875 0.08125 0.0875
0 0.7828125 0.33046875 0.103125 0.0984375
0 0.71171875 0.4796875 0.1109375 0.115625
0 0.30234375 0.5140625 0.0828125 0.0875
0 0.246875 0.4578125 0.075 0.084375
0 0.16015625 0.55390625 0.1140625 0.1046875
0 0.14921875 0.7078125 0.0953125 0.109375
0 0.3703125 0.9265625 0.090625 0.08125
0 0.39453125 0.72578125 0.0828125 0.0859375
0 0.453125 0.70234375 0.059375 0.0796875
0 0.3984375 0.60390625 0.078125 0.0640625
0 0.846875 0.7265625 0.0625 0.04375
0 0.803125 0.690625 0.05625 0.05625
0 0.81171875 0.63203125 0.0578125 0.0578125
0 0.90546875 0.834375 0.0671875 0.065625
