0 0.70078125 0.2 0.1671875 0.240625
0 0.45390625 0.43125 0.1890625 0.25
0 0.884375 0.66015625 0.23125 0.3703125
0 0.24921875 0.93125 0.2453125 0.1375
0 0.33515625 0.81875 0.1921875 0.3
0 0.4984375 0.9515625 0.109375 0.096875
0 0.21796875 0.6390625 0.1671875 0.240625
0 0.11015625 0.38984375 0.1578125 0.2453125
0 0.22109375 0.2390625 0.1421875 0.20625
0 0.184375 0.053125 0.171875 0.10625
0 0.35546875 0.0453125 0.1671875 0.090625
0 0.43046875 0.1125 0.1765625 0.225
0 0.7921875 0.08515625 0.18125 0.1703125
0 0.57421875 0.340625 0.1359375 0.209375
0 0.54921875 0.5453125 0.1703125 0.19375
0 0.65625 0.390625 0.128125 0.196875
0 0.31015625 0.503125 0.1484375 0.259375
