0 0.5234375 0.63203125 0.246875 0.2953125
0 0.2390625 0.41015625 0.253125 0.3171875
0 0.34921875 0.5828125 0.1765625 0.24375
0 0.63828125 0.7703125 0.2234375 0.259375
0 0.9296875 0.3625 0.140625 0.178125
0 0.61015625 0.3046875 0.1859375 0.253125
0 0.07890625 0.034375 0.1578125 0.06875
0 0.7015625 0.471875 0.084375 0.109375
0 0.71328125 0.1421875 0.0734375 0.078125
0 0.825 0.1875 0.09375 0.11875
0 0.97734375 0.2 0.0453125 0.125
0 0.9640625 0.55234375 0.071875 0.0859375
0 0.728125 0.41015625 0.071875 0.0828125
0 0.71015625 0.25703125 0.0640625 0.0890625
