0 0.41484375 0.3 0.5109375 0.575
0 0.70625 0.51796875 0.40625 0.4234375
0 0.8421875 0.771875 0.315625 0.365625
0 0.4625 0.746875 0.353125 0.35
0 0.16171875 0.603125 0.3234375 0.44375
0 0.1359375 0.85390625 0.246875 0.2171875
0 0.0375 0.42890625 0.075 0.3234375
0 0.6765625 0.0421875 0.103125 0.084375
0 0.7859375 0.18984375 0.053125 0.0671875
0 0.771875 0.2484375 0.046875 0.04375
0 0.7453125 0.22421875 0.05625 0.0515625
0 0.6578125 0.15390625 0.05 0.0515625
0 0.0296875 0.21015625 0.059375 0.0734375
0 0.92421875 0.4765625 0.0515625 0.065625
0 0.61328125 0.9640625 0.2390625 0.071875
0 0.11875 0.959375 0.159375 0.08125
