0 0.8390625 0.00703125 0.05078125 0.01171875
0 0.5421875 0.028125 0.1546875 0.05390625
0 0.85859375 0.21171875 0.153125 0.1671875
0 0.78203125 0.40703125 0.11875 0.08203125
0 0.81953125 0.59140625 0.13671875 0.15703125
0 0.46171875 0.48515625 0.0640625 0.14375
0 0.15625 0.38515625 0.1625 0.16328125
0 0.621875 0.62734375 0.1265625 0.153125
0 0.3953125 0.73671875 0.06640625 0.10859375
0 0.321875 0.6765625 0.06171875 0.0375
0 0.196875 0.628125 0.121875 0.11796875
0 0.66953125 0.88984375 0.159375 0.159375
0 0.48515625 0.95859375 0.12890625 0.0828125
0 0.3640625 0.953125 0.109375 0.09375
0 0.76796875 0.9921875 0.01875 0.015625
0 0.096875 0.0046875 0.0515625 0.0078125
0 0.02421875 0.715625 0.0484375 0.15703125
0 0.090625 0.94921875 0.04609375 0.078125
