0 0.42109375 0.32421875 0.4796875 0.5359375
0 0.16640625 0.6125 0.3328125 0.428125
0 0.053125 0.440625 0.10625 0.375
0 0.0515625 0.24375 0.065625 0.075
0 0.0359375 0.8625 0.071875 0.275
0 0.1578125 0.846875 0.2375 0.20625
0 0.47109375 0.73671875 0.3328125 0.3171875
0 0.41796875 0.878125 0.0984375 0.078125
0 0.61328125 0.9609375 0.2296875 0.078125
0 0.8375 0.76796875 0.325 0.3359375
0 0.6921875 0.534375 0.375 0.40625
0 0.66171875 0.07734375 0.0890625 0.1015625
0 0.5421875 0.04140625 0.0875 0.0828125
0 0.75703125 0.27734375 0.0453125 0.0390625
0 0.76875 0.225 0.059375 0.053125
0 0.646875 0.19296875 0.04375 0.0453125
0 0.73125 0.2609375 0.05 0.05
0 0.896875 0.496875 0.053125 0.065625
