0 0.09375 0.08515625 0.184375 0.1703125
0 0.1578125 0.4234375 0.146875 0.1875
0 0.13046875 0.50703125 0.1109375 0.1203125
0 0.184375 0.6359375 0.121875 0.146875
0 0.53046875 0.6375 0.1140625 0.16875
0 0.453125 0.5234375 0.0875 0.0875
0 0.684375 0.42734375 0.096875 0.1171875
0 0.7890625 0.44765625 0.11875 0.1703125
0 0.76484375 0.63046875 0.1234375 0.1890625
0 0.68359375 0.68125 0.0984375 0.14375
0 0.68671875 0.88046875 0.1140625 0.1671875
0 0.778125 0.8578125 0.08125 0.16875
0 0.675 0.57421875 0.090625 0.1203125
0 0.63046875 0.48984375 0.0484375 0.0734375
