0 0.959375 0.04140625 0.07890625 0.08125
0 0.88203125 0.059375 0.16796875 0.11015625
0 0.85859375 0.246875 0.140625 0.1484375
0 0.70390625 0.3640625 0.0375 0.0609375
0 0.78671875 0.65703125 0.17265625 0.1375
0 0.76640625 0.7953125 0.165625 0.17890625
0 0.8375 0.90703125 0.03984375 0.07421875
0 0.696875 0.90234375 0.00859375 0.0328125
0 0.23125 0.015625 0.015625 0.0296875
0 0.03046875 0.0265625 0.0609375 0.05078125
0 0.4890625 0.1765625 0.15625 0.203125
0 0.45 0.06328125 0.0828125 0.07421875
0 0.31171875 0.184375 0.22578125 0.221875
0 0.01171875 0.38359375 0.0234375 0.0578125
0 0.4203125 0.690625 0.17109375 0.1859375
0 0.1984375 0.9421875 0.2171875 0.10859375
