0 0.97421875 0.02890625 0.0515625 0.0578125
0 0.88984375 0.1765625 0.0984375 0.1
0 0.959375 0.2765625 0.08125 0.115625
0 0.7828125 0.26484375 0.134375 0.1265625
0 0.5984375 0.271875 0.115625 0.13125
0 0.91953125 0.39921875 0.0796875 0.0640625
0 0.97734375 0.50546875 0.0453125 0.1015625
0 0.7953125 0.540625 0.115625 0.109375
0 0.70546875 0.76796875 0.1109375 0.1203125
0 0.68203125 0.67109375 0.1015625 0.0578125
0 0.634375 0.746875 0.071875 0.103125
0 0.6015625 0.85390625 0.11875 0.1078125
0 0.5359375 0.978125 0.121875 0.04375
0 0.42734375 0.68046875 0.1234375 0.1171875
0 0.25703125 0.6453125 0.1296875 0.146875
0 0.12265625 0.61015625 0.1046875 0.0921875
0 0.16171875 0.36015625 0.1578125 0.1484375
0 0.4765625 0.47109375 0.075 0.0484375
0 0.52890625 0.61171875 0.0828125 0.0953125
0 0.43671875 0.59296875 0.0953125 0.0640625
0 0.66953125 0.4953125 0.0578125 0.05
0 0.24765625 0.1625 0.0515625 0.053125
0 0.39765625 0.2734375 0.0703125 0.08125
0 0.41484375 0.21484375 0.0578125 0.0609375
0 0.5484375 0.4140625 0.0375 0.046875
0 0.484375 0.39921875 0.06875 0.0453125
0 0.4484375 0.35625 0.065625 0.05
0 0.67734375 0.2828125 0.0515625 0.04375
0 0.37890625 0.49140625 0.0609375 0.0734375
0 0.01875 0.23984375 0.0375 0.0515625
0 0.07109375 0.04296875 0.0546875 0.0421875
0 0.25703125 0.09453125 0.0453125 0.0515625
0 0.18984375 0.1375 0.0484375 0.05625
0 0.390625 0.41015625 0.053125 0.0484375
0 0.27578125 0.4171875 0.0546875 0.065625
0 0.340625 0.7328125 0.04375 0.04375
0 0.40234375 0.81328125 0.0484375 0.0515625
0 0.3328125 0.8203125 0.05 0.040625
0 0.03984375 0.7 0.0328125 0.0375
