0 0.64921875 0.10390625 0.128125 0.13203125
0 0.80390625 0.14921875 0.0484375 0.0515625
0 0.790625 0.09140625 0.0484375 0.05
0 0.7609375 0.17109375 0.0453125 0.0484375
0 0.80859375 0.3796875 0.103125 0.11015625
0 0.88671875 0.4109375 0.0734375 0.08203125
0 0.6484375 0.37734375 0.103125 0.1046875
0 0.6109375 0.2875 0.09140625 0.10859375
0 0.53984375 0.26484375 0.1203125 0.11328125
0 0.4625 0.17109375 0.11796875 0.13515625
0 0.53359375 0.075 0.0734375 0.06328125
0 0.08515625 0.41015625 0.1234375 0.1265625
0 0.025 0.43359375 0.05 0.11328125
0 0.32109375 0.2953125 0.06796875 0.0734375
0 0.33359375 0.52421875 0.0734375 0.075
0 0.565625 0.59609375 0.08515625 0.08515625
0 0.26015625 0.62734375 0.0765625 0.08515625
0 0.19921875 0.76640625 0.0546875 0.04296875
0 0.2046875 0.7125 0.08359375 0.08828125
0 0.1421875 0.77109375 0.06171875 0.06796875
0 0.33515625 0.90078125 0.03671875 0.04140625
0 0.2640625 0.8875 0.04140625 0.0484375
0 0.2953125 0.8328125 0.03984375 0.0453125
0 0.08125 0.98203125 0.03125 0.0359375
0 0.56328125 0.7046875 0.06328125 0.053125
0 0.47421875 0.6984375 0.05859375 0.0703125
0 0.4359375 0.72421875 0.0515625 0.0546875
0 0.63984375 0.69140625 0.04296875 0.04296875
0 0.87265625 0.58671875 0.03828125 0.05
0 0.81796875 0.61328125 0.03671875 0.05
0 0.753125 0.64453125 0.03359375 0.0484375
0 0.678125 0.80546875 0.0296875 0.03515625
0 0.6796875 0.77421875 0.0296875 0.025
0 0.36640625 0.134375 0.0796875 0.11484375
0 0.44765625 0.34609375 0.028125 0.0515625
0 0.734375 0.696875 0.03515625 0.0296875
