0 0.97109375 0.109375 0.0578125 0.21875
0 0.6015625 0.42109375 0.16484375 0.221875
0 0.6640625 0.96640625 0.0515625 0.0609375
0 0.8296875 0.4125 0.19296875 0.24453125
0 0.2234375 0.66484375 0.0171875 0.021875
0 0.23046875 0.9421875 0.03125 0.0390625
0 0.16796875 0.62734375 0.015625 0.0203125
0 0.6984375 0.64765625 0.18046875 0.25234375
0 0.37734375 0.60234375 0.01484375 0.0203125
0 0.37265625 0.746875 0.01796875 0.0265625
0 0.975 0.62265625 0.05 0.1609375
0 0.5390625 0.51796875 0.06796875 0.11640625
0 0.63828125 0.82109375 0.17265625 0.2453125
