0 0.903125 0.0515625 0.19375 0.103125
0 0.81484375 0.60390625 0.1890625 0.18046875
0 0.43125 0.609375 0.21484375 0.32265625
0 0.275 0.71484375 0.1625 0.17109375
0 0.9546875 0.75703125 0.090625 0.24609375
0 0.61171875 0.7875 0.1671875 0.278125
0 0.1046875 0.79453125 0.19765625 0.27421875
0 0.4421875 0.85234375 0.17109375 0.1640625
0 0.82890625 0.8578125 0.17421875 0.284375
0 0.67734375 0.09609375 0.21171875 0.1921875
0 0.2828125 0.90546875 0.19921875 0.18828125
0 0.4765625 0.96015625 0.17421875 0.065625
0 0.22265625 0.10625 0.1671875 0.2125
0 0.4875 0.11484375 0.15234375 0.13125
0 0.11484375 0.17578125 0.17578125 0.24375
0 0.84765625 0.21328125 0.18203125 0.196875
0 0.31484375 0.275 0.09453125 0.21328125
0 0.65625 0.27890625 0.134375 0.153125
0 0.45234375 0.28984375 0.16328125 0.2625
0 0.3578125 0.03515625 0.134375 0.0703125
0 0.78984375 0.4234375 0.178125 0.259375
0 0.22890625 0.459375 0.1453125 0.3171875
0 0.94921875 0.46484375 0.09453125 0.30625
0 0.09296875 0.4890625 0.17265625 0.303125
0 0.6046875 0.49296875 0.171875 0.2546875
