0 0.86171875 0.92890625 0.07109375 0.04140625
0 0.79921875 0.91484375 0.05859375 0.0359375
0 0.759375 0.77890625 0.09140625 0.05
0 0.30859375 0.86640625 0.05859375 0.03828125
0 0.13671875 0.9 0.075 0.03984375
0 0.03359375 0.915625 0.046875 0.03671875
0 0.15703125 0.7984375 0.06484375 0.04765625
0 0.2 0.828125 0.0609375 0.03828125
0 0.68046875 0.66953125 0.08671875 0.05234375
0 0.87578125 0.5328125 0.1046875 0.05859375
0 0.5015625 0.62578125 0.07890625 0.05546875
0 0.44453125 0.58359375 0.07890625 0.04453125
0 0.39140625 0.55 0.0734375 0.0453125
0 0.17578125 0.56640625 0.11015625 0.06640625
0 0.10703125 0.51796875 0.11171875 0.059375
0 0.878125 0.42578125 0.10078125 0.02890625
0 0.61640625 0.396875 0.10546875 0.06015625
0 0.51796875 0.39296875 0.06015625 0.05625
0 0.95546875 0.2796875 0.08359375 0.05234375
0 0.521875 0.228125 0.1015625 0.03984375
0 0.1609375 0.12578125 0.06640625 0.04765625
