0 0.8015625 0.28984375 0.390625 0.3984375
0 0.52734375 0.05390625 0.3796875 0.1078125
0 0.57109375 0.153125 0.1796875 0.15625
0 0.03828125 0.0828125 0.0765625 0.11875
0 0.140625 0.1515625 0.0875 0.096875
0 0.25859375 0.234375 0.0890625 0.0875
0 0.096875 0.26796875 0.078125 0.0703125
0 0.31171875 0.34140625 0.0921875 0.0890625
0 0.42109375 0.36875 0.1140625 0.096875
0 0.86015625 0.54375 0.1390625 0.13125
0 0.94609375 0.9296875 0.1078125 0.140625
0 0.825 0.759375 0.09375 0.11875
0 0.51484375 0.8890625 0.2703125 0.221875
0 0.3671875 0.78359375 0.259375 0.2359375
0 0.5765625 0.63515625 0.1875 0.1796875
0 0.65234375 0.51171875 0.1953125 0.1109375
0 0.73671875 0.61953125 0.1359375 0.1390625
0 0.2390625 0.59453125 0.10625 0.0859375
0 0.159375 0.603125 0.0625 0.078125
0 0.22421875 0.7578125 0.0640625 0.0875
0 0.18671875 0.88125 0.0453125 0.034375
