0 0.9640625 0.26484375 0.06953125 0.15703125
0 0.9015625 0.29375 0.07109375 0.10625
0 0.86953125 0.4234375 0.09453125 0.05
0 0.7828125 0.43046875 0.05859375 0.08125
0 0.8765625 0.52421875 0.15625 0.171875
0 0.42109375 0.4609375 0.1515625 0.1484375
0 0.25625 0.440625 0.115625 0.125
0 0.3953125 0.5953125 0.1453125 0.1375
0 0.3609375 0.76875 0.0953125 0.1296875
0 0.25625 0.8109375 0.140625 0.1375
0 0.17265625 0.69140625 0.1265625 0.1328125
0 0.846875 0.7609375 0.15546875 0.153125
0 0.97578125 0.96640625 0.0484375 0.0671875
0 0.22265625 0.96484375 0.1546875 0.0703125
0 0.05078125 0.38828125 0.03125 0.0421875
0 0.053125 0.775 0.10625 0.1109375
