0 0.73203125 0.84296875 0.06953125 0.0546875
0 0.08203125 0.8140625 0.09140625 0.0625
0 0.7515625 0.89609375 0.09140625 0.0578125
0 0.30859375 0.95625 0.08359375 0.059375
0 0.60546875 0.7484375 0.05546875 0.0375
0 0.4765625 0.72109375 0.06953125 0.0390625
0 0.40859375 0.73203125 0.08359375 0.0484375
0 0.3859375 0.67578125 0.1 0.0671875
0 0.19296875 0.7421875 0.075 0.03125
0 0.4359375 0.27734375 0.1 0.0609375
0 0.315625 0.13046875 0.0859375 0.0671875
0 0.23046875 0.1375 0.128125 0.075
0 0.209375 0.26875 0.103125 0.065625
0 0.14609375 0.2734375 0.0640625 0.05
