0 0.5703125 0.4203125 0.275 0.209375
0 0.753125 0.38671875 0.178125 0.1703125
0 0.80703125 0.55078125 0.1546875 0.1296875
0 0.7890625 0.709375 0.21875 0.184375
0 0.97265625 0.6671875 0.0546875 0.040625
0 0.9875 0.625 0.025 0.059375
0 0.94375 0.625 0.040625 0.04375
0 0.5859375 0.921875 0.159375 0.134375
0 0.61015625 0.73046875 0.1453125 0.1296875
0 0.5109375 0.64921875 0.2 0.1796875
0 0.3671875 0.628125 0.128125 0.125
0 0.2515625 0.37109375 0.15625 0.1328125
0 0.34453125 0.25390625 0.0828125 0.0671875
0 0.15 0.171875 0.134375 0.128125
0 0.0328125 0.2984375 0.065625 0.09375
0 0.04609375 0.50390625 0.0921875 0.1546875
0 0.3953125 0.50234375 0.103125 0.0921875
0 0.57734375 0.57109375 0.1234375 0.0765625
0 0.68984375 0.5984375 0.0359375 0.040625
0 0.72890625 0.58359375 0.0328125 0.0359375
0 0.66796875 0.528125 0.0015625 0.003125
