0 0.940625 0.384375 0.0453125 0.025
0 0.93359375 0.35703125 0.07109375 0.0234375
0 0.68203125 0.28359375 0.07421875 0.0296875
0 0.69453125 0.35234375 0.065625 0.0328125
0 0.72734375 0.42734375 0.0453125 0.0265625
0 0.77421875 0.4796875 0.04296875 0.03125
0 0.67734375 0.5265625 0.059375 0.03125
0 0.878125 0.559375 0.05078125 0.028125
0 0.52578125 0.58828125 0.0453125 0.0234375
0 0.190625 0.22421875 0.05078125 0.0390625
0 0.1546875 0.2125 0.07109375 0.0375
0 0.08515625 0.15859375 0.05078125 0.0359375
0 0.0625 0.11796875 0.05703125 0.0328125
0 0.2328125 0.46328125 0.06796875 0.0234375
0 0.2359375 0.43515625 0.0625 0.0296875
0 0.16015625 0.5359375 0.0484375 0.025
0 0.159375 0.51328125 0.0625 0.0203125
0 0.3265625 0.571875 0.0625 0.034375
0 0.0921875 0.60078125 0.065625 0.0265625
0 0.08359375 0.62421875 0.04296875 0.0265625
0 0.70859375 0.62734375 0.065625 0.0328125
