0 0.8015625 0.08515625 0.04609375 0.06640625
0 0.7171875 0.13984375 0.0703125 0.0734375
0 0.6609375 0.21796875 0.06875 0.046875
0 0.871875 0.4421875 0.053125 0.0890625
0 0.3296875 0.05546875 0.1609375 0.109375
0 0.090625 0.109375 0.18046875 0.1875
0 0.1671875 0.48828125 0.1546875 0.16796875
0 0.7 0.6421875 0.103125 0.12578125
0 0.49765625 0.63671875 0.121875 0.115625
0 0.4234375 0.74296875 0.059375 0.05859375
0 0.675 0.878125 0.1203125 0.12890625
0 0.9625 0.865625 0.0734375 0.1453125
0 0.02265625 0.84765625 0.0453125 0.1390625
