0 0.903125 0.24296875 0.1 0.0484375
0 0.86953125 0.39296875 0.0890625 0.0484375
0 0.81953125 0.60703125 0.078125 0.0546875
0 0.74453125 0.56640625 0.071875 0.0515625
0 0.546875 0.5453125 0.10546875 0.0625
0 0.48359375 0.5015625 0.1109375 0.065625
0 0.265625 0.49453125 0.075 0.0484375
0 0.1015625 0.66171875 0.075 0.0453125
0 0.17109375 0.69765625 0.075 0.0515625
0 0.45546875 0.76328125 0.071875 0.0421875
0 0.434375 0.85234375 0.08046875 0.0390625
0 0.0984375 0.2296875 0.0640625 0.05
0 0.9625 0.40625 0.06953125 0.05
