0 0.85234375 0.525 0.0671875 0.08515625
0 0.67734375 0.4109375 0.05 0.07578125
0 0.61640625 0.378125 0.0515625 0.07265625
0 0.54765625 0.275 0.0546875 0.0890625
0 0.49375 0.27109375 0.04765625 0.0796875
0 0.41796875 0.365625 0.05078125 0.0921875
0 0.5453125 0.4171875 0.06015625 0.075
0 0.6953125 0.64609375 0.04765625 0.0609375
0 0.78984375 0.696875 0.0546875 0.07265625
0 0.82890625 0.61015625 0.05546875 0.06875
0 0.9765625 0.35390625 0.046875 0.075
0 0.9453125 0.26484375 0.05234375 0.06875
0 0.659375 0.796875 0.04375 0.06875
0 0.87265625 0.95703125 0.028125 0.065625
0 0.85 0.675 0.0390625 0.03671875
0 0.50859375 0.95703125 0.03125 0.08046875
0 0.57109375 0.8734375 0.04609375 0.03359375
0 0.575 0.65 0.03828125 0.06015625
0 0.31640625 0.39453125 0.059375 0.0828125
0 0.32890625 0.659375 0.0625 0.0671875
0 0.2328125 0.7296875 0.0515625 0.0609375
0 0.11953125 0.63203125 0.05625 0.0671875
0 0.03203125 0.65234375 0.0640625 0.1046875
0 0.02265625 0.55 0.0453125 0.078125
0 0.02265625 0.8359375 0.0453125 0.115625
0 0.053125 0.90234375 0.06953125 0.10546875
0 0.12421875 0.76484375 0.0609375 0.0953125
0 0.171875 0.7578125 0.03671875 0.09453125
0 0.26875 0.42421875 0.04375 0.08046875
0 0.26640625 0.50703125 0.05078125 0.06953125
0 0.228125 0.40234375 0.0328125 0.0546875
0 0.240625 0.33359375 0.046875 0.07421875
0 0.0703125 0.27265625 0.0515625 0.06875
0 0.14453125 0.30703125 0.06015625 0.06875
0 0.0953125 0.3375 0.0328125 0.05234375
0 0.19375 0.15859375 0.046875 0.040625
0 0.24609375 0.171875 0.04375 0.05625
0 0.29140625 0.178125 0.0515625 0.08515625
0 0.7171875 0.32109375 0.0609375 0.08359375
0 0.5234375 0.34921875 0.0609375 0.071875
0 0.59453125 0.7515625 0.0453125 0.06328125
0 0.7953125 0.2203125 0.04765625 0.0671875
