0 0.82890625 0.21875 0.1140625 0.04375
0 0.9 0.371875 0.0890625 0.059375
0 0.80390625 0.3671875 0.075 0.053125
0 0.9140625 0.62265625 0.08359375 0.0484375
0 0.978125 0.72265625 0.04375 0.0546875
0 0.7609375 0.584375 0.0890625 0.053125
0 0.69609375 0.5421875 0.08046875 0.046875
0 0.48203125 0.5234375 0.1140625 0.05625
0 0.425 0.47421875 0.1109375 0.0609375
0 0.0515625 0.64296875 0.0859375 0.0453125
0 0.115625 0.67578125 0.05859375 0.0453125
0 0.415625 0.7375 0.06953125 0.04375
0 0.39609375 0.82578125 0.0640625 0.0328125
0 0.978125 0.84921875 0.04375 0.0390625
