0 0.56875 0.2515625 0.05625 0.084375
0 0.30859375 0.1796875 0.0640625 0.075
0 0.246875 0.15703125 0.046875 0.0671875
0 0.18359375 0.23359375 0.0546875 0.0671875
0 0.1171875 0.184375 0.0625 0.090625
0 0.15390625 0.3046875 0.0578125 0.071875
0 0.2046875 0.47265625 0.0625 0.0796875
0 0.125 0.43828125 0.0625 0.0703125
0 0.0890625 0.52890625 0.05625 0.0578125
0 0.096875 0.4921875 0.04375 0.04375
0 0.0578125 0.45234375 0.059375 0.0859375
0 0.015625 0.47421875 0.03125 0.0640625
0 0.16875 0.64765625 0.046875 0.0484375
0 0.16328125 0.59609375 0.0484375 0.0671875
0 0.121875 0.6203125 0.05 0.075
0 0.253125 0.57265625 0.05625 0.0734375
0 0.36484375 0.540625 0.0671875 0.078125
0 0.378125 0.49296875 0.05 0.0703125
0 0.32890625 0.4328125 0.0546875 0.071875
0 0.45625 0.428125 0.065625 0.065625
0 0.44765625 0.38046875 0.0578125 0.0765625
0 0.56015625 0.33984375 0.0578125 0.0796875
0 0.59921875 0.41640625 0.0578125 0.0765625
0 0.9015625 0.2453125 0.059375 0.059375
0 0.76171875 0.3796875 0.0484375 0.053125
0 0.7390625 0.31875 0.053125 0.071875
0 0.83046875 0.409375 0.0578125 0.06875
0 0.8171875 0.36796875 0.05625 0.0734375
0 0.66484375 0.5515625 0.0578125 0.078125
0 0.6984375 0.6328125 0.05625 0.071875
0 0.62109375 0.671875 0.0578125 0.08125
0 0.56953125 0.62578125 0.0421875 0.0671875
0 0.51484375 0.79375 0.0734375 0.075
0 0.53046875 0.72265625 0.0421875 0.0734375
0 0.45546875 0.853125 0.0546875 0.08125
0 0.275 0.9 0.053125 0.065625
0 0.19609375 0.84765625 0.0609375 0.0796875
0 0.1734375 0.88046875 0.05 0.0578125
0 0.34609375 0.74453125 0.0546875 0.0734375
0 0.89453125 0.90390625 0.0703125 0.0890625
0 0.83828125 0.93203125 0.0609375 0.0859375
0 0.98515625 0.8515625 0.0296875 0.075
0 0.91328125 0.69609375 0.0546875 0.0859375
0 0.81484375 0.715625 0.0609375 0.071875
0 0.91953125 0.79140625 0.0515625 0.0859375
0 0.8109375 0.86953125 0.046875 0.0796875
0 0.81796875 0.79375 0.0453125 0.06875
0 0.75 0.80546875 0.05625 0.0640625
0 0.5671875 0.9703125 0.05 0.059375
0 0.45625 0.284375 0.04375 0.0375
0 0.44140625 0.23125 0.0546875 0.059375
0 0.5234375 0.52734375 0.040625 0.0640625
0 0.5015625 0.6421875 0.053125 0.0625
0 0.79921875 0.49140625 0.0515625 0.0890625
