0 0.8734375 0.2484375 0.1875 0.1828125
0 0.83125 0.45546875 0.14453125 0.1515625
0 0.75546875 0.58359375 0.14765625 0.1453125
0 0.9015625 0.8859375 0.1578125 0.12109375
0 0.07890625 0.18828125 0.10625 0.1078125
0 0.55390625 0.3671875 0.1640625 0.18359375
0 0.38203125 0.353125 0.1609375 0.15546875
0 0.06171875 0.4484375 0.1234375 0.18046875
0 0.21328125 0.62421875 0.17109375 0.146875
0 0.0796875 0.628125 0.13671875 0.16015625
0 0.56640625 0.8046875 0.165625 0.1640625
0 0.41640625 0.8109375 0.15703125 0.16484375
0 0.4609375 0.95859375 0.15 0.0828125
0 0.075 0.9421875 0.14921875 0.115625
