0 0.9 0.109375 0.1859375 0.1875
0 0.95078125 0.4890625 0.096875 0.1671875
0 0.73828125 0.0328125 0.1484375 0.06328125
0 0.60625 0.2140625 0.1203125 0.159375
0 0.25703125 0.3625 0.13125 0.1296875
0 0.1140625 0.33984375 0.08203125 0.1015625
0 0.20390625 0.7328125 0.0875 0.1203125
0 0.43046875 0.76171875 0.04609375 0.0703125
0 0.64375 0.71171875 0.1765625 0.16015625
0 0.77421875 0.846875 0.165625 0.1609375
0 0.6703125 0.840625 0.1015625 0.1625
0 0.5859375 0.9453125 0.1625 0.109375
0 0.0515625 0.95859375 0.103125 0.0828125
