0 0.75234375 0.54765625 0.2296875 0.2859375
0 0.60546875 0.22109375 0.2796875 0.3890625
0 0.465625 0.7296875 0.2 0.25625
0 0.6328125 0.81796875 0.159375 0.2171875
0 0.878125 0.8015625 0.05 0.05
0 0.8 0.796875 0.046875 0.05625
0 0.98046875 0.78984375 0.0390625 0.0453125
0 0.315625 0.47109375 0.04375 0.0609375
0 0.378125 0.30625 0.04375 0.065625
0 0.296875 0.38828125 0.040625 0.0578125
0 0.328125 0.1171875 0.046875 0.065625
0 0.39765625 0.0859375 0.0421875 0.059375
0 0.2 0.5765625 0.046875 0.05
0 0.02421875 0.48828125 0.0421875 0.0453125
0 0.275 0.32421875 0.04375 0.0546875
