0 0.4765625 0.19765625 0.203125 0.1609375
0 0.2515625 0.17109375 0.1375 0.1265625
0 0.15234375 0.10390625 0.1359375 0.1234375
0 0.37734375 0.040625 0.1421875 0.08125
0 0.65546875 0.096875 0.1734375 0.15
0 0.909375 0.05703125 0.1375 0.1109375
0 0.77578125 0.30078125 0.1296875 0.1015625
0 0.65078125 0.26171875 0.1234375 0.1171875
0 0.7734375 0.62109375 0.2375 0.2046875
0 0.42734375 0.86796875 0.3015625 0.2453125
0 0.4546875 0.61640625 0.1125 0.0765625
0 0.61328125 0.6515625 0.0859375 0.0875
0 0.2 0.76328125 0.090625 0.0734375
0 0.33828125 0.41015625 0.0765625 0.0734375
0 0.27890625 0.34609375 0.0671875 0.0671875
0 0.91171875 0.93515625 0.1234375 0.0984375
0 0.31640625 0.9515625 0.1265625 0.096875
0 0.42578125 0.275 0.1265625 0.06875
