0 0.80625 0.53984375 0.153125 0.2546875
0 0.58984375 0.4421875 0.2078125 0.3
0 0.90390625 0.0671875 0.1921875 0.134375
0 0.4203125 0.090625 0.18125 0.178125
0 0.06171875 0.17109375 0.1234375 0.2078125
0 0.378125 0.421875 0.075 0.090625
0 0.3109375 0.18984375 0.065625 0.0953125
0 0.31796875 0.6015625 0.1578125 0.25625
0 0.12265625 0.5078125 0.1453125 0.196875
0 0.03203125 0.32578125 0.0640625 0.1453125
0 0.0171875 0.4796875 0.034375 0.159375
0 0.68203125 0.76328125 0.0984375 0.1140625
0 0.66953125 0.88984375 0.0828125 0.1046875
0 0.73203125 0.96171875 0.0703125 0.0765625
0 0.3421875 0.9859375 0.065625 0.028125
0 0.11015625 0.91875 0.0515625 0.0625
0 0.66171875 0.9578125 0.0546875 0.05625
0 0.91328125 0.44609375 0.0578125 0.1265625
0 0.6890625 0.5546875 0.04375 0.065625
0 0.42109375 0.54609375 0.0546875 0.0890625
