0 0.853125 0.0828125 0.275 0.165625
0 0.6875 0.1625 0.221875 0.19375
0 0.65546875 0.034375 0.2296875 0.06875
0 0.8890625 0.1953125 0.18125 0.125
0 0.18828125 0.04921875 0.2421875 0.0984375
0 0.32265625 0.17890625 0.2390625 0.2421875
0 0.646875 0.3828125 0.2625 0.24375
0 0.28515625 0.5578125 0.2984375 0.2875
0 0.07578125 0.56015625 0.1484375 0.1609375
0 0.60234375 0.565625 0.2015625 0.134375
0 0.44609375 0.49296875 0.2046875 0.2453125
0 0.97265625 0.67890625 0.0546875 0.1671875
0 0.88984375 0.7203125 0.1109375 0.11875
0 0.85390625 0.8171875 0.1421875 0.11875
0 0.659375 0.81953125 0.15625 0.1515625
0 0.57734375 0.88125 0.1984375 0.209375
0 0.4828125 0.97109375 0.25 0.0578125
0 0.35625 0.90234375 0.23125 0.1953125
0 0.275 0.76015625 0.25 0.2015625
0 0.49921875 0.7 0.1859375 0.18125
0 0.06171875 0.90390625 0.1078125 0.1265625
0 0.02578125 0.73359375 0.0515625 0.1015625
