0 0.86953125 0.98203125 0.09296875 0.03515625
0 0.82890625 0.94921875 0.0734375 0.04296875
0 0.7671875 0.94375 0.0734375 0.05234375
0 0.23203125 0.92109375 0.08203125 0.06171875
0 0.2984375 0.80703125 0.07109375 0.05078125
0 0.14921875 0.81875 0.06875 0.0484375
0 0.140625 0.73671875 0.09453125 0.06640625
0 0.57890625 0.6171875 0.08671875 0.03984375
0 0.37890625 0.52421875 0.0734375 0.04609375
0 0.33359375 0.44609375 0.078125 0.0484375
0 0.103125 0.34765625 0.07890625 0.04609375
0 0.03828125 0.32734375 0.05390625 0.04609375
0 0.2015625 0.075 0.0859375 0.06328125
