0 0.17109375 0.38125 0.0609375 0.0625
0 0.1890625 0.31328125 0.06875 0.0734375
0 0.23515625 0.3703125 0.0546875 0.05
0 0.35234375 0.4375 0.0484375 0.05625
0 0.5171875 0.340625 0.05625 0.0625
0 0.3953125 0.41640625 0.046875 0.0546875
0 0.684375 0.290625 0.05625 0.046875
0 0.44765625 0.18359375 0.0296875 0.0328125
0 0.7046875 0.20859375 0.04375 0.0546875
0 0.7828125 0.20625 0.05 0.05
0 0.6359375 0.8328125 0.065625 0.059375
0 0.71953125 0.89140625 0.0515625 0.0421875
0 0.7015625 0.7921875 0.053125 0.06875
0 0.603125 0.69453125 0.0625 0.0671875
0 0.52421875 0.71796875 0.0546875 0.0453125
0 0.2390625 0.6921875 0.040625 0.04375
0 0.30234375 0.7078125 0.0453125 0.046875
0 0.35625 0.57890625 0.040625 0.0484375
0 0.4046875 0.60546875 0.0375 0.0515625
0 0.4578125 0.56328125 0.053125 0.0765625
0 0.4734375 0.6171875 0.0375 0.034375
0 0.57265625 0.553125 0.0546875 0.040625
0 0.57109375 0.64921875 0.0453125 0.0359375
0 0.59765625 0.6 0.0546875 0.040625
0 0.72421875 0.31640625 0.0453125 0.0578125
0 0.6328125 0.35859375 0.0375 0.0390625
0 0.81328125 0.4921875 0.0546875 0.04375
0 0.2015625 0.4890625 0.040625 0.059375
0 0.2515625 0.478125 0.0375 0.05625
0 0.8515625 0.03046875 0.0625 0.0609375
0 0.80625 0.1796875 0.034375 0.046875