0 0.18046875 0.20703125 0.2234375 0.1609375
0 0.06796875 0.0421875 0.1359375 0.084375
0 0.45234375 0.22734375 0.1703125 0.1421875
0 0.82421875 0.196875 0.1328125 0.140625
0 0.934375 0.190625 0.13125 0.146875
0 0.58203125 0.39609375 0.1640625 0.1171875
0 0.07734375 0.503125 0.1546875 0.103125
0 0.30859375 0.60625 0.0796875 0.065625
0 0.15078125 0.69375 0.0890625 0.06875
0 0.19921875 0.7375 0.0984375 0.075
0 0.065625 0.75 0.059375 0.05625
0 0.1203125 0.83359375 0.08125 0.0515625
0 0.24765625 0.8890625 0.0859375 0.06875
0 0.23984375 0.79921875 0.0734375 0.0453125
0 0.340625 0.97265625 0.071875 0.0515625
0 0.3078125 0.88046875 0.059375 0.0640625
0 0.265625 0.8390625 0.0625 0.046875
0 0.47578125 0.684375 0.1421875 0.10625
0 0.51640625 0.80859375 0.1296875 0.0671875
0 0.5125 0.74921875 0.125 0.0671875
0 0.60859375 0.671875 0.1109375 0.096875
0 0.61171875 0.75625 0.0609375 0.053125
0 0.403125 0.79609375 0.0625 0.0515625
0 0.39765625 0.7265625 0.0640625 0.05
0 0.328125 0.75546875 0.08125 0.0546875
0 0.6984375 0.78203125 0.1 0.0609375
0 0.73359375 0.82265625 0.0515625 0.0328125
0 0.821875 0.84765625 0.103125 0.0765625
0 0.78828125 0.496875 0.1328125 0.065625
0 0.571875 0.5328125 0.115625 0.09375
0 0.3703125 0.5375 0.084375 0.059375
0 0.86328125 0.34609375 0.0859375 0.0671875
0 0.96171875 0.409375 0.0765625 0.06875
0 0.72578125 0.42578125 0.0953125 0.0671875