0 0.38125 0.12421875 0.109375 0.1671875
0 0.18828125 0.13125 0.0734375 0.103125
0 0.10859375 0.1890625 0.0765625 0.09375
0 0.1109375 0.11875 0.075 0.0875
0 0.50859375 0.0296875 0.0828125 0.059375
0 0.659375 0.03359375 0.103125 0.0671875
0 0.815625 0.2203125 0.078125 0.103125
0 0.9265625 0.21953125 0.06875 0.0921875
0 0.77109375 0.44140625 0.1265625 0.2328125
0 0.6671875 0.434375 0.121875 0.221875
0 0.55078125 0.5375 0.1421875 0.2125
0 0.8609375 0.60859375 0.1625 0.2609375
0 0.97265625 0.68515625 0.0546875 0.1359375
0 0.584375 0.9234375 0.075 0.1375
0 0.4640625 0.921875 0.08125 0.121875
0 0.12890625 0.8015625 0.1234375 0.209375
0 0.03515625 0.85703125 0.0703125 0.1609375
0 0.42109375 0.534375 0.0796875 0.128125
0 0.43828125 0.3984375 0.0765625 0.121875