0 0.1359375 0.0515625 0.103125 0.103125
0 0.0625 0.28984375 0.125 0.2078125
0 0.3390625 0.37265625 0.128125 0.1703125
0 0.30078125 0.5125 0.1109375 0.15625
0 0.20703125 0.325 0.0921875 0.11875
0 0.1265625 0.36796875 0.115625 0.1515625
0 0.7171875 0.0515625 0.1125 0.103125
0 0.66484375 0.25859375 0.0984375 0.1359375
0 0.7375 0.3484375 0.0875 0.153125
0 0.61875 0.34609375 0.125 0.1203125
0 0.59296875 0.471875 0.1171875 0.165625
0 0.68515625 0.45859375 0.0515625 0.1234375
0 0.5515625 0.665625 0.0875 0.121875
0 0.4296875 0.81171875 0.115625 0.1859375
0 0.5390625 0.81328125 0.103125 0.1546875
0 0.7140625 0.93984375 0.115625 0.1203125
0 0.54765625 0.946875 0.0859375 0.103125
0 0.46875 0.9625 0.1 0.075
0 0.378125 0.7234375 0.053125 0.078125
0 0.790625 0.03046875 0.053125 0.0546875
0 0.665625 0.72109375 0.0375 0.1015625