0 0.1921875 0.27421875 0.11875 0.1578125
0 0.4921875 0.15078125 0.11875 0.1734375
0 0.6390625 0.159375 0.10625 0.184375
0 0.8328125 0.13359375 0.0875 0.1640625
0 0.91484375 0.09296875 0.0859375 0.1578125
0 0.75546875 0.2859375 0.1203125 0.190625
0 0.70078125 0.43984375 0.1265625 0.1671875
0 0.81953125 0.4796875 0.1328125 0.19375
0 0.73203125 0.6078125 0.1140625 0.15625
0 0.5640625 0.63125 0.115625 0.171875
0 0.71484375 0.8015625 0.1109375 0.1875
0 0.83359375 0.83203125 0.1328125 0.1953125
0 0.04453125 0.7796875 0.0890625 0.2125
0 0.19921875 0.5671875 0.1046875 0.146875
0 0.45 0.64921875 0.103125 0.1609375
0 0.46875 0.428125 0.11875 0.178125
0 0.5828125 0.38984375 0.1125 0.1796875
0 0.38046875 0.3203125 0.1203125 0.125
0 0.30859375 0.28515625 0.0546875 0.1515625
0 0.13828125 0.453125 0.1046875 0.165625