0 0.52109375 0.17421875 0.1453125 0.2328125
0 0.30546875 0.2296875 0.1296875 0.2125
0 0.2140625 0.6125 0.159375 0.246875
0 0.4515625 0.47265625 0.14375 0.2234375
0 0.72421875 0.2953125 0.0890625 0.134375
0 0.765625 0.25625 0.09375 0.134375
0 0.86796875 0.0984375 0.1015625 0.153125
0 0.909375 0.046875 0.090625 0.09375
0 0.74375 0.5359375 0.14375 0.209375
0 0.88203125 0.54296875 0.1359375 0.1921875
0 0.5828125 0.4640625 0.1625 0.1375
0 0.60234375 0.59921875 0.1171875 0.1421875
0 0.65078125 0.78125 0.1578125 0.2375
0 0.8203125 0.7203125 0.125 0.2
0 0.9375 0.76796875 0.125 0.1765625
0 0.4140625 0.82421875 0.140625 0.2109375
0 0.125 0.83515625 0.13125 0.2203125
0 0.253125 0.84765625 0.13125 0.1953125
0 0.3359375 0.76875 0.109375 0.153125
0 0.46171875 0.90625 0.0921875 0.128125