0 0.10859375 0.06875 0.2171875 0.1375
0 0.640625 0.121875 0.3875 0.24375
0 0.571875 0.37265625 0.36875 0.2859375
0 0.77578125 0.2859375 0.1984375 0.228125
0 0.78203125 0.51015625 0.3140625 0.2453125
0 0.46796875 0.6015625 0.3578125 0.278125
0 0.5296875 0.80859375 0.29375 0.1953125
0 0.746875 0.75625 0.190625 0.196875
0 0.30390625 0.3578125 0.2671875 0.23125
0 0.14140625 0.22421875 0.1796875 0.1515625
0 0.06640625 0.6546875 0.1328125 0.178125
0 0.2046875 0.72109375 0.196875 0.1515625
0 0.09140625 0.825 0.1828125 0.146875
0 0.25703125 0.85 0.1796875 0.16875
0 0.1015625 0.96328125 0.2 0.0734375
0 0.44296875 0.94140625 0.2421875 0.1171875
0 0.67578125 0.96484375 0.2328125 0.0703125