0 0.621875 0.72890625 0.26875 0.2546875
0 0.43515625 0.22109375 0.3734375 0.3890625
0 0.2390625 0.54765625 0.30625 0.2859375
0 0.4046875 0.81328125 0.221875 0.2203125
0 0.80625 0.1171875 0.053125 0.065625
0 0.73671875 0.30546875 0.0546875 0.0609375
0 0.84921875 0.38828125 0.0515625 0.0546875
0 0.875 0.3265625 0.053125 0.05
0 0.82109375 0.4703125 0.0515625 0.05625
0 0.9734375 0.57421875 0.053125 0.0453125
0 0.7125 0.0875 0.053125 0.05
0 0.06953125 0.80078125 0.0609375 0.0515625
0 0.16875 0.7953125 0.065625 0.05