0 0.75078125 0.159375 0.2734375 0.284375
0 0.88984375 0.02265625 0.2109375 0.0453125
0 0.11484375 0.0328125 0.1859375 0.065625
0 0.24609375 0.0390625 0.1046875 0.078125
0 0.4984375 0.36875 0.19375 0.171875
0 0.6796875 0.3484375 0.153125 0.140625
0 0.85546875 0.4640625 0.2265625 0.234375
0 0.80859375 0.7078125 0.1890625 0.15625
0 0.6875 0.70859375 0.1125 0.1359375
0 0.21171875 0.62734375 0.2546875 0.2265625
0 0.325 0.52109375 0.096875 0.1015625
0 0.4359375 0.515625 0.09375 0.096875
0 0.5046875 0.6875 0.084375 0.075
0 0.28828125 0.89296875 0.2640625 0.2140625
0 0.39296875 0.76328125 0.0984375 0.0484375
0 0.4921875 0.81875 0.09375 0.090625
0 0.5265625 0.86171875 0.075 0.0765625
0 0.85859375 0.96328125 0.1234375 0.0734375
0 0.146875 0.9671875 0.128125 0.065625
0 0.465625 0.1453125 0.115625 0.140625