0 0.4765625 0.63203125 0.246875 0.2953125
0 0.7609375 0.41015625 0.253125 0.3171875
0 0.65078125 0.5828125 0.1765625 0.24375
0 0.36171875 0.7703125 0.2234375 0.259375
0 0.0703125 0.3625 0.140625 0.178125
0 0.38984375 0.3046875 0.1859375 0.253125
0 0.92109375 0.034375 0.1578125 0.06875
0 0.2984375 0.471875 0.084375 0.109375
0 0.28671875 0.1421875 0.0734375 0.078125
0 0.175 0.1875 0.09375 0.11875
0 0.02265625 0.2 0.0453125 0.125
0 0.0359375 0.55234375 0.071875 0.0859375
0 0.271875 0.41015625 0.071875 0.0828125
0 0.28984375 0.25703125 0.0640625 0.0890625