0 0.54375 0.1703125 0.071875 0.078125
0 0.6140625 0.14296875 0.08125 0.1046875
0 0.9203125 0.18984375 0.159375 0.2765625
0 0.63671875 0.31171875 0.0796875 0.0890625
0 0.69296875 0.3921875 0.0765625 0.0875
0 0.753125 0.49765625 0.075 0.0859375
0 0.603125 0.55234375 0.0625 0.0734375
0 0.66171875 0.5078125 0.0859375 0.075
0 0.69765625 0.45390625 0.0828125 0.0328125
0 0.69921875 0.59453125 0.0984375 0.0828125
0 0.74453125 0.6546875 0.1171875 0.103125
0 0.9703125 0.4921875 0.059375 0.059375
0 0.8296875 0.41875 0.05625 0.0625
0 0.83671875 0.59296875 0.0328125 0.0453125
0 0.909375 0.6078125 0.053125 0.05
0 0.81875 0.565625 0.034375 0.0375
0 0.753125 0.8703125 0.096875 0.1
0 0.49609375 0.92265625 0.0859375 0.0796875
0 0.3421875 0.83125 0.109375 0.090625
0 0.1671875 0.765625 0.078125 0.0625
0 0.0265625 0.875 0.053125 0.1
0 0.03984375 0.509375 0.0796875 0.090625
0 0.10703125 0.48203125 0.0703125 0.0796875
0 0.1453125 0.4203125 0.084375 0.065625
0 0.19453125 0.35546875 0.0734375 0.0734375
0 0.2890625 0.45546875 0.08125 0.1078125
0 0.31015625 0.5953125 0.0984375 0.103125
0 0.37734375 0.659375 0.0890625 0.090625
0 0.40234375 0.59765625 0.0765625 0.0640625
0 0.475 0.5625 0.075 0.084375
0 0.51796875 0.615625 0.0640625 0.084375
0 0.565625 0.69375 0.090625 0.090625
0 0.5515625 0.3328125 0.05625 0.053125
0 0.53984375 0.43984375 0.0609375 0.0609375