0 0.5890625 0.18984375 0.1125 0.1734375
0 0.6859375 0.28515625 0.115625 0.1859375
0 0.79296875 0.3578125 0.1015625 0.15
0 0.51171875 0.35703125 0.1078125 0.1640625
0 0.4046875 0.41328125 0.103125 0.1640625
0 0.2484375 0.4265625 0.1 0.159375
0 0.1421875 0.425 0.096875 0.15
0 0.0375 0.44375 0.075 0.16875
0 0.20078125 0.9421875 0.0890625 0.115625
0 0.6171875 0.7703125 0.0875 0.10625
0 0.65625 0.92578125 0.10625 0.1484375
0 0.7453125 0.92109375 0.090625 0.1390625
0 0.696875 0.815625 0.0875 0.096875
0 0.6078125 0.87734375 0.090625 0.1296875
0 0.546875 0.9265625 0.078125 0.09375
0 0.5078125 0.8078125 0.05625 0.1
0 0.55390625 0.7796875 0.0640625 0.125
0 0.7078125 0.7546875 0.08125 0.096875
0 0.77421875 0.84140625 0.0703125 0.1078125