0 0.1609375 0.00703125 0.05078125 0.01171875
0 0.4578125 0.028125 0.1546875 0.05390625
0 0.14140625 0.21171875 0.153125 0.1671875
0 0.21796875 0.40703125 0.11875 0.08203125
0 0.18046875 0.59140625 0.13671875 0.15703125
0 0.53828125 0.48515625 0.0640625 0.14375
0 0.84375 0.38515625 0.1625 0.16328125
0 0.378125 0.62734375 0.1265625 0.153125
0 0.6046875 0.73671875 0.06640625 0.10859375
0 0.678125 0.6765625 0.06171875 0.0375
0 0.803125 0.628125 0.121875 0.11796875
0 0.33046875 0.88984375 0.159375 0.159375
0 0.51484375 0.95859375 0.12890625 0.0828125
0 0.6359375 0.953125 0.109375 0.09375
0 0.23203125 0.9921875 0.01875 0.015625
0 0.903125 0.0046875 0.0515625 0.0078125
0 0.97578125 0.715625 0.0484375 0.15703125
0 0.909375 0.94921875 0.04609375 0.078125