0 0.15390625 0.265625 0.2359375 0.23125
0 0.1171875 0.42109375 0.209375 0.1921875
0 0.2625 0.3875 0.196875 0.196875
0 0.21640625 0.56171875 0.2359375 0.1421875
0 0.42265625 0.428125 0.2390625 0.228125
0 0.45234375 0.15625 0.2140625 0.259375
0 0.2859375 0.071875 0.209375 0.14375
0 0.084375 0.01875 0.1625 0.0375
0 0.62734375 0.046875 0.2078125 0.09375
0 0.51796875 0.328125 0.1828125 0.203125
0 0.67578125 0.36171875 0.2328125 0.2640625
0 0.8796875 0.44765625 0.2 0.1859375
0 0.96875 0.53203125 0.0625 0.2328125
0 0.8640625 0.6484375 0.228125 0.21875
0 0.521875 0.62734375 0.246875 0.2359375
0 0.65234375 0.76953125 0.1734375 0.2140625
0 0.4703125 0.778125 0.221875 0.203125
0 0.15390625 0.8125 0.1921875 0.15625
0 0.2546875 0.90078125 0.18125 0.1984375
0 0.35234375 0.98203125 0.1984375 0.0359375
0 0.3265625 0.6703125 0.1125 0.159375