0 0.1265625 0.2484375 0.1875 0.1828125
0 0.16875 0.45546875 0.14453125 0.1515625
0 0.24453125 0.58359375 0.14765625 0.1453125
0 0.0984375 0.8859375 0.1578125 0.12109375
0 0.92109375 0.18828125 0.10625 0.1078125
0 0.44609375 0.3671875 0.1640625 0.18359375
0 0.61796875 0.353125 0.1609375 0.15546875
0 0.93828125 0.4484375 0.1234375 0.18046875
0 0.78671875 0.62421875 0.17109375 0.146875
0 0.9203125 0.628125 0.13671875 0.16015625
0 0.43359375 0.8046875 0.165625 0.1640625
0 0.58359375 0.8109375 0.15703125 0.16484375
0 0.5390625 0.95859375 0.15 0.0828125
0 0.925 0.9421875 0.14921875 0.115625