0 0.259375 0.19140625 0.16015625 0.36875
0 0.04765625 0.35 0.09453125 0.44375
0 0.1921875 0.54140625 0.16328125 0.40625
0 0.359375 0.6125 0.14453125 0.42890625
0 0.190625 0.85 0.11875 0.2859375
0 0.63828125 0.58984375 0.17109375 0.353125
0 0.49453125 0.76328125 0.17890625 0.44375
0 0.39765625 0.27421875 0.15234375 0.36875
0 0.5078125 0.36484375 0.1265625 0.38359375
0 0.61171875 0.25546875 0.134375 0.33046875
0 0.73984375 0.16171875 0.1734375 0.30859375
0 0.8 0.54140625 0.15234375 0.390625
0 0.78984375 0.83828125 0.16328125 0.278125
0 0.95 0.34609375 0.09453125 0.46640625
0 0.91875 0.71796875 0.13125 0.41328125
0 0.06484375 0.7421875 0.12890625 0.36171875
0 0.3421875 0.921875 0.15703125 0.15625
0 0.6578125 0.92421875 0.159375 0.1515625
0 0.84453125 0.15859375 0.08203125 0.3171875
0 0.4984375 0.1046875 0.12734375 0.209375