0 0.44921875 0.0734375 0.1015625 0.146875
0 0.8421875 0.10234375 0.1375 0.1921875
0 0.69140625 0.22109375 0.0984375 0.1390625
0 0.5578125 0.2765625 0.071875 0.0875
0 0.55703125 0.19375 0.0578125 0.06875
0 0.60078125 0.3125 0.0515625 0.06875
0 0.61875 0.25703125 0.046875 0.0921875
0 0.6484375 0.30390625 0.053125 0.0734375
0 0.72578125 0.3265625 0.0828125 0.115625
0 0.80703125 0.27578125 0.0890625 0.0984375
0 0.9109375 0.44609375 0.178125 0.2609375
0 0.9671875 0.61484375 0.065625 0.1296875
0 0.59765625 0.45546875 0.0578125 0.1234375
0 0.64609375 0.4390625 0.0953125 0.1375
0 0.4640625 0.42890625 0.090625 0.1328125
0 0.42734375 0.25234375 0.0984375 0.1609375
0 0.45 0.296875 0.08125 0.11875
0 0.36015625 0.16171875 0.0859375 0.1046875
0 0.34453125 0.309375 0.1265625 0.184375
0 0.23515625 0.37578125 0.1515625 0.2265625
0 0.146875 0.41484375 0.1125 0.1640625
0 0.06796875 0.60546875 0.1359375 0.2140625
0 0.07734375 0.7875 0.1390625 0.140625
0 0.26640625 0.59921875 0.1265625 0.1796875
0 0.46484375 0.68515625 0.0890625 0.1359375
0 0.4015625 0.75625 0.078125 0.11875
0 0.3546875 0.6484375 0.071875 0.121875
0 0.53359375 0.665625 0.0703125 0.096875
0 0.64921875 0.675 0.0640625 0.053125
0 0.71875 0.7515625 0.0875 0.14375
0 0.63125 0.85625 0.0875 0.125
0 0.54609375 0.7859375 0.0765625 0.134375
0 0.496875 0.87421875 0.0875 0.1265625
0 0.26796875 0.95390625 0.0359375 0.0765625
0 0.440625 0.9625 0.103125 0.075
0 0.3703125 0.93984375 0.065625 0.0921875
0 0.51171875 0.97734375 0.0421875 0.0453125
0 0.66328125 0.92578125 0.0640625 0.0828125
0 0.20859375 0.8359375 0.0546875 0.06875
0 0.05859375 0.91953125 0.0703125 0.0796875
0 0.22734375 0.69140625 0.0609375 0.0609375