0 0.89296875 0.1203125 0.2140625 0.240625
0 0.653125 0.17734375 0.18125 0.2734375
0 0.42109375 0.096875 0.1921875 0.19375
0 0.38828125 0.28203125 0.1328125 0.1796875
0 0.34140625 0.35 0.1140625 0.15625
0 0.60078125 0.37890625 0.1078125 0.1546875
0 0.50625 0.659375 0.128125 0.171875
0 0.5484375 0.8140625 0.109375 0.153125
0 0.634375 0.82578125 0.075 0.1546875
0 0.2890625 0.765625 0.078125 0.121875
0 0.3609375 0.778125 0.0875 0.10625
0 0.3890625 0.8421875 0.084375 0.08125
0 0.434375 0.940625 0.078125 0.09375