0 0.2828125 0.10546875 0.18125 0.1515625
0 0.54609375 0.04921875 0.2078125 0.0984375
0 0.3734375 0.05625 0.1 0.0875
0 0.4 0.03828125 0.08125 0.0765625
0 0.925 0.08984375 0.14375 0.1734375
0 0.715625 0.03984375 0.153125 0.0796875
0 0.64765625 0.1515625 0.1484375 0.1125
0 0.78515625 0.23828125 0.1296875 0.1140625
0 0.63359375 0.26171875 0.1109375 0.0953125
0 0.4765625 0.2171875 0.15 0.11875
0 0.3125 0.49453125 0.146875 0.1109375
0 0.05 0.68046875 0.1 0.1015625
0 0.3453125 0.74140625 0.11875 0.0671875
0 0.29609375 0.8296875 0.0796875 0.065625
0 0.23828125 0.89453125 0.0859375 0.0609375
0 0.62265625 0.80078125 0.1015625 0.0703125
0 0.81875 0.81171875 0.1125 0.0765625
0 0.74765625 0.6453125 0.0953125 0.06875
0 0.6734375 0.54921875 0.09375 0.0546875
0 0.77890625 0.38125 0.0921875 0.0625
0 0.7484375 0.2953125 0.115625 0.08125
0 0.39609375 0.62578125 0.1171875 0.0703125
0 0.5390625 0.6859375 0.065625 0.04375
0 0.19453125 0.71796875 0.0953125 0.0484375
0 0.06953125 0.309375 0.1234375 0.109375
0 0.0734375 0.23046875 0.13125 0.0515625
0 0.6140625 0.49375 0.065625 0.0625
0 0.6828125 0.4609375 0.103125 0.078125
0 0.46875 0.6 0.053125 0.046875