0 0.8359375 0.42890625 0.140625 0.1796875
0 0.90625 0.08671875 0.1875 0.1734375
0 0.815625 0.63359375 0.11875 0.1390625
0 0.87109375 0.5140625 0.1109375 0.115625
0 0.4671875 0.63984375 0.109375 0.1578125
0 0.5484375 0.51640625 0.078125 0.0828125
0 0.21015625 0.45 0.1265625 0.165625
0 0.31796875 0.41953125 0.0890625 0.1265625
0 0.2328125 0.63359375 0.115625 0.1765625
0 0.33046875 0.5734375 0.0796875 0.109375
0 0.315625 0.68515625 0.103125 0.1390625
0 0.21796875 0.8625 0.0921875 0.1625
0 0.3125 0.87734375 0.109375 0.1609375
0 0.37265625 0.49140625 0.0421875 0.0640625