0 0.03828125 0.209375 0.075 0.140625
0 0.16796875 0.1390625 0.0796875 0.0984375
0 0.18046875 0.03046875 0.14765625 0.05859375
0 0.26484375 0.18828125 0.140625 0.146875
0 0.11171875 0.26875 0.06171875 0.06328125
0 0.3140625 0.36640625 0.0546875 0.0484375
0 0.0765625 0.48203125 0.1515625 0.153125
0 0.19453125 0.85 0.18046875 0.1640625
0 0.26015625 0.96171875 0.07734375 0.0765625
0 0.41640625 0.11875 0.159375 0.14140625
0 0.5796875 0.040625 0.1703125 0.07890625
0 0.94453125 0.03203125 0.0703125 0.06171875
0 0.55625 0.16875 0.0453125 0.0703125
0 0.94609375 0.27890625 0.1015625 0.15703125
0 0.63359375 0.51640625 0.128125 0.1359375
0 0.596875 0.6765625 0.10859375 0.1421875
0 0.33359375 0.7171875 0.153125 0.140625
0 0.478125 0.825 0.11640625 0.0375
0 0.97734375 0.6875 0.040625 0.1
0 0.859375 0.7609375 0.0640625 0.05078125
0 0.9078125 0.80703125 0.0390625 0.04609375
0 0.59453125 0.9625 0.14921875 0.07421875