0 0.1421875 0.13828125 0.09375 0.1171875
0 0.3109375 0.38359375 0.25 0.3734375
0 0.20703125 0.2375 0.1078125 0.134375
0 0.5015625 0.346875 0.178125 0.3375
0 0.6640625 0.3921875 0.265625 0.421875
0 0.7625 0.7546875 0.259375 0.3625
0 0.21875 0.634375 0.096875 0.140625
0 0.0765625 0.5484375 0.025 0.13125
0 0.07890625 0.76640625 0.0328125 0.1703125
0 0.44453125 0.58515625 0.1234375 0.1890625
0 0.409375 0.9171875 0.121875 0.125
0 0.72421875 0.15703125 0.1203125 0.1265625
0 0.44453125 0.08671875 0.1171875 0.0796875
0 0.865625 0.48828125 0.06875 0.1234375
