0 0.559375 0.1234375 0.10625 0.153125
0 0.8671875 0.59453125 0.103125 0.1484375
0 0.28203125 0.83828125 0.0328125 0.0453125
0 0.64140625 0.3234375 0.1109375 0.165625
0 0.4625 0.49921875 0.13125 0.1890625
0 0.58203125 0.53046875 0.1109375 0.1890625
0 0.628125 0.4734375 0.08125 0.134375
0 0.66953125 0.53125 0.0796875 0.11875
0 0.67265625 0.63046875 0.0953125 0.1140625
0 0.796875 0.7203125 0.09375 0.13125
0 0.7765625 0.80703125 0.090625 0.1046875
0 0.5875 0.903125 0.109375 0.165625
0 0.54609375 1 0.1078125 0.071875
0 0.690625 0.95390625 0.065625 0.1015625
0 0.7125 1 0.065625 0.075
0 0.90078125 1 0.0796875 0.04375
