0 0.44140625 0.546875 0.09140625 0.15234375
0 0.4921875 0.64609375 0.09453125 0.146875
0 0.52734375 0.74765625 0.1015625 0.16953125
0 0.62421875 0.78125 0.11953125 0.146875
0 0.61171875 0.6515625 0.10859375 0.1359375
0 0.56953125 0.55546875 0.115625 0.146875
0 0.65390625 0.5328125 0.0875 0.1359375
0 0.73984375 0.575 0.1125 0.1640625
0 0.82421875 0.75859375 0.1265625 0.1921875
0 0.9078125 0.71640625 0.084375 0.175
0 0.7078125 0.74453125 0.10546875 0.18671875
0 0.57109375 0.4109375 0.1125 0.14140625
