0 0.8796875 0.4796875 0.3625 0.24375
0 0.70625 0.38515625 0.365625 0.2015625
0 0.165625 0.62265625 0.20625 0.1421875
0 0.8125 0.165625 0.096875 0.065625
0 0.434375 0.2390625 0.09375 0.05625
0 1 0.29296875 0.096875 0.0515625
0 0.290625 0.5265625 0.3 0.146875
0 0.5546875 0.259375 0.09375 0.053125
0 0.6703125 0.6953125 0.353125 0.215625
0 0.25859375 0.37734375 0.3859375 0.2078125
0 1 0.36796875 0.0625 0.0359375
0 0.25234375 0.87734375 0.1953125 0.1234375
0 0.5078125 0.8734375 0.134375 0.09375
0 0.61640625 0.9265625 0.0890625 0.075
0 0.746875 0.91484375 0.121875 0.0765625
0 0.0796875 0.90859375 0.034375 0.0953125
0 0.1125 0.8578125 0.0875 0.071875
0 0.090625 0.7109375 0.05625 0.075
