0 0.89453125 0.96015625 0.07578125 0.04296875
0 0.99609375 0.9125 0.046875 0.03359375
0 0.91328125 0.82578125 0.07109375 0.03984375
0 0.67578125 0.8296875 0.07109375 0.03828125
0 0.1546875 0.8359375 0.09375 0.05234375
0 0.18359375 0.8984375 0.07109375 0.04609375
0 0.3265625 0.87734375 0.0703125 0.05390625
0 0.38046875 0.9234375 0.07890625 0.059375
0 0.22734375 1 0.09296875 0.04765625
0 0.5765625 0.471875 0.04140625 0.03671875
0 0.93671875 0.50234375 0.0296875 0.03046875
0 1 0.36171875 0.06875 0.04921875
0 0.6765625 0.34140625 0.12578125 0.0625
0 0.584375 0.375 0.06484375 0.04296875
0 0.47578125 0.303125 0.08359375 0.04921875
0 0.40625 0.2015625 0.10078125 0.0625
0 0.33671875 0.1453125 0.1015625 0.05859375
0 1 0.28671875 0.059375 0.05390625
