0 0.4359375 0.32734375 0.365625 0.2546875
0 0.7453125 0.3328125 0.26875 0.21875
0 0.10546875 0.546875 0.0859375 0.1875
0 0.19921875 0.725 0.1984375 0.146875
0 0.53671875 0.6046875 0.3796875 0.271875
0 0.853125 0.55234375 0.31875 0.1796875
0 0.93046875 0.45625 0.2265625 0.140625
0 0.88359375 0.7375 0.1984375 0.18125
0 0.9953125 0.71953125 0.134375 0.1859375
0 0.98125 0.996875 0.1625 0.1
0 0.5390625 0.91796875 0.359375 0.2296875
0 0.2859375 0.97109375 0.228125 0.1515625
0 0.12265625 0.83359375 0.1203125 0.2015625
0 0.5046875 0.74375 0.2125 0.1
0 0.27421875 0.8453125 0.1859375 0.10625
0 0.33984375 0.7171875 0.1265625 0.10625
0 0.1078125 1 0.090625 0.0734375
0 0.1 0.28046875 0.075 0.1515625
