0 0.125 0.97421875 0.05859375 0.0390625
0 0.22890625 0.9875 0.08359375 0.059375
0 0.63359375 0.98125 0.075 0.046875
0 0.690625 0.96484375 0.06640625 0.0484375
0 0.9625 1 0.08359375 0.0421875
0 0.83203125 0.828125 0.08359375 0.046875
0 0.64140625 0.80703125 0.06953125 0.0546875
0 0.8140625 0.70234375 0.0640625 0.0546875
0 0.896875 0.721875 0.05859375 0.046875
0 0.65859375 0.60859375 0.06953125 0.0296875
0 0.30859375 0.51796875 0.0859375 0.0515625
0 0.890625 0.45 0.08359375 0.05
0 0.98359375 0.46015625 0.10859375 0.0546875
0 0.8375 0.41328125 0.06640625 0.0546875
0 0.596875 0.35 0.06953125 0.053125
0 0.525 0.24453125 0.075 0.0390625
0 0.390625 0.07890625 0.09453125 0.0515625
0 0.334375 0.096875 0.071875 0.05
