0 0.365625 0.984375 0.0609375 0.040625
0 0.425 0.9765625 0.05859375 0.03125
0 0.47890625 0.83359375 0.08359375 0.0484375
0 0.71640625 1 0.0640625 0.0359375
0 1 0.9 0.0640625 0.065625
0 0.56796875 0.72421875 0.06640625 0.0578125
0 0.74296875 0.6859375 0.078125 0.05
0 0.79453125 0.64609375 0.06953125 0.0328125
0 0.84296875 0.59921875 0.05546875 0.0359375
0 0.621875 0.45234375 0.09140625 0.0546875
0 0.27109375 0.3375 0.071875 0.053125
0 0.140625 0.2203125 0.04453125 0.04375
0 0.72890625 0.27734375 0.09453125 0.0421875
