0 0.86484375 0.453125 0.2046875 0.321875
0 0.8953125 0.66875 0.125 0.178125
0 0.990625 0.09921875 0.140625 0.1046875
0 0.88515625 0.24375 0.1265625 0.15
0 0.67421875 0.11015625 0.2078125 0.1265625
0 0.71171875 0.278125 0.1640625 0.24375
0 0.6484375 0.4421875 0.215625 0.346875
0 0.5578125 0.221875 0.121875 0.25
0 0.459375 0.37265625 0.125 0.1953125
0 0.3953125 0.471875 0.115625 0.184375
0 0.296875 0.42109375 0.090625 0.1515625
0 0.303125 0.66875 0.11875 0.16875
0 0.171875 0.771875 0.125 0.18125
0 0.178125 0.6390625 0.10625 0.115625
0 0.4625 0.68671875 0.109375 0.1640625
0 0.54609375 0.67890625 0.0859375 0.1515625
0 0.4125 0.79140625 0.078125 0.1171875
0 0.30625 0.8765625 0.078125 0.103125
0 0.38125 0.8875 0.078125 0.11875
0 0.45625 0.90859375 0.08125 0.1265625
0 0.6 0.96484375 0.121875 0.1640625
0 0.259375 1 0.08125 0.0796875
0 0.33359375 0.53671875 0.0796875 0.1046875
0 0.54609375 0.55703125 0.0921875 0.1546875
