0 0.75703125 0.31328125 0.07109375 0.0421875
0 0.746875 0.3453125 0.08515625 0.0375
0 0.734375 0.3953125 0.0765625 0.034375
0 0.66328125 0.390625 0.0765625 0.0375
0 0.61796875 0.5109375 0.08203125 0.040625
0 0.68359375 0.49296875 0.065625 0.0390625
0 0.7328125 0.4640625 0.090625 0.0375
0 0.78671875 0.4921875 0.05703125 0.034375
0 0.73046875 0.54921875 0.07421875 0.0359375
0 0.64609375 0.546875 0.065625 0.0375
0 0.815625 0.6328125 0.0796875 0.040625
0 0.84375 0.5859375 0.06796875 0.034375
0 0.6265625 0.71640625 0.05390625 0.0328125
0 0.590625 0.728125 0.096875 0.03125
0 0.66484375 0.72578125 0.0625 0.0328125
0 0.81953125 0.721875 0.07109375 0.040625
0 0.8921875 0.7078125 0.10234375 0.034375
0 0.77265625 0.678125 0.0796875 0.028125
0 0.09375 0.678125 0.05703125 0.0375
0 0.78515625 0.7421875 0.08828125 0.04375
