0 0.80078125 0.1 0.1921875 0.10625
0 0.4703125 0.13515625 0.2 0.1765625
0 0.61953125 0.2984375 0.1765625 0.14375
0 0.9796875 0.4421875 0.165625 0.140625
0 0.69296875 0.609375 0.1390625 0.109375
0 0.50078125 0.43984375 0.0796875 0.0734375
0 0.6984375 0.2265625 0.0875 0.090625
0 0.72109375 0.3234375 0.0953125 0.096875
0 0.8203125 0.54765625 0.09375 0.0640625
0 0.9453125 0.6703125 0.128125 0.109375
0 0.99296875 0.83125 0.1390625 0.11875
0 0.68359375 0.81953125 0.1296875 0.1046875
0 0.55234375 0.86328125 0.0671875 0.0578125
0 0.575 0.765625 0.0625 0.05625
0 0.540625 0.72265625 0.046875 0.0546875
0 0.99609375 0.90390625 0.1109375 0.0703125
