0 0.946875 0.203125 0.23125 0.3
0 0.96484375 0.38984375 0.1953125 0.1546875
0 0.71171875 0.29140625 0.2078125 0.1953125
0 0.4859375 0.1640625 0.121875 0.140625
0 0.64609375 0.16640625 0.0765625 0.0984375
0 0.42109375 0.3203125 0.1265625 0.1375
0 0.53046875 0.26875 0.0671875 0.06875
0 0.5703125 0.2984375 0.059375 0.09375
0 0.51875 0.45 0.146875 0.175
0 0.14765625 0.459375 0.1703125 0.203125
0 0.11953125 0.66796875 0.1140625 0.1703125
0 0.18671875 0.815625 0.1234375 0.11875
0 0.3515625 0.69296875 0.275 0.2515625
0 0.6140625 0.64921875 0.271875 0.2671875
0 0.73125 0.753125 0.184375 0.18125
0 0.628125 0.92734375 0.225 0.2234375
0 0.43125 0.91875 0.18125 0.140625
0 0.8421875 0.93203125 0.13125 0.1296875
0 0.809375 1 0.146875 0.08125
0 0.1078125 0.28671875 0.090625 0.1015625
0 0.2984375 0.19609375 0.128125 0.0546875
0 0.140625 0.2125 0.071875 0.078125
