0 0.5984375 0.08671875 0.21875 0.0796875
0 0.490625 0.1890625 0.225 0.225
0 0.63828125 0.334375 0.2203125 0.221875
0 0.85 0.421875 0.209375 0.203125
0 0.6578125 0.52890625 0.184375 0.1828125
0 0.78203125 0.55546875 0.1453125 0.1671875
0 0.26171875 0.2765625 0.0734375 0.065625
0 0.09609375 0.55859375 0.0671875 0.1421875
0 0.1390625 0.7109375 0.13125 0.1375
0 0.27265625 0.725 0.1359375 0.128125
0 0.21484375 0.8421875 0.1421875 0.109375
0 0.2078125 0.965625 0.115625 0.1125
0 0.3859375 0.89609375 0.140625 0.1390625
0 0.68984375 0.7546875 0.1578125 0.15
0 0.971875 0.85390625 0.175 0.1796875
0 1 0.915625 0.046875 0.18125
0 0.88046875 1 0.1484375 0.0734375
0 0.653125 0.8515625 0.059375 0.0625
0 0.5328125 0.953125 0.05625 0.053125
0 0.2609375 1 0.096875 0.0578125
