0 0.21875 0.5203125 0.1625 0.228125
0 0.38828125 0.56484375 0.1671875 0.2265625
0 0.4984375 0.5265625 0.1125 0.2
0 0.61796875 0.6140625 0.1515625 0.2
0 0.75390625 0.6015625 0.1390625 0.1875
0 0.90546875 0.53359375 0.1671875 0.2390625
0 0.60546875 0.85859375 0.1671875 0.2265625
0 0.7859375 0.82890625 0.0375 0.0453125
0 0.3359375 0.909375 0.04375 0.059375
0 0.2859375 1 0.04375 0.0359375
0 0.44375 0.4203125 0.115625 0.08125
0 0.4859375 0.9859375 0.034375 0.040625
0 0.5453125 0.99453125 0.034375 0.0359375
0 0.9421875 0.6671875 0.0625 0.0625
