0 0.21015625 0.571875 0.0671875 0.08515625
0 0.38515625 0.4578125 0.05 0.07578125
0 0.44609375 0.425 0.0515625 0.07265625
0 0.51484375 0.321875 0.0546875 0.0890625
0 0.56875 0.31796875 0.04765625 0.0796875
0 0.64453125 0.4125 0.05078125 0.0921875
0 0.5171875 0.4640625 0.06015625 0.075
0 0.3671875 0.69296875 0.04765625 0.0609375
0 0.27265625 0.74375 0.0546875 0.07265625
0 0.23359375 0.65703125 0.05546875 0.06875
0 0.0859375 0.40078125 0.046875 0.075
0 0.1171875 0.31171875 0.05234375 0.06875
0 0.403125 0.84375 0.04375 0.06875
0 0.18984375 1 0.028125 0.065625
0 0.2125 0.721875 0.0390625 0.03671875
0 0.55390625 1 0.03125 0.08046875
0 0.49140625 0.9203125 0.04609375 0.03359375
0 0.4875 0.696875 0.03828125 0.06015625
0 0.74609375 0.44140625 0.059375 0.0828125
0 0.73359375 0.70625 0.0625 0.0671875
0 0.8296875 0.7765625 0.0515625 0.0609375
0 0.94296875 0.67890625 0.05625 0.0671875
0 1 0.69921875 0.0640625 0.1046875
0 1 0.596875 0.0453125 0.078125
0 1 0.8828125 0.0453125 0.115625
0 1 0.94921875 0.06953125 0.10546875
0 0.93828125 0.81171875 0.0609375 0.0953125
0 0.890625 0.8046875 0.03671875 0.09453125
0 0.79375 0.47109375 0.04375 0.08046875
0 0.79609375 0.55390625 0.05078125 0.06953125
0 0.834375 0.44921875 0.0328125 0.0546875
0 0.821875 0.38046875 0.046875 0.07421875
0 0.9921875 0.31953125 0.0515625 0.06875
0 0.91796875 0.35390625 0.06015625 0.06875
0 0.9671875 0.384375 0.0328125 0.05234375
0 0.86875 0.20546875 0.046875 0.040625
0 0.81640625 0.21875 0.04375 0.05625
0 0.77109375 0.225 0.0515625 0.08515625
0 0.3453125 0.36796875 0.0609375 0.08359375
0 0.5390625 0.39609375 0.0609375 0.071875
0 0.46796875 0.7984375 0.0453125 0.06328125
0 0.2671875 0.2671875 0.04765625 0.0671875
