0 0.51171875 0.1203125 0.1015625 0.146875
0 0.9046875 0.14921875 0.1375 0.1921875
0 0.75390625 0.26796875 0.0984375 0.1390625
0 0.6203125 0.3234375 0.071875 0.0875
0 0.61953125 0.240625 0.0578125 0.06875
0 0.66328125 0.359375 0.0515625 0.06875
0 0.68125 0.30390625 0.046875 0.0921875
0 0.7109375 0.35078125 0.053125 0.0734375
0 0.78828125 0.3734375 0.0828125 0.115625
0 0.86953125 0.32265625 0.0890625 0.0984375
0 0.9734375 0.49296875 0.178125 0.2609375
0 1 0.66171875 0.065625 0.1296875
0 0.66015625 0.50234375 0.0578125 0.1234375
0 0.70859375 0.4859375 0.0953125 0.1375
0 0.5265625 0.47578125 0.090625 0.1328125
0 0.48984375 0.29921875 0.0984375 0.1609375
0 0.5125 0.34375 0.08125 0.11875
0 0.42265625 0.20859375 0.0859375 0.1046875
0 0.40703125 0.35625 0.1265625 0.184375
0 0.29765625 0.42265625 0.1515625 0.2265625
0 0.209375 0.46171875 0.1125 0.1640625
0 0.13046875 0.65234375 0.1359375 0.2140625
0 0.13984375 0.834375 0.1390625 0.140625
0 0.32890625 0.64609375 0.1265625 0.1796875
0 0.52734375 0.73203125 0.0890625 0.1359375
0 0.4640625 0.803125 0.078125 0.11875
0 0.4171875 0.6953125 0.071875 0.121875
0 0.59609375 0.7125 0.0703125 0.096875
0 0.71171875 0.721875 0.0640625 0.053125
0 0.78125 0.7984375 0.0875 0.14375
0 0.69375 0.903125 0.0875 0.125
0 0.60859375 0.8328125 0.0765625 0.134375
0 0.559375 0.92109375 0.0875 0.1265625
0 0.33046875 1 0.0359375 0.0765625
0 0.503125 1 0.103125 0.075
0 0.4328125 0.98671875 0.065625 0.0921875
0 0.57421875 1 0.0421875 0.0453125
0 0.72578125 0.97265625 0.0640625 0.0828125
0 0.27109375 0.8828125 0.0546875 0.06875
0 0.12109375 0.96640625 0.0703125 0.0796875
0 0.28984375 0.73828125 0.0609375 0.0609375
