0 0.6515625 0.23671875 0.1125 0.1734375
0 0.7484375 0.33203125 0.115625 0.1859375
0 0.85546875 0.4046875 0.1015625 0.15
0 0.57421875 0.40390625 0.1078125 0.1640625
0 0.4671875 0.46015625 0.103125 0.1640625
0 0.3109375 0.4734375 0.1 0.159375
0 0.2046875 0.471875 0.096875 0.15
0 0.1 0.490625 0.075 0.16875
0 0.26328125 0.9890625 0.0890625 0.115625
0 0.6796875 0.8171875 0.0875 0.10625
0 0.71875 0.97265625 0.10625 0.1484375
0 0.8078125 0.96796875 0.090625 0.1390625
0 0.759375 0.8625 0.0875 0.096875
0 0.6703125 0.92421875 0.090625 0.1296875
0 0.609375 0.9734375 0.078125 0.09375
0 0.5703125 0.8546875 0.05625 0.1
0 0.61640625 0.8265625 0.0640625 0.125
0 0.7703125 0.8015625 0.08125 0.096875
0 0.83671875 0.88828125 0.0703125 0.1078125
