0 0.684375 0.77578125 0.26875 0.2546875
0 0.49765625 0.26796875 0.3734375 0.3890625
0 0.3015625 0.59453125 0.30625 0.2859375
0 0.4671875 0.86015625 0.221875 0.2203125
0 0.86875 0.1640625 0.053125 0.065625
0 0.79921875 0.35234375 0.0546875 0.0609375
0 0.91171875 0.43515625 0.0515625 0.0546875
0 0.9375 0.3734375 0.053125 0.05
0 0.88359375 0.5171875 0.0515625 0.05625
0 1 0.62109375 0.053125 0.0453125
0 0.775 0.134375 0.053125 0.05
0 0.13203125 0.84765625 0.0609375 0.0515625
0 0.23125 0.8421875 0.065625 0.05
