0 0.3609375 0.259375 0.15703125 0.1390625
0 0.5125 0.2140625 0.1609375 0.13515625
0 0.7421875 0.328125 0.1609375 0.13359375
0 0.5703125 0.353125 0.15078125 0.140625
0 0.42109375 0.39296875 0.16640625 0.13203125
0 0.14921875 0.3453125 0.14765625 0.13515625
0 0.40703125 0.5203125 0.1453125 0.12265625
0 0.32265625 0.4578125 0.1109375 0.10703125
0 0.56640625 0.5703125 0.17421875 0.1484375
0 0.7578125 0.5453125 0.15390625 0.14140625
0 0.7609375 0.6921875 0.1796875 0.153125
0 0.59609375 0.740625 0.15390625 0.12890625
0 0.7421875 0.78984375 0.134375 0.0578125
0 0.54765625 0.46796875 0.11953125 0.05859375
