0 0.91640625 0.3578125 0.059375 0.0859375
0 0.47890625 0.3953125 0.0671875 0.103125
0 0.4953125 0.54375 0.025 0.0890625
0 0.71875 0.63046875 0.0796875 0.078125
0 0.8578125 0.65234375 0.0375 0.096875
0 0.10859375 0.69140625 0.0890625 0.075
0 0.375 0.69375 0.090625 0.13359375
0 0.28828125 0.72734375 0.0484375 0.09453125
0 0.76953125 0.1203125 0.1015625 0.146875
0 1 0.79375 0.08125 0.125
0 0.20234375 0.9359375 0.0765625 0.1390625
0 0.728125 1 0.065625 0.0703125
0 0.88515625 0.21875 0.0859375 0.11640625
0 0.13203125 0.25625 0.0859375 0.11953125
