0 0.46328125 0.6953125 0.1265625 0.153125
0 0.93203125 0.68125 0.1296875 0.1625
0 0.7578125 0.9453125 0.13125 0.15625
0 0.12421875 0.81015625 0.1234375 0.1890625
0 0.3203125 0.7609375 0.1375 0.215625
0 0.45625 0.80546875 0.14375 0.1515625
0 0.5046875 0.6515625 0.121875 0.18125
0 0.87734375 0.60390625 0.1484375 0.1515625
0 0.82265625 0.6765625 0.0984375 0.084375
0 0.3 0.36015625 0.109375 0.1265625
0 0.09921875 0.24296875 0.0734375 0.1421875
0 0.10703125 0.12578125 0.0890625 0.1140625
0 0.190625 0.0734375 0.078125 0.053125
0 0.36328125 0.5984375 0.0984375 0.121875
