0 0.24296875 0.25390625 0.2234375 0.1609375
0 0.13046875 0.0890625 0.1359375 0.084375
0 0.51484375 0.27421875 0.1703125 0.1421875
0 0.88671875 0.24375 0.1328125 0.140625
0 0.996875 0.2375 0.13125 0.146875
0 0.64453125 0.44296875 0.1640625 0.1171875
0 0.13984375 0.55 0.1546875 0.103125
0 0.37109375 0.653125 0.0796875 0.065625
0 0.21328125 0.740625 0.0890625 0.06875
0 0.26171875 0.784375 0.0984375 0.075
0 0.128125 0.796875 0.059375 0.05625
0 0.1828125 0.88046875 0.08125 0.0515625
0 0.31015625 0.9359375 0.0859375 0.06875
0 0.30234375 0.84609375 0.0734375 0.0453125
0 0.403125 1 0.071875 0.0515625
0 0.3703125 0.92734375 0.059375 0.0640625
0 0.328125 0.8859375 0.0625 0.046875
0 0.53828125 0.73125 0.1421875 0.10625
0 0.57890625 0.85546875 0.1296875 0.0671875
0 0.575 0.79609375 0.125 0.0671875
0 0.67109375 0.71875 0.1109375 0.096875
0 0.67421875 0.803125 0.0609375 0.053125
0 0.465625 0.84296875 0.0625 0.0515625
0 0.46015625 0.7734375 0.0640625 0.05
0 0.390625 0.80234375 0.08125 0.0546875
0 0.7609375 0.82890625 0.1 0.0609375
0 0.79609375 0.86953125 0.0515625 0.0328125
0 0.884375 0.89453125 0.103125 0.0765625
0 0.85078125 0.54375 0.1328125 0.065625
0 0.634375 0.5796875 0.115625 0.09375
0 0.4328125 0.584375 0.084375 0.059375
0 0.92578125 0.39296875 0.0859375 0.0671875
0 1 0.45625 0.0765625 0.06875
0 0.78828125 0.47265625 0.0953125 0.0671875
