0 0.31015625 0.59453125 0.2296875 0.2859375
0 0.45703125 0.26796875 0.2796875 0.3890625
0 0.596875 0.7765625 0.2 0.25625
0 0.4296875 0.86484375 0.159375 0.2171875
0 0.184375 0.8484375 0.05 0.05
0 0.2625 0.84375 0.046875 0.05625
0 0.08203125 0.83671875 0.0390625 0.0453125
0 0.746875 0.51796875 0.04375 0.0609375
0 0.684375 0.353125 0.04375 0.065625
0 0.765625 0.43515625 0.040625 0.0578125
0 0.734375 0.1640625 0.046875 0.065625
0 0.66484375 0.1328125 0.0421875 0.059375
0 0.8625 0.6234375 0.046875 0.05
0 1 0.53515625 0.0421875 0.0453125
0 0.7875 0.37109375 0.04375 0.0546875
