0 0.28359375 0.14375 0.10859375 0.14453125
0 0.33203125 0.50078125 0.11640625 0.14140625
0 0.10234375 0.6328125 0.07890625 0.11640625
0 0.1125 0.94375 0.08125 0.11640625
0 0.23984375 0.91328125 0.0875 0.128125
0 0.29453125 0.8 0.08515625 0.128125
0 0.41640625 0.91875 0.0875 0.0890625
0 0.42109375 0.9921875 0.09140625 0.071875
0 0.53359375 0.821875 0.10234375 0.1109375
0 0.61953125 0.69375 0.10625 0.15546875
0 0.703125 0.71484375 0.10625 0.146875
0 0.70703125 0.809375 0.13125 0.10859375
0 0.75546875 0.5328125 0.11015625 0.128125
0 0.46875 0.1484375 0.1 0.125
0 0.57734375 0.1703125 0.1125 0.146875
0 0.46015625 0.26875 0.10859375 0.1109375
0 0.49140625 0.42890625 0.05 0.053125
0 0.56171875 0.31796875 0.05625 0.08046875
0 0.63671875 0.41796875 0.03984375 0.046875
0 0.82109375 0.57890625 0.09140625 0.1359375
0 0.99609375 0.7609375 0.0875 0.11640625
0 0.95390625 0.9609375 0.08359375 0.121875
0 0.096875 0.809375 0.06875 0.15
0 0.29296875 0.3140625 0.090625 0.1015625
