0 0.51484375 0.5140625 0.1609375 0.215625
0 0.61953125 0.47421875 0.1171875 0.1828125
0 0.1515625 0.640625 0.13125 0.175
0 0.30625 0.7 0.103125 0.18125
0 0.2453125 0.96953125 0.171875 0.1546875
0 0.4625 0.93359375 0.159375 0.2265625
0 1 0.4625 0.0828125 0.09375
0 0.296875 0.38125 0.109375 0.10625
0 0.93671875 0.725 0.0890625 0.090625
0 0.7890625 0.753125 0.071875 0.0875
0 0.71171875 0.7796875 0.0671875 0.096875
0 0.8203125 0.64765625 0.053125 0.0796875
0 0.97890625 0.59296875 0.0578125 0.0703125
0 0.95390625 0.421875 0.0515625 0.071875
