0 0.6671875 0.2375 0.284375 0.290625
0 0.62734375 0.50546875 0.2640625 0.2609375
0 0.80859375 0.59921875 0.2640625 0.2359375
0 0.878125 0.825 0.28125 0.29375
0 0.62109375 0.74609375 0.2390625 0.2765625
0 0.471875 0.73203125 0.1625 0.2578125
0 0.340625 0.6328125 0.2375 0.259375
0 0.29296875 0.803125 0.2484375 0.209375
0 0.1453125 0.61015625 0.165625 0.1984375
0 0.12890625 0.490625 0.1328125 0.121875
0 0.33828125 0.484375 0.2078125 0.146875
0 0.51171875 0.978125 0.1515625 0.1375
0 0.34453125 1 0.1796875 0.065625
0 1 0.7078125 0.071875 0.08125
