0 0.33984375 0.50390625 0.1078125 0.2265625
0 0.43125 0.6109375 0.103125 0.178125
0 0.4640625 0.65859375 0.084375 0.1546875
0 0.74375 0.67265625 0.11875 0.2109375
0 0.74765625 0.29921875 0.1046875 0.2046875
0 0.696875 0.35546875 0.1125 0.2015625
0 0.8859375 0.4359375 0.109375 0.18125
0 1 0.48515625 0.1140625 0.2265625
0 0.8109375 0.103125 0.13125 0.1125
0 0.88203125 0.16328125 0.1046875 0.1828125
0 0.7671875 0.9078125 0.121875 0.184375
0 0.7921875 0.81953125 0.190625 0.2015625
0 0.525 0.94921875 0.13125 0.1953125
0 0.18125 0.97890625 0.11875 0.1359375
0 0.28046875 0.828125 0.0796875 0.16875
0 0.2890625 0.9859375 0.103125 0.121875
0 0.096875 0.96875 0.06875 0.15625
0 0.60078125 0.65078125 0.1109375 0.1109375
