0 0.08671875 0.3625 0.0484375 0.159375
0 0.3453125 0.24765625 0.0875 0.1484375
0 0.428125 0.29296875 0.1125 0.1546875
0 0.5703125 0.371875 0.09375 0.1375
0 0.721875 0.4265625 0.121875 0.171875
0 0.8125 0.3546875 0.09375 0.15625
0 0.9046875 0.3609375 0.1 0.159375
0 0.8609375 0.55859375 0.09375 0.1453125
0 0.7296875 0.58046875 0.1 0.1359375
0 0.41171875 0.7453125 0.1296875 0.190625
0 0.3 0.68984375 0.109375 0.1796875
0 0.440625 0.95 0.1 0.165625
0 0.36796875 0.834375 0.1171875 0.125
0 0.0921875 0.86796875 0.059375 0.1453125
