0 0.44375 0.17109375 0.109375 0.1671875
0 0.25078125 0.178125 0.0734375 0.103125
0 0.17109375 0.2359375 0.0765625 0.09375
0 0.1734375 0.165625 0.075 0.0875
0 0.57109375 0.0765625 0.0828125 0.059375
0 0.721875 0.08046875 0.103125 0.0671875
0 0.878125 0.2671875 0.078125 0.103125
0 0.9890625 0.26640625 0.06875 0.0921875
0 0.83359375 0.48828125 0.1265625 0.2328125
0 0.7296875 0.48125 0.121875 0.221875
0 0.61328125 0.584375 0.1421875 0.2125
0 0.9234375 0.65546875 0.1625 0.2609375
0 1 0.73203125 0.0546875 0.1359375
0 0.646875 0.9703125 0.075 0.1375
0 0.5265625 0.96875 0.08125 0.121875
0 0.19140625 0.8484375 0.1234375 0.209375
0 0.09765625 0.90390625 0.0703125 0.1609375
0 0.48359375 0.58125 0.0796875 0.128125
0 0.50078125 0.4453125 0.0765625 0.121875
