0 0.3328125 0.08671875 0.059375 0.0796875
0 0.2234375 0.12734375 0.071875 0.0828125
0 0.36953125 0.21953125 0.0546875 0.0765625
0 0.378125 0.15078125 0.053125 0.0640625
0 0.17421875 0.2640625 0.0703125 0.0875
0 0.27734375 0.3 0.0640625 0.06875
0 0.0890625 0.51328125 0.053125 0.1671875
0 0.1 0.59921875 0.065625 0.1109375
0 0.32578125 0.4984375 0.0859375 0.1
0 0.26640625 0.58984375 0.0859375 0.1046875
0 0.5 0.503125 0.05625 0.065625
0 0.6421875 0.57890625 0.14375 0.2109375
0 0.9171875 0.5171875 0.05625 0.090625
0 0.73984375 0.7859375 0.0640625 0.065625
0 0.56015625 0.73828125 0.1328125 0.1765625
0 0.43203125 0.82578125 0.1140625 0.1515625
0 0.29921875 0.8359375 0.0890625 0.096875
0 0.27421875 0.98125 0.0734375 0.0875
0 0.08359375 0.96640625 0.0421875 0.0796875
