0 0.1625 0.15625 0.1859375 0.1875
0 0.11171875 0.5359375 0.096875 0.1671875
0 0.32421875 0.0796875 0.1484375 0.06328125
0 0.45625 0.2609375 0.1203125 0.159375
0 0.80546875 0.409375 0.13125 0.1296875
0 0.9484375 0.38671875 0.08203125 0.1015625
0 0.85859375 0.7796875 0.0875 0.1203125
0 0.63203125 0.80859375 0.04609375 0.0703125
0 0.41875 0.75859375 0.1765625 0.16015625
0 0.28828125 0.89375 0.165625 0.1609375
0 0.3921875 0.8875 0.1015625 0.1625
0 0.4765625 0.9921875 0.1625 0.109375
0 1 1 0.103125 0.0828125
