0 0.36328125 0.32109375 0.2015625 0.1609375
0 0.3390625 0.1484375 0.0875 0.078125
0 0.16640625 0.35625 0.1296875 0.134375
0 0.20625 0.66328125 0.246875 0.1734375
0 0.12421875 0.69453125 0.1234375 0.1453125
0 0.45234375 0.6859375 0.1171875 0.0875
0 0.63515625 0.46015625 0.1796875 0.1390625
0 0.8046875 0.5 0.18125 0.128125
0 0.71015625 0.64140625 0.1109375 0.0859375
0 0.68125 0.703125 0.103125 0.06875
0 0.3984375 0.9203125 0.140625 0.103125
0 0.596875 0.8140625 0.059375 0.059375
0 0.784375 0.79296875 0.153125 0.1140625
0 0.77421875 0.90390625 0.1453125 0.1015625
0 1 0.24765625 0.096875 0.0921875
0 0.9453125 0.21640625 0.059375 0.0640625
0 1 0.1078125 0.0953125 0.103125
0 0.64765625 0.3265625 0.0578125 0.05625
0 0.89921875 0.08828125 0.0640625 0.0609375
