0 0.20390625 0.44921875 0.2234375 0.1703125
0 0.53046875 0.48203125 0.1671875 0.1421875
0 0.65859375 0.5296875 0.1671875 0.125
0 0.7203125 0.61953125 0.15 0.1078125
0 0.8453125 0.63671875 0.140625 0.1078125
0 0.98203125 0.715625 0.1328125 0.09375
0 1 0.6890625 0.0546875 0.084375
0 0.5328125 0.75 0.096875 0.065625
0 0.44375 0.78828125 0.078125 0.0578125
0 0.353125 0.80859375 0.084375 0.0734375
0 0.2890625 0.87578125 0.08125 0.0640625
0 0.17265625 1 0.0890625 0.0484375
0 0.34609375 0.55546875 0.0796875 0.0640625
0 0.334375 0.40859375 0.125 0.1234375
