0 0.746875 0.3828125 0.046875 0.071875
0 1 0.42578125 0.0359375 0.06953125
0 0.85390625 0.51640625 0.0421875 0.06640625
0 0.5484375 0.56796875 0.040625 0.06953125
0 0.7265625 0.67578125 0.04375 0.06953125
0 0.66328125 0.68828125 0.0453125 0.05859375
0 0.59609375 0.796875 0.0453125 0.0609375
0 0.903125 0.809375 0.05 0.09140625
0 0.275 0.125 0.040625 0.0609375
0 0.93828125 1 0.0484375 0.08046875
0 0.61796875 0.18125 0.0296875 0.075
0 0.46953125 0.2109375 0.0421875 0.06640625
0 0.56875 0.22890625 0.046875 0.0640625
0 0.9078125 0.29296875 0.046875 0.08046875
0 0.35078125 0.071875 0.0515625 0.05
