0 0.6390625 0.175 0.209375 0.178125
0 0.35703125 0.18671875 0.2234375 0.1921875
0 0.3734375 0.08203125 0.2 0.0703125
0 0.37421875 0.55078125 0.2671875 0.2109375
0 0.68671875 0.52578125 0.2390625 0.2015625
0 0.67265625 0.8078125 0.1703125 0.134375
0 0.515625 0.79453125 0.1625 0.1046875
0 0.31953125 0.93984375 0.1921875 0.1765625
0 1 0.3625 0.078125 0.0625
0 0.85234375 0.36328125 0.0703125 0.0546875
0 0.16171875 0.4453125 0.0953125 0.0625
0 0.99921875 1 0.0578125 0.05
0 0.94765625 0.93046875 0.0609375 0.0453125
0 0.35859375 0.67734375 0.1921875 0.1046875
0 0.89375 0.8890625 0.05625 0.04375
0 0.91015625 0.44453125 0.0703125 0.0578125
