0 0.81953125 0.26171875 0.3859375 0.4140625
0 0.975 0.36328125 0.175 0.3484375
0 1 0.26953125 0.0546875 0.2671875
0 0.40703125 0.4296875 0.2203125 0.28125
0 0.15625 0.27734375 0.1875 0.2765625
0 0.2421875 0.2625 0.1125 0.215625
0 0.3390625 0.25703125 0.128125 0.1484375
0 0.45859375 0.159375 0.2015625 0.153125
0 0.55625 0.2859375 0.165625 0.2125
0 0.34609375 0.85390625 0.2015625 0.2421875
0 0.54453125 0.8640625 0.2203125 0.246875
0 0.99296875 0.89453125 0.1390625 0.2453125
0 0.85234375 0.87421875 0.1703125 0.2203125
0 0.496875 0.9859375 0.209375 0.121875
0 0.65234375 0.9546875 0.1109375 0.184375
0 0.78359375 0.9234375 0.1359375 0.178125
0 0.23984375 0.55703125 0.0671875 0.0890625
0 0.1671875 0.5671875 0.075 0.078125
0 0.7765625 0.7578125 0.13125 0.09375
0 0.9203125 0.70078125 0.13125 0.1296875
0 0.6640625 0.60546875 0.11875 0.1171875
0 0.43828125 0.5625 0.2296875 0.228125
