0 0.965625 0.40078125 0.190625 0.1140625
0 0.653125 0.06953125 0.1875 0.0453125
0 0.428125 0.31171875 0.178125 0.1109375
0 0.79140625 0.28984375 0.1953125 0.1140625
0 0.38125 0.49609375 0.178125 0.1046875
0 0.62890625 0.53828125 0.1171875 0.0734375
0 0.43515625 0.62109375 0.1328125 0.0734375
0 0.215625 0.68671875 0.190625 0.1078125
0 0.64453125 0.709375 0.1015625 0.071875
0 0.5859375 0.76328125 0.090625 0.0578125
0 0.53515625 0.81015625 0.0734375 0.0453125
0 0.5375 0.96796875 0.134375 0.0953125
0 0.265625 0.36953125 0.1375 0.0796875
