0 0.62890625 0.28203125 0.1921875 0.2703125
0 0.5375 0.23125 0.171875 0.25
0 0.425 0.525 0.19375 0.25625
0 0.6 0.45390625 0.184375 0.1984375
0 0.72734375 0.52109375 0.1421875 0.1984375
0 0.86328125 0.59453125 0.1046875 0.1265625
0 0.590625 0.66171875 0.2 0.2734375
0 0.4 0.82265625 0.175 0.2640625
0 0.54921875 0.9234375 0.1734375 0.246875
0 0.64453125 0.8859375 0.1203125 0.203125
0 0.403125 0.9578125 0.134375 0.13125
0 0.7265625 0.68828125 0.1 0.1546875
0 1 0.07578125 0.0828125 0.0578125
0 0.7375 0.18671875 0.065625 0.1171875
0 0.14296875 0.11171875 0.0578125 0.0765625
