0 0.22421875 0.61015625 0.1171875 0.1234375
0 0.271875 0.8234375 0.1375 0.14375
0 0.12109375 1 0.1046875 0.059375
0 0.1296875 0.940625 0.1 0.08125
0 0.4625 0.79921875 0.1125 0.0953125
0 0.55703125 0.7421875 0.0890625 0.075
0 0.62265625 0.7109375 0.0796875 0.08125
0 0.73671875 0.734375 0.0859375 0.065625
0 0.7109375 0.6828125 0.08125 0.059375
0 0.984375 0.7890625 0.071875 0.0625
0 0.94140625 0.73359375 0.0703125 0.0640625
0 0.7765625 0.62734375 0.08125 0.0796875
0 0.86328125 0.63359375 0.0640625 0.0515625
0 0.490625 0.5640625 0.065625 0.059375
0 0.5125 0.4359375 0.065625 0.05
0 0.51328125 0.234375 0.0578125 0.05625
0 0.4375 0.21015625 0.04375 0.0453125
0 0.6171875 0.12890625 0.0625 0.0484375
0 0.7125 0.07578125 0.059375 0.0453125
0 0.7125 0.36953125 0.040625 0.0390625
0 0.58125 0.23515625 0.04375 0.0546875
0 0.34609375 0.76171875 0.0828125 0.0796875
