0 0.346875 0.55546875 0.221875 0.2890625
0 0.1796875 0.5734375 0.225 0.3453125
0 0.77109375 0.6359375 0.2625 0.27109375
0 0.9359375 0.65390625 0.24453125 0.315625
0 0.52890625 0.72265625 0.23125 0.21328125
0 0.64921875 0.82890625 0.3375 0.3203125
0 0.29375 0.83125 0.30234375 0.2890625
0 0.9046875 0.91796875 0.2625 0.23984375
0 0.36953125 0.93125 0.32890625 0.23125
0 0.59609375 1 0.15078125 0.0625
0 1 0.27578125 0.03984375 0.2
0 0.91171875 0.29609375 0.23125 0.21328125
0 0.82109375 0.33984375 0.284375 0.29296875
0 0.5359375 0.46015625 0.30703125 0.35546875
0 0.984375 0.4671875 0.15546875 0.1375
