0 0.19609375 0.3703125 0.1015625 0.175
0 0.3015625 0.3578125 0.09375 0.153125
0 0.4296875 0.42109375 0.103125 0.1421875
0 0.48828125 0.3578125 0.0921875 0.15625
0 0.09921875 0.46953125 0.0734375 0.1484375
0 0.24921875 0.53515625 0.1046875 0.1359375
0 0.3765625 0.53515625 0.103125 0.1109375
0 0.38359375 0.72265625 0.1078125 0.1546875
0 0.28046875 0.98671875 0.0578125 0.0671875
0 0.33203125 0.9703125 0.0484375 0.075
0 0.55859375 0.7203125 0.0921875 0.1375
0 0.5953125 0.87421875 0.090625 0.1453125
0 0.58359375 0.996875 0.0578125 0.096875
0 0.75 0.9078125 0.059375 0.115625
0 0.93671875 0.915625 0.1265625 0.18125
0 0.86171875 0.8109375 0.0859375 0.125
0 0.7984375 0.715625 0.090625 0.15
0 0.61171875 0.6359375 0.0734375 0.103125
0 0.78828125 0.32109375 0.0953125 0.1671875
0 0.9953125 0.37578125 0.0875 0.1296875
0 1 0.4421875 0.084375 0.059375
0 0.9046875 0.2515625 0.109375 0.09375
0 0.815625 0.19375 0.075 0.109375
0 0.65625 0.4125 0.071875 0.109375
