0 0.1890625 0.6046875 0.1828125 0.27109375
0 0.16484375 0.30390625 0.16171875 0.25390625
0 0.3171875 0.4421875 0.16875 0.27109375
0 0.465625 0.1796875 0.19375 0.23125
0 0.453125 0.4625 0.140625 0.2765625
0 0.3265625 0.725 0.17578125 0.31640625
0 0.2453125 0.93125 0.18984375 0.2203125
0 0.42578125 0.9453125 0.17265625 0.1921875
0 0.48515625 0.73046875 0.16171875 0.2484375
0 0.6484375 0.65703125 0.17265625 0.27109375
0 0.7015625 0.80703125 0.1796875 0.25390625
0 0.59921875 0.4140625 0.17265625 0.30546875
0 0.76640625 0.40859375 0.16875 0.32734375
0 0.65234375 0.165625 0.15859375 0.21484375
0 0.853125 0.1796875 0.21484375 0.23125
0 0.9375 0.43671875 0.15859375 0.2484375
0 0.9515625 0.68828125 0.18671875 0.29921875
0 0.825 0.696875 0.14453125 0.29375
0 0.28515625 0.1734375 0.16953125 0.23203125
0 0.10625 0.96640625 0.0875 0.16015625
0 0.97421875 0.921875 0.1765625 0.25
0 0.59296875 0.92734375 0.1609375 0.2390625
