0 0.5265625 0.7546875 0.0890625 0.0578125
0 0.16796875 0.596875 0.08671875 0.03828125
0 0.20625 0.51796875 0.075 0.053125
0 0.7640625 0.52109375 0.08359375 0.040625
0 1 0.60703125 0.1109375 0.03984375
0 1 0.4421875 0.08203125 0.0515625
0 0.4875 0.40390625 0.121875 0.07578125
0 0.64296875 0.28671875 0.115625 0.078125
0 0.29375 0.2046875 0.07421875 0.05546875
0 0.34453125 0.14453125 0.09140625 0.06640625
0 0.7453125 0.11875 0.0953125 0.06171875
0 0.9359375 0.13203125 0.10546875 0.04609375
0 0.8875 0.07265625 0.0625 0.0515625
