0 0.95546875 0.1671875 0.2140625 0.240625
0 0.715625 0.22421875 0.18125 0.2734375
0 0.48359375 0.14375 0.1921875 0.19375
0 0.45078125 0.32890625 0.1328125 0.1796875
0 0.40390625 0.396875 0.1140625 0.15625
0 0.66328125 0.42578125 0.1078125 0.1546875
0 0.56875 0.70625 0.128125 0.171875
0 0.6109375 0.8609375 0.109375 0.153125
0 0.696875 0.87265625 0.075 0.1546875
0 0.3515625 0.8125 0.078125 0.121875
0 0.4234375 0.825 0.0875 0.10625
0 0.4515625 0.8890625 0.084375 0.08125
0 0.496875 0.9875 0.078125 0.09375
