0 0.396875 0.30234375 0.209375 0.3390625
0 0.1515625 0.48125 0.1625 0.25
0 0.28203125 0.4453125 0.1265625 0.209375
0 0.43125 0.5109375 0.15625 0.196875
0 0.59375 0.41953125 0.11875 0.1796875
0 0.90078125 0.34453125 0.1171875 0.1703125
0 1 0.3078125 0.1015625 0.165625
0 0.834375 0.47421875 0.1 0.1265625
0 0.93671875 0.57421875 0.1359375 0.1859375
0 0.58125 0.6453125 0.10625 0.165625
0 0.65234375 0.65859375 0.0734375 0.1609375
0 0.821875 0.7265625 0.096875 0.15
0 0.7421875 0.86640625 0.128125 0.1796875
0 0.984375 0.87265625 0.15625 0.2078125
0 0.39921875 0.77890625 0.1578125 0.2546875
0 0.24765625 0.7140625 0.1671875 0.24375
0 0.49453125 0.82421875 0.0953125 0.1921875
0 0.2453125 0.928125 0.1375 0.15625
0 0.259375 1 0.13125 0.0453125
