0 0.82578125 0.953125 0.08046875 0.04296875
0 0.621875 0.8265625 0.06640625 0.03359375
0 0.52109375 0.96640625 0.06015625 0.03203125
0 0.15234375 1 0.06875 0.046875
0 0.296875 0.9265625 0.06875 0.05703125
0 0.25078125 0.88125 0.075 0.05390625
0 0.115625 0.90234375 0.07421875 0.046875
0 0.090625 0.853125 0.05625 0.03046875
0 0.8890625 0.509375 0.065625 0.04453125
0 0.8453125 0.49453125 0.03984375 0.025
0 0.459375 0.46171875 0.096875 0.04765625
0 0.49296875 0.36328125 0.07890625 0.0453125
0 0.584375 0.3296875 0.09296875 0.06328125
0 0.678125 0.33828125 0.09296875 0.05234375
0 0.9515625 0.3421875 0.09140625 0.0515625
0 0.99375 0.27890625 0.0796875 0.046875
0 0.94921875 0.2578125 0.065625 0.0484375
0 0.98984375 0.18359375 0.103125 0.05625
0 0.365625 0.29453125 0.04609375 0.04765625
0 0.2984375 0.1890625 0.08984375 0.05703125
0 0.225 0.1328125 0.103125 0.06171875
0 0.8484375 0.81875 0.07421875 0.04296875
0 0.69921875 0.76328125 0.0734375 0.03203125
0 0.91875 0.67109375 0.05625 0.03515625
