0 0.5484375 0.1984375 0.125 0.24375
0 0.765625 0.2 0.128125 0.221875
0 0.31015625 0.3875 0.1546875 0.2625
0 0.45625 0.38515625 0.115625 0.2359375
0 0.53984375 0.38046875 0.0828125 0.2328125
0 0.62890625 0.36875 0.1046875 0.2125
0 0.74453125 0.44921875 0.1078125 0.1859375
0 0.85625 0.44921875 0.09375 0.1671875
0 0.375 0.6578125 0.153125 0.271875
0 0.2609375 0.8328125 0.140625 0.24375
0 0.1015625 0.95 0.078125 0.19375
0 0.6109375 0.9 0.140625 0.2625
0 0.99765625 0.99921875 0.0671875 0.0953125
0 0.76953125 0.66640625 0.1078125 0.1671875
