0 0.5328125 0.13125 0.16328125 0.1609375
0 0.48828125 0.325 0.134375 0.1484375
0 0.15234375 0.49375 0.1484375 0.14765625
0 0.071875 0.7390625 0.0171875 0.0296875
0 0.1078125 0.8828125 0.0875 0.1484375
0 0.51953125 1 0.11875 0.0625
0 0.64921875 0.14375 0.0671875 0.07890625
0 0.8890625 0.28671875 0.14375 0.1359375
0 0.95859375 0.22734375 0.05546875 0.06640625
0 0.73671875 0.50078125 0.17890625 0.19609375
0 0.90859375 0.50859375 0.17890625 0.121875
0 0.80859375 0.71171875 0.1875 0.19140625
0 0.95703125 0.86328125 0.1265625 0.1109375
