0 0.4765625 0.19765625 0.0890625 0.0578125
0 0.828125 0.95078125 0.06953125 0.0453125
0 0.421875 0.784375 0.06953125 0.046875
0 0.4234375 0.89765625 0.078125 0.0421875
0 0.4859375 0.77578125 0.046875 0.0390625
0 0.596875 0.65859375 0.04140625 0.0359375
0 0.37109375 0.46328125 0.09453125 0.0546875
0 0.4359375 0.4609375 0.05859375 0.053125
0 0.49140625 0.46015625 0.075 0.0421875
0 0.3859375 0.534375 0.0640625 0.0375
0 0.25390625 0.3984375 0.06640625 0.046875
0 0.20546875 0.32890625 0.09140625 0.0390625
0 0.2859375 0.32421875 0.04140625 0.0453125
0 0.60703125 0.30703125 0.06640625 0.0484375
0 0.5390625 0.34375 0.0859375 0.04375
0 0.8515625 0.3625 0.04453125 0.04375
0 0.8140625 0.846875 0.0359375 0.034375
0 0.50859375 0.81953125 0.05859375 0.0265625
