0 0.0984375 0.31171875 0.06953125 0.15703125
0 0.1609375 0.340625 0.07109375 0.10625
0 0.19296875 0.4703125 0.09453125 0.05
0 0.2796875 0.47734375 0.05859375 0.08125
0 0.1859375 0.57109375 0.15625 0.171875
0 0.64140625 0.5078125 0.1515625 0.1484375
0 0.80625 0.4875 0.115625 0.125
0 0.6671875 0.6421875 0.1453125 0.1375
0 0.7015625 0.815625 0.0953125 0.1296875
0 0.80625 0.8578125 0.140625 0.1375
0 0.88984375 0.73828125 0.1265625 0.1328125
0 0.215625 0.8078125 0.15546875 0.153125
0 0.08671875 1 0.0484375 0.0671875
0 0.83984375 1 0.1546875 0.0703125
0 1 0.43515625 0.03125 0.0421875
0 1 0.821875 0.10625 0.1109375
