0 0.23359375 0.265625 0.1140625 0.04375
0 0.1625 0.41875 0.0890625 0.059375
0 0.25859375 0.4140625 0.075 0.053125
0 0.1484375 0.66953125 0.08359375 0.0484375
0 0.084375 0.76953125 0.04375 0.0546875
0 0.3015625 0.63125 0.0890625 0.053125
0 0.36640625 0.5890625 0.08046875 0.046875
0 0.58046875 0.5703125 0.1140625 0.05625
0 0.6375 0.52109375 0.1109375 0.0609375
0 1 0.68984375 0.0859375 0.0453125
0 0.946875 0.72265625 0.05859375 0.0453125
0 0.646875 0.784375 0.06953125 0.04375
0 0.66640625 0.87265625 0.0640625 0.0328125
0 0.084375 0.89609375 0.04375 0.0390625
