0 0.1015625 0.884375 0.06875 0.0484375
0 0.18203125 0.95546875 0.07109375 0.04609375
0 0.24296875 0.975 0.075 0.05078125
0 0.965625 0.9640625 0.08359375 0.05703125
0 0.95 0.99375 0.0734375 0.034375
0 1 0.9859375 0.06640625 0.03984375
0 0.6359375 0.703125 0.07109375 0.04296875
0 0.86328125 0.6125 0.09140625 0.05
0 0.49609375 0.5796875 0.0890625 0.04765625
0 0.32265625 0.48125 0.06328125 0.04375
0 0.71875 0.46640625 0.08359375 0.03828125
0 0.7984375 0.46015625 0.08046875 0.03125
0 0.28203125 0.0609375 0.121875 0.028125
0 0.746875 0.17890625 0.07421875 0.05390625
0 0.825 0.18828125 0.07109375 0.04296875
0 0.3625 0.6234375 0.0296875 0.02265625
