0 0.8625 0.94140625 0.071875 0.0453125
0 0.4640625 0.8921875 0.06953125 0.040625
0 0.459375 0.78046875 0.078125 0.0453125
0 0.525 0.771875 0.053125 0.0375
0 0.6375 0.65390625 0.0390625 0.0359375
0 0.41640625 0.5296875 0.0640625 0.04375
0 0.403125 0.45703125 0.096875 0.0546875
0 0.46953125 0.45390625 0.05859375 0.0546875
0 0.51796875 0.45625 0.078125 0.05
0 0.2859375 0.39453125 0.06953125 0.0453125
0 0.221875 0.32421875 0.0640625 0.0390625
0 0.3140625 0.31640625 0.053125 0.0453125
0 0.50859375 0.18984375 0.08046875 0.0515625
0 0.6359375 0.30234375 0.0640625 0.0484375
0 0.575 0.33125 0.0640625 0.034375
0 0.871875 0.3546875 0.04140625 0.05
0 0.8515625 0.83671875 0.0390625 0.0328125
0 0.5484375 0.81328125 0.0609375 0.0265625
