0 0.64140625 0.37109375 0.4796875 0.5359375
0 0.89609375 0.659375 0.3328125 0.428125
0 1 0.4875 0.10625 0.375
0 1 0.290625 0.065625 0.075
0 1 0.909375 0.071875 0.275
0 0.9046875 0.89375 0.2375 0.20625
0 0.59140625 0.78359375 0.3328125 0.3171875
0 0.64453125 0.925 0.0984375 0.078125
0 0.44921875 1 0.2296875 0.078125
0 0.225 0.81484375 0.325 0.3359375
0 0.3703125 0.58125 0.375 0.40625
0 0.40078125 0.12421875 0.0890625 0.1015625
0 0.5203125 0.08828125 0.0875 0.0828125
0 0.30546875 0.32421875 0.0453125 0.0390625
0 0.29375 0.271875 0.059375 0.053125
0 0.415625 0.23984375 0.04375 0.0453125
0 0.33125 0.3078125 0.05 0.05
0 0.165625 0.54375 0.053125 0.065625
