0 0.471875 0.96171875 0.05625 0.06015625
0 0.85703125 0.79140625 0.1015625 0.06328125
0 0.47421875 0.71796875 0.06875 0.05859375
0 0.56015625 0.79453125 0.08828125 0.04609375
0 0.7140625 0.70390625 0.06640625 0.03671875
0 0.65546875 0.6796875 0.06484375 0.0421875
0 0.740625 0.65703125 0.07890625 0.04609375
0 0.54453125 0.64296875 0.09453125 0.059375
0 0.7359375 0.59609375 0.0703125 0.028125
0 0.2234375 0.57890625 0.08984375 0.03125
0 0.58515625 0.48984375 0.08984375 0.05390625
0 0.46875 0.4609375 0.08125 0.05234375
0 0.21796875 0.40546875 0.08359375 0.05078125
0 0.653125 0.45078125 0.07890625 0.05546875
0 0.65625 0.3984375 0.09921875 0.0640625
0 0.5765625 0.3609375 0.0984375 0.0546875
0 0.70546875 0.346875 0.07578125 0.05078125
0 0.728125 0.38515625 0.06875 0.04140625
0 0.80078125 0.39453125 0.1015625 0.0578125
0 0.8984375 0.4390625 0.08359375 0.04453125
0 0.86875 0.2828125 0.08828125 0.0546875
0 0.828125 0.21640625 0.0953125 0.0546875
0 0.61953125 0.26484375 0.09296875 0.05234375
0 0.4765625 0.25859375 0.071875 0.04296875
0 0.5453125 0.25703125 0.08984375 0.06328125
0 0.4390625 0.14140625 0.1046875 0.06953125
0 0.56796875 0.1421875 0.06953125 0.04609375
0 0.64140625 0.1328125 0.0734375 0.0484375
0 0.64453125 0.19140625 0.090625 0.05234375
