0 0.29453125 0.8359375 0.07734375 0.1109375
0 0.41796875 0.925 0.08515625 0.121875
0 0.39375 0.36484375 0.05390625 0.08046875
0 0.45546875 0.3375 0.08984375 0.1140625
0 0.41328125 0.2078125 0.08515625 0.1
0 0.36171875 0.259375 0.06015625 0.08359375
0 0.584375 0.234375 0.03515625 0.04140625
0 0.64296875 0.15625 0.04375 0.053125
0 0.70625 0.11484375 0.03359375 0.03359375
0 0.73046875 0.1828125 0.03515625 0.05546875
0 0.69140625 0.196875 0.02890625 0.05
0 0.69453125 0.26796875 0.03984375 0.046875
0 0.69765625 0.31484375 0.03359375 0.046875
0 0.73203125 0.24296875 0.03984375 0.046875
0 0.821875 0.221875 0.04765625 0.05
0 0.79375 0.44140625 0.04609375 0.05546875
0 0.77578125 0.571875 0.06875 0.08359375
0 0.69609375 0.6375 0.04140625 0.05859375
0 0.95390625 0.98828125 0.06640625 0.071875
0 0.678125 0.93125 0.03515625 0.046875
0 0.87734375 0.70078125 0.02109375 0.0359375
0 0.28671875 0.56875 0.08515625 0.09453125
0 0.60625 0.375 0.01640625 0.021875
0 0.584375 0.33046875 0.02734375 0.021875
