0 0.80234375 0.7421875 0.07578125 0.05390625
0 0.78515625 0.77890625 0.0765625 0.03984375
0 0.684375 0.80078125 0.11640625 0.05625
0 0.98671875 0.76875 0.05546875 0.04453125
0 0.30703125 0.72890625 0.121875 0.06796875
0 0.11171875 0.8671875 0.09375 0.06796875
0 0.109375 0.40390625 0.07890625 0.046875
0 0.36328125 0.4171875 0.06484375 0.02890625
0 0.22109375 0.2921875 0.08671875 0.04921875
0 0.19140625 0.23359375 0.1015625 0.05625
0 0.1140625 0.23125 0.07890625 0.05234375
0 0.79609375 0.1640625 0.09296875 0.05859375
