0 0.21015625 0.09453125 0.2109375 0.0953125
0 0.340625 0.096875 0.159375 0.1
0 0.41328125 0.196875 0.2078125 0.2125
0 0.58203125 0.153125 0.1546875 0.128125
0 0.8984375 0.1234375 0.196875 0.153125
0 0.6546875 0.26640625 0.10625 0.1171875
0 0.28046875 0.31171875 0.0703125 0.0734375
0 0.08046875 0.196875 0.0359375 0.0625
0 0.09453125 0.4109375 0.0640625 0.10625
0 0.1875 0.44609375 0.075 0.0703125
0 0.25703125 0.41328125 0.0703125 0.0609375
0 0.2453125 0.5328125 0.0875 0.09375
0 0.321875 0.50703125 0.05625 0.0609375
0 0.428125 0.42109375 0.20625 0.1921875
0 0.46328125 0.67578125 0.2390625 0.2265625
0 0.3765625 0.5328125 0.09375 0.0625
0 0.190625 0.60234375 0.075 0.0546875
0 0.0921875 0.8625 0.059375 0.11875
0 0.17578125 0.97265625 0.0734375 0.0765625
0 0.21953125 0.88515625 0.0859375 0.0703125
0 0.4796875 0.953125 0.221875 0.1875
0 0.68203125 0.86171875 0.2546875 0.2328125
0 0.72265625 0.44140625 0.1015625 0.1171875
0 0.90625 0.6953125 0.121875 0.125
0 0.771875 1 0.14375 0.0921875
0 0.84375 0.83046875 0.109375 0.1390625
0 0.91640625 0.959375 0.1234375 0.115625
0 1 0.41953125 0.0765625 0.0671875
0 0.7390625 0.553125 0.1125 0.078125
