0 0.23359375 0.428125 0.0609375 0.0625
0 0.2515625 0.36015625 0.06875 0.0734375
0 0.29765625 0.4171875 0.0546875 0.05
0 0.41484375 0.484375 0.0484375 0.05625
0 0.5796875 0.3875 0.05625 0.0625
0 0.4578125 0.46328125 0.046875 0.0546875
0 0.746875 0.3375 0.05625 0.046875
0 0.51015625 0.23046875 0.0296875 0.0328125
0 0.7671875 0.25546875 0.04375 0.0546875
0 0.8453125 0.253125 0.05 0.05
0 0.6984375 0.8796875 0.065625 0.059375
0 0.78203125 0.93828125 0.0515625 0.0421875
0 0.7640625 0.8390625 0.053125 0.06875
0 0.665625 0.74140625 0.0625 0.0671875
0 0.58671875 0.76484375 0.0546875 0.0453125
0 0.3015625 0.7390625 0.040625 0.04375
0 0.36484375 0.7546875 0.0453125 0.046875
0 0.41875 0.62578125 0.040625 0.0484375
0 0.4671875 0.65234375 0.0375 0.0515625
0 0.5203125 0.61015625 0.053125 0.0765625
0 0.5359375 0.6640625 0.0375 0.034375
0 0.63515625 0.6 0.0546875 0.040625
0 0.63359375 0.69609375 0.0453125 0.0359375
0 0.66015625 0.646875 0.0546875 0.040625
0 0.78671875 0.36328125 0.0453125 0.0578125
0 0.6953125 0.40546875 0.0375 0.0390625
0 0.87578125 0.5390625 0.0546875 0.04375
0 0.2640625 0.5359375 0.040625 0.059375
0 0.3140625 0.525 0.0375 0.05625
0 0.9140625 0.07734375 0.0625 0.0609375
0 0.86875 0.2265625 0.034375 0.046875
