0 0.2546875 0.32109375 0.11875 0.1578125
0 0.5546875 0.19765625 0.11875 0.1734375
0 0.7015625 0.20625 0.10625 0.184375
0 0.8953125 0.18046875 0.0875 0.1640625
0 0.97734375 0.13984375 0.0859375 0.1578125
0 0.81796875 0.3328125 0.1203125 0.190625
0 0.76328125 0.48671875 0.1265625 0.1671875
0 0.88203125 0.5265625 0.1328125 0.19375
0 0.79453125 0.6546875 0.1140625 0.15625
0 0.6265625 0.678125 0.115625 0.171875
0 0.77734375 0.8484375 0.1109375 0.1875
0 0.89609375 0.87890625 0.1328125 0.1953125
0 0.10703125 0.8265625 0.0890625 0.2125
0 0.26171875 0.6140625 0.1046875 0.146875
0 0.5125 0.69609375 0.103125 0.1609375
0 0.53125 0.475 0.11875 0.178125
0 0.6453125 0.43671875 0.1125 0.1796875
0 0.44296875 0.3671875 0.1203125 0.125
0 0.37109375 0.33203125 0.0546875 0.1515625
0 0.20078125 0.5 0.1046875 0.165625
