0 0.24921875 0.3328125 0.0484375 0.065625
0 0.31796875 0.2890625 0.0484375 0.071875
0 0.40859375 0.315625 0.0671875 0.0875
0 0.5 0.278125 0.121875 0.146875
0 0.609375 0.36640625 0.0875 0.1546875
0 0.684375 0.31953125 0.05625 0.0828125
0 0.67421875 0.409375 0.0484375 0.065625
0 0.70625 0.5265625 0.121875 0.14375
0 0.7046875 0.6171875 0.115625 0.0625
0 0.4328125 0.51171875 0.140625 0.1515625
0 0.43515625 0.6 0.1171875 0.103125
0 0.36484375 0.71171875 0.1578125 0.1828125
0 0.41796875 0.9015625 0.0953125 0.1375
0 0.8140625 0.6625 0.059375 0.06875
0 0.86953125 0.509375 0.0734375 0.065625
