0 0.83984375 0.31875 0.0640625 0.078125
0 0.875 0.09140625 0.065625 0.0859375
0 1 0.53125 0.0453125 0.096875
0 0.571875 0.31953125 0.05625 0.0703125
0 0.59765625 0.3484375 0.0421875 0.06875
0 0.6953125 0.30234375 0.040625 0.0734375
0 0.85 0.39765625 0.040625 0.0546875
0 0.34765625 0.16015625 0.0609375 0.0859375
0 0.0953125 0.07734375 0.05625 0.0609375
0 0.190625 0.23828125 0.053125 0.0640625
0 0.2453125 0.3796875 0.053125 0.071875
0 0.0859375 0.321875 0.046875 0.065625
0 0.6140625 0.68046875 0.05 0.0609375
0 0.465625 0.28515625 0.05625 0.0921875
0 0.359375 0.44140625 0.053125 0.0609375
0 0.77265625 0.65 0.0484375 0.078125
0 0.6625 0.640625 0.04375 0.065625
