0 0.44765625 0.28515625 0.065625 0.0390625
0 0.453125 0.39765625 0.059375 0.0296875
0 0.25546875 0.33359375 0.05078125 0.0296875
0 0.25390625 0.440625 0.0484375 0.028125
0 0.35625 0.61328125 0.03125 0.0140625
0 0.2984375 0.67265625 0.0625 0.0234375
0 0.55390625 0.40625 0.05078125 0.034375
0 0.55078125 0.315625 0.034375 0.028125
0 0.46484375 0.33671875 0.065625 0.0515625
0 0.83515625 0.43203125 0.06796875 0.0265625
0 0.92890625 0.4015625 0.05078125 0.03125
0 0.94296875 0.37734375 0.0625 0.0265625
0 0.91015625 0.36015625 0.05390625 0.0296875
0 0.98828125 0.4453125 0.07421875 0.04375
0 1 0.48046875 0.07109375 0.0265625
0 0.984375 0.51953125 0.065625 0.0390625
0 0.72890625 0.628125 0.059375 0.021875
0 0.97265625 0.559375 0.059375 0.03125
0 0.84375 0.534375 0.03984375 0.021875
0 1 0.54921875 0.059375 0.0296875
