0 0.36171875 0.1640625 0.1171875 0.15625
0 0.471875 0.2203125 0.134375 0.165625
0 0.65703125 0.15703125 0.0765625 0.0859375
0 0.9859375 0.1640625 0.078125 0.159375
0 0.68046875 0.47265625 0.2078125 0.2328125
0 0.8828125 0.6203125 0.1875 0.184375
0 0.78046875 0.70546875 0.1734375 0.1640625
0 0.79453125 0.8078125 0.1484375 0.10625
0 0.61796875 0.95234375 0.1578125 0.1140625
0 0.47265625 0.89296875 0.0796875 0.0796875
0 0.1625 0.73515625 0.1125 0.0984375
0 0.36171875 0.61796875 0.1234375 0.1234375
0 0.47421875 0.51171875 0.1390625 0.1703125
0 0.36875 0.4421875 0.090625 0.10625
0 0.26796875 0.484375 0.1203125 0.084375
