0 0.1765625 0.14296875 0.228125 0.1921875
0 0.5359375 0.1234375 0.190625 0.153125
0 0.74609375 0.09375 0.2359375 0.09375
0 0.878125 0.13125 0.19375 0.16875
0 0.5734375 0.21328125 0.14375 0.0890625
0 0.24609375 0.3890625 0.3671875 0.290625
0 0.8328125 0.3796875 0.34375 0.275
0 0.55703125 0.409375 0.2671875 0.209375
0 0.55078125 0.7 0.3640625 0.30625
0 0.146875 0.63359375 0.16875 0.2078125
0 0.95234375 0.57890625 0.2203125 0.2109375
0 0.78828125 0.76796875 0.1421875 0.1578125
0 0.73515625 0.5515625 0.1796875 0.14375
