0 0.225 0.60390625 0.115625 0.1203125
0 0.26875 0.81875 0.134375 0.1375
0 0.115625 1 0.103125 0.0625
0 0.45625 0.8046875 0.11875 0.10625
0 0.7359375 0.734375 0.090625 0.084375
0 0.98515625 0.78828125 0.0828125 0.0640625
0 0.35078125 0.765625 0.0859375 0.09375
0 0.44140625 0.2140625 0.04921875 0.04765625
0 0.51171875 0.23359375 0.065625 0.06484375
0 0.58125 0.23125 0.05390625 0.05859375
0 0.61796875 0.12734375 0.0578125 0.059375
0 0.7109375 0.07734375 0.0515625 0.05703125
0 0.5390625 0.284375 0.0328125 0.05234375
0 0.57578125 0.28046875 0.03984375 0.0484375
0 0.49296875 0.56796875 0.065625 0.0671875
0 0.3 0.54375 0.0609375 0.0625
0 0.5140625 0.4328125 0.0640625 0.06171875
0 0.62265625 0.715625 0.08359375 0.0734375
0 0.54921875 0.7453125 0.08984375 0.078125
0 0.78203125 0.63125 0.078125 0.084375
0 0.86015625 0.63515625 0.06328125 0.053125
