0 0.609375 0.2984375 0.09921875 0.046875
0 0.596875 0.3265625 0.090625 0.028125
0 0.4875 0.49609375 0.08828125 0.0515625
0 0.55 0.4734375 0.07109375 0.040625
0 0.596875 0.4421875 0.10234375 0.03125
0 0.653125 0.39140625 0.0796875 0.0328125
0 0.5921875 0.521875 0.07109375 0.040625
0 0.5015625 0.5375 0.059375 0.034375
0 0.51015625 0.69296875 0.04296875 0.0328125
0 0.48125 0.70625 0.059375 0.03125
0 0.54375 0.7015625 0.05390625 0.03125
0 0.68046875 0.7046875 0.065625 0.03125
0 0.6578125 0.71171875 0.08203125 0.0421875
0 0.77109375 0.6828125 0.059375 0.0375
0 0.66171875 0.65390625 0.090625 0.0234375
0 0.7 0.609375 0.08203125 0.0375
0 0.69140625 0.5671875 0.07109375 0.034375
