0 0.69140625 0.4125 0.2453125 0.3375
0 0.87890625 0.3 0.2171875 0.303125
0 0.9953125 0.10546875 0.10625 0.1171875
0 0.71171875 0.115625 0.2171875 0.1375
0 0.6078125 0.2484375 0.209375 0.28125
0 0.3046875 0.50625 0.271875 0.384375
0 0.503125 0.5859375 0.209375 0.29375
0 0.83671875 0.74296875 0.2640625 0.3421875
0 0.69453125 0.69609375 0.1828125 0.3109375
0 0.3 0.95390625 0.16875 0.1859375
0 0.32734375 0.8296875 0.1578125 0.1875
0 0.12109375 0.93359375 0.1171875 0.2171875
0 0.61015625 0.8703125 0.0921875 0.1375
