0 0.8984375 0.47578125 0.140625 0.1796875
0 0.96875 0.13359375 0.1875 0.1734375
0 0.878125 0.68046875 0.11875 0.1390625
0 0.93359375 0.5609375 0.1109375 0.115625
0 0.5296875 0.68671875 0.109375 0.1578125
0 0.6109375 0.56328125 0.078125 0.0828125
0 0.27265625 0.496875 0.1265625 0.165625
0 0.38046875 0.46640625 0.0890625 0.1265625
0 0.2953125 0.68046875 0.115625 0.1765625
0 0.39296875 0.6203125 0.0796875 0.109375
0 0.378125 0.73203125 0.103125 0.1390625
0 0.28046875 0.909375 0.0921875 0.1625
0 0.375 0.92421875 0.109375 0.1609375
0 0.43515625 0.53828125 0.0421875 0.0640625
