0 0.53671875 0.41796875 0.3234375 0.3640625
0 0.3515625 0.61171875 0.3 0.2734375
0 0.13515625 0.45546875 0.1453125 0.2203125
0 0.08203125 0.628125 0.0390625 0.146875
0 0.6234375 0.6765625 0.24375 0.26875
0 0.42578125 0.9515625 0.2296875 0.190625
0 0.6546875 0.80625 0.209375 0.1625
0 0.984375 0.9703125 0.15625 0.153125
0 0.82890625 0.68125 0.1234375 0.159375
0 0.8953125 0.59765625 0.1125 0.1390625
0 1 0.66875 0.0984375 0.15625
0 0.16875 0.95703125 0.13125 0.1390625
0 0.76015625 0.29609375 0.1140625 0.1421875
