0 0.2640625 0.93984375 0.16640625 0.20703125
0 0.4828125 0.7125 0.14140625 0.18359375
0 0.51328125 0.3734375 0.1234375 0.171875
0 0.25703125 0.7125 0.15 0.1796875
0 0.31484375 0.24140625 0.1359375 0.19140625
0 0.7234375 0.834375 0.1265625 0.1515625
0 0.76328125 0.5671875 0.1125 0.16015625
0 0.203125 0.21640625 0.109375 0.190625
0 0.65703125 0.5328125 0.11171875 0.15
0 0.721875 0.65078125 0.11328125 0.1078125
0 0.51328125 0.190625 0.075 0.0875
0 0.89921875 0.14609375 0.08046875 0.0984375
0 1 0.4203125 0.075 0.121875
0 0.98203125 0.35078125 0.05546875 0.059375
0 0.78203125 0.371875 0.0703125 0.06484375
0 0.65546875 0.421875 0.08046875 0.08671875
0 0.38671875 0.47109375 0.0578125 0.07578125
0 0.2140625 0.42578125 0.06015625 0.0421875
0 0.22109375 0.48203125 0.03984375 0.0421875
0 0.18828125 0.31640625 0.06015625 0.0421875
0 0.10078125 0.8640625 0.05234375 0.07421875
0 0.1 0.35859375 0.0453125 0.0625
0 0.82109375 0.73046875 0.0875 0.1
