0 0.21640625 0.3125 0.2359375 0.23125
0 0.1796875 0.46796875 0.209375 0.1921875
0 0.325 0.434375 0.196875 0.196875
0 0.27890625 0.60859375 0.2359375 0.1421875
0 0.48515625 0.475 0.2390625 0.228125
0 0.51484375 0.203125 0.2140625 0.259375
0 0.3484375 0.11875 0.209375 0.14375
0 0.146875 0.065625 0.1625 0.0375
0 0.68984375 0.09375 0.2078125 0.09375
0 0.58046875 0.375 0.1828125 0.203125
0 0.73828125 0.40859375 0.2328125 0.2640625
0 0.9421875 0.49453125 0.2 0.1859375
0 1 0.57890625 0.0625 0.2328125
0 0.9265625 0.6953125 0.228125 0.21875
0 0.584375 0.67421875 0.246875 0.2359375
0 0.71484375 0.81640625 0.1734375 0.2140625
0 0.5328125 0.825 0.221875 0.203125
0 0.21640625 0.859375 0.1921875 0.15625
0 0.3171875 0.94765625 0.18125 0.1984375
0 0.41484375 1 0.1984375 0.0359375
0 0.3890625 0.7171875 0.1125 0.159375
