0 0.29375 0.32578125 0.125 0.2109375
0 0.17734375 0.43359375 0.1671875 0.2265625
0 0.6796875 0.2140625 0.140625 0.190625
0 0.778125 0.29609375 0.1 0.1828125
0 0.9359375 0.36328125 0.14375 0.2390625
0 0.94609375 0.49921875 0.1359375 0.0734375
0 0.7609375 0.55703125 0.140625 0.1859375
0 0.7890625 0.71484375 0.103125 0.1171875
0 0.63671875 0.634375 0.1296875 0.221875
0 0.5296875 0.54609375 0.10625 0.1515625
0 0.40078125 0.56015625 0.1171875 0.1765625
0 0.4234375 0.4171875 0.096875 0.1
0 0.55 0.41328125 0.0875 0.0859375
0 0.16015625 0.66640625 0.1453125 0.2203125
0 0.17890625 0.85625 0.1296875 0.175
0 0.534375 0.7515625 0.15625 0.209375
0 0.34921875 0.671875 0.1140625 0.08125
0 0.56640625 1 0.0953125 0.0328125
