0 0.49375 0.2984375 0.05625 0.084375
0 0.75390625 0.2265625 0.0640625 0.075
0 0.815625 0.20390625 0.046875 0.0671875
0 0.87890625 0.28046875 0.0546875 0.0671875
0 0.9453125 0.23125 0.0625 0.090625
0 0.90859375 0.3515625 0.0578125 0.071875
0 0.8578125 0.51953125 0.0625 0.0796875
0 0.9375 0.48515625 0.0625 0.0703125
0 0.9734375 0.57578125 0.05625 0.0578125
0 0.965625 0.5390625 0.04375 0.04375
0 1 0.49921875 0.059375 0.0859375
0 1 0.52109375 0.03125 0.0640625
0 0.89375 0.69453125 0.046875 0.0484375
0 0.89921875 0.64296875 0.0484375 0.0671875
0 0.940625 0.6671875 0.05 0.075
0 0.809375 0.61953125 0.05625 0.0734375
0 0.69765625 0.5875 0.0671875 0.078125
0 0.684375 0.53984375 0.05 0.0703125
0 0.73359375 0.4796875 0.0546875 0.071875
0 0.60625 0.475 0.065625 0.065625
0 0.61484375 0.42734375 0.0578125 0.0765625
0 0.50234375 0.38671875 0.0578125 0.0796875
0 0.46328125 0.46328125 0.0578125 0.0765625
0 0.1609375 0.2921875 0.059375 0.059375
0 0.30078125 0.4265625 0.0484375 0.053125
0 0.3234375 0.365625 0.053125 0.071875
0 0.23203125 0.45625 0.0578125 0.06875
0 0.2453125 0.41484375 0.05625 0.0734375
0 0.39765625 0.5984375 0.0578125 0.078125
0 0.3640625 0.6796875 0.05625 0.071875
0 0.44140625 0.71875 0.0578125 0.08125
0 0.49296875 0.67265625 0.0421875 0.0671875
0 0.54765625 0.840625 0.0734375 0.075
0 0.53203125 0.76953125 0.0421875 0.0734375
0 0.60703125 0.9 0.0546875 0.08125
0 0.7875 0.946875 0.053125 0.065625
0 0.86640625 0.89453125 0.0609375 0.0796875
0 0.8890625 0.92734375 0.05 0.0578125
0 0.71640625 0.79140625 0.0546875 0.0734375
0 0.16796875 0.95078125 0.0703125 0.0890625
0 0.22421875 0.97890625 0.0609375 0.0859375
0 0.07734375 0.8984375 0.0296875 0.075
0 0.14921875 0.74296875 0.0546875 0.0859375
0 0.24765625 0.7625 0.0609375 0.071875
0 0.14296875 0.83828125 0.0515625 0.0859375
0 0.2515625 0.91640625 0.046875 0.0796875
0 0.24453125 0.840625 0.0453125 0.06875
0 0.3125 0.85234375 0.05625 0.0640625
0 0.4953125 1 0.05 0.059375
0 0.60625 0.33125 0.04375 0.0375
0 0.62109375 0.278125 0.0546875 0.059375
0 0.5390625 0.57421875 0.040625 0.0640625
0 0.5609375 0.6890625 0.053125 0.0625
0 0.26328125 0.53828125 0.0515625 0.0890625
