0 0.125 0.10859375 0.059375 0.065625
0 0.23828125 0.1421875 0.09296875 0.16015625
0 0.33203125 0.15 0.17265625 0.171875
0 0.73828125 0.175 0.06640625 0.06875
0 0.5140625 0.3765625 0.175 0.18046875
0 0.934375 0.30703125 0.15234375 0.16015625
0 1 0.3875 0.0921875 0.140625
0 0.75625 0.46796875 0.128125 0.13671875
0 0.8765625 0.4890625 0.1390625 0.15546875
0 0.95390625 0.5953125 0.1390625 0.12890625
0 0.16328125 0.71171875 0.1453125 0.16328125
0 0.3703125 0.61796875 0.05625 0.0734375
0 0.13671875 0.8078125 0.13671875 0.0796875
0 0.25625 0.771875 0.08203125 0.0671875
0 0.33125 0.74140625 0.140625 0.11640625
0 0.6328125 0.89453125 0.0796875 0.0953125
0 0.69609375 0.8859375 0.1125 0.10234375
0 0.565625 0.93046875 0.04609375 0.04765625
0 0.76796875 0.86015625 0.0828125 0.12421875
0 0.89296875 0.9203125 0.13203125 0.1359375
0 0.89609375 0.825 0.12578125 0.0859375
0 0.47109375 1 0.096875 0.01171875
0 0.946875 1 0.05390625 0.0625
0 1 0.2796875 0.065625 0.08203125
