0 0.08359375 0.45 0.04140625 0.09453125
0 0.15234375 0.72578125 0.04609375 0.0640625
0 0.10078125 0.94140625 0.0625 0.0890625
0 0.325 0.8203125 0.06484375 0.09140625
0 0.2828125 0.384375 0.065625 0.0640625
0 0.30703125 0.2203125 0.04765625 0.0859375
0 0.28984375 0.11875 0.0625 0.096875
0 0.36171875 0.1953125 0.08125 0.10859375
0 0.39921875 0.396875 0.08125 0.10546875
0 0.46484375 0.32734375 0.09140625 0.121875
0 0.49921875 0.5421875 0.08515625 0.1109375
0 0.46015625 0.58828125 0.05 0.078125
0 0.478125 0.69375 0.07265625 0.0890625
0 0.56015625 0.61484375 0.0875 0.0859375
0 0.590625 0.69296875 0.05625 0.08046875
0 0.565625 0.796875 0.03125 0.04453125
0 0.60390625 0.54140625 0.075 0.11640625
0 0.68828125 0.51640625 0.08515625 0.121875
0 0.75625 0.59375 0.07109375 0.09453125
0 0.83046875 0.559375 0.08125 0.103125
0 0.90703125 0.56484375 0.06875 0.096875
0 1 0.60625 0.02265625 0.046875
0 0.92421875 0.659375 0.01484375 0.025
0 0.82578125 1 0.06015625 0.06953125
0 1 0.99375 0.05859375 0.0890625
0 0.62421875 0.14296875 0.04375 0.053125
0 0.61796875 0.08125 0.03984375 0.046875
0 0.65546875 0.071875 0.03984375 0.04453125
0 0.73984375 0.67578125 0.053125 0.06328125
0 0.6703125 0.20859375 0.04375 0.05234375
