0 0.20625 0.21875 0.096875 0.121875
0 0.43515625 0.27578125 0.0859375 0.1140625
0 0.38046875 0.44765625 0.0828125 0.0921875
0 0.50390625 0.44453125 0.0703125 0.0859375
0 0.4609375 0.4 0.04375 0.05625
0 0.51875 0.30546875 0.059375 0.0859375
0 0.4796875 0.1453125 0.065625 0.084375
0 0.69140625 0.18515625 0.0703125 0.0921875
0 0.89921875 0.24296875 0.0984375 0.1265625
0 0.80625 0.25703125 0.071875 0.1015625
0 0.96328125 0.0921875 0.1296875 0.090625
0 0.99453125 0.3421875 0.0921875 0.103125
0 0.96015625 0.26640625 0.0640625 0.0921875
0 0.8671875 0.3921875 0.08125 0.1125
0 0.8109375 0.45234375 0.0375 0.0609375
0 0.6640625 0.5234375 0.046875 0.071875
0 0.6109375 0.48359375 0.040625 0.0515625
0 0.62890625 0.39453125 0.0390625 0.0453125
0 0.6609375 0.35234375 0.040625 0.0640625
0 0.6203125 0.32890625 0.040625 0.0515625
0 0.51484375 0.57578125 0.0484375 0.0578125
0 0.52890625 0.515625 0.0546875 0.05625
0 0.3296875 1 0.1 0.0765625
0 0.70234375 0.87265625 0.0828125 0.1078125
0 0.61875 0.68125 0.0625 0.090625
0 0.675 0.6390625 0.065625 0.090625
0 0.440625 0.71796875 0.0453125 0.04140625
0 0.434375 0.66875 0.03203125 0.0359375
0 0.45234375 0.62578125 0.0375 0.040625
0 1 0.74609375 0.0515625 0.075
0 0.921875 0.8046875 0.04921875 0.0515625
0 0.81015625 0.509375 0.03984375 0.03203125
0 0.35703125 0.33046875 0.0515625 0.05703125
0 0.8453125 0.49140625 0.0375 0.0375
0 0.7125 0.5796875 0.04140625 0.0515625
0 0.75234375 0.72265625 0.03125 0.03125
0 0.95 0.659375 0.04453125 0.04375
