0 0.26953125 0.08203125 0.1046875 0.0703125
0 0.540625 0.15390625 0.115625 0.0984375
0 0.7890625 0.134375 0.15625 0.1375
0 0.56953125 0.3578125 0.1171875 0.090625
0 0.38671875 0.3546875 0.1046875 0.08125
0 0.35390625 0.43125 0.1109375 0.084375
0 0.35 0.6671875 0.11875 0.1
0 0.30859375 0.52265625 0.1015625 0.0765625
0 0.46640625 0.534375 0.1171875 0.09375
0 0.44921875 0.62578125 0.1078125 0.0765625
0 0.58125 0.84453125 0.090625 0.0703125
0 0.559375 0.74296875 0.084375 0.0703125
0 0.5953125 0.7890625 0.0875 0.0625
0 1 0.9765625 0.065625 0.071875
0 1 0.93046875 0.0390625 0.0765625
0 0.96953125 0.8640625 0.0953125 0.06875
0 0.996875 0.76875 0.1 0.065625
0 0.84765625 0.57578125 0.0765625 0.0578125
0 0.90390625 0.56953125 0.0546875 0.0609375
0 0.85703125 0.38046875 0.0765625 0.0546875
0 0.965625 0.36875 0.078125 0.059375
0 1 0.40234375 0.0390625 0.0703125
0 0.3 0.14375 0.078125 0.05625
0 0.375 0.1890625 0.065625 0.059375
0 0.10390625 0.71953125 0.0703125 0.0546875
0 0.09453125 0.80078125 0.0578125 0.0453125
0 0.5765625 0.53046875 0.103125 0.0703125
0 0.534375 0.64921875 0.090625 0.0640625
0 0.53203125 0.584375 0.0828125 0.075
0 0.6578125 0.38359375 0.1 0.0953125
0 0.69765625 0.50234375 0.0796875 0.0609375
0 0.73046875 0.30703125 0.1078125 0.0671875
0 0.6671875 0.2453125 0.08125 0.08125
0 0.846875 0.33046875 0.0625 0.0546875
0 0.81953125 0.29609375 0.0703125 0.0453125
0 0.43984375 0.18828125 0.0703125 0.0515625
