0 0.96875 0.13203125 0.184375 0.1703125
0 0.9046875 0.4703125 0.146875 0.1875
0 0.93203125 0.55390625 0.1109375 0.1203125
0 0.878125 0.6828125 0.121875 0.146875
0 0.53203125 0.684375 0.1140625 0.16875
0 0.609375 0.5703125 0.0875 0.0875
0 0.378125 0.47421875 0.096875 0.1171875
0 0.2734375 0.49453125 0.11875 0.1703125
0 0.29765625 0.67734375 0.1234375 0.1890625
0 0.37890625 0.728125 0.0984375 0.14375
0 0.37578125 0.92734375 0.1140625 0.1671875
0 0.284375 0.9046875 0.08125 0.16875
0 0.3875 0.62109375 0.090625 0.1203125
0 0.43203125 0.53671875 0.0484375 0.0734375
