0 0.3796875 0.88515625 0.1375 0.1953125
0 0.18359375 0.7375 0.1046875 0.140625
0 0.88125 0.7984375 0.15625 0.203125
0 0.90703125 0.22421875 0.1296875 0.1796875
0 0.61953125 0.93359375 0.1140625 0.1578125
0 0.715625 0.375 0.109375 0.14375
0 0.41328125 0.09921875 0.1359375 0.1046875
0 0.83203125 0.325 0.1140625 0.165625
0 0.40546875 0.3734375 0.1078125 0.140625
0 0.51953125 0.4078125 0.1140625 0.15
0 0.43671875 0.6328125 0.0890625 0.109375
0 0.51875 0.746875 0.1 0.1125
0 0.4734375 0.2125 0.1 0.10625
