0 0.5390625 0.67890625 0.246875 0.2953125
0 0.8234375 0.45703125 0.253125 0.3171875
0 0.71328125 0.6296875 0.1765625 0.24375
0 0.42421875 0.8171875 0.2234375 0.259375
0 0.1328125 0.409375 0.140625 0.178125
0 0.45234375 0.3515625 0.1859375 0.253125
0 0.98359375 0.08125 0.1578125 0.06875
0 0.3609375 0.51875 0.084375 0.109375
0 0.34921875 0.1890625 0.0734375 0.078125
0 0.2375 0.234375 0.09375 0.11875
0 0.08515625 0.246875 0.0453125 0.125
0 0.0984375 0.59921875 0.071875 0.0859375
0 0.334375 0.45703125 0.071875 0.0828125
0 0.35234375 0.30390625 0.0640625 0.0890625
