0 0.9640625 0.44140625 0.19375 0.2421875
0 0.66484375 0.29296875 0.2328125 0.2171875
0 0.19453125 0.190625 0.2171875 0.171875
0 0.95859375 0.746875 0.2046875 0.203125
0 0.146875 0.4328125 0.16875 0.203125
0 0.2453125 0.5859375 0.215625 0.2125
0 0.48515625 0.19375 0.2109375 0.2
0 0.7359375 0.85859375 0.1875 0.1859375
0 0.56015625 0.06640625 0.2203125 0.0390625
0 0.5390625 0.46484375 0.21875 0.2296875
0 0.76015625 0.52421875 0.1953125 0.1703125
0 0.64375 0.66484375 0.2375 0.1984375
0 0.54453125 0.96796875 0.1640625 0.1578125
