0 0.4921875 0.4671875 0.275 0.209375
0 0.309375 0.43359375 0.178125 0.1703125
0 0.25546875 0.59765625 0.1546875 0.1296875
0 0.2734375 0.75625 0.21875 0.184375
0 0.08984375 0.7140625 0.0546875 0.040625
0 0.075 0.671875 0.025 0.059375
0 0.11875 0.671875 0.040625 0.04375
0 0.4765625 0.96875 0.159375 0.134375
0 0.45234375 0.77734375 0.1453125 0.1296875
0 0.5515625 0.69609375 0.2 0.1796875
0 0.6953125 0.675 0.128125 0.125
0 0.8109375 0.41796875 0.15625 0.1328125
0 0.71796875 0.30078125 0.0828125 0.0671875
0 0.9125 0.21875 0.134375 0.128125
0 1 0.3453125 0.065625 0.09375
0 1 0.55078125 0.0921875 0.1546875
0 0.6671875 0.54921875 0.103125 0.0921875
0 0.48515625 0.61796875 0.1234375 0.0765625
0 0.37265625 0.6453125 0.0359375 0.040625
0 0.33359375 0.63046875 0.0328125 0.0359375
0 0.39453125 0.575 0.0015625 0.003125
