0 0.56953125 0.253125 0.0484375 0.028125
0 0.54375 0.265625 0.02578125 0.025
0 0.7046875 0.278125 0.05703125 0.03125
0 0.68359375 0.30625 0.04296875 0.025
0 0.73984375 0.30234375 0.0484375 0.0234375
0 0.9984375 0.4078125 0.04296875 0.021875
0 1 0.39921875 0.034375 0.0203125
0 1 0.5203125 0.05078125 0.028125
0 0.9984375 0.5203125 0.04296875 0.025
0 1 0.634375 0.03125 0.028125
0 0.984375 0.60546875 0.05390625 0.0296875
0 0.72890625 0.340625 0.05390625 0.021875
0 0.69921875 0.38046875 0.0625 0.0359375
0 0.5609375 0.37421875 0.065625 0.0234375
0 0.61953125 0.38515625 0.05078125 0.0234375
0 0.58515625 0.4265625 0.05703125 0.03125
0 0.64921875 0.4296875 0.03671875 0.021875
0 0.6078125 0.4765625 0.05703125 0.034375
0 0.52421875 0.43828125 0.03125 0.0234375
0 0.47578125 0.5515625 0.059375 0.028125
0 0.33828125 0.60390625 0.0453125 0.0171875
0 0.496875 0.57578125 0.0453125 0.0265625
0 0.51875 0.59765625 0.05390625 0.0140625
0 0.74296875 0.58125 0.05390625 0.0125
0 0.71171875 0.58984375 0.04296875 0.0234375
0 0.6546875 0.66484375 0.05390625 0.0359375
0 0.609375 0.65703125 0.03671875 0.0234375
0 0.83125 0.69765625 0.03671875 0.0203125
