0 0.2671875 0.53984375 0.13125 0.1953125
0 0.1703125 0.51328125 0.109375 0.2109375
0 0.38515625 0.653125 0.0671875 0.128125
0 0.4484375 0.59921875 0.109375 0.1796875
0 0.56953125 0.58203125 0.1328125 0.1859375
0 0.6078125 0.41328125 0.15625 0.2171875
0 0.7625 0.5578125 0.178125 0.246875
0 0.95078125 0.53359375 0.1953125 0.2765625
0 0.65390625 0.728125 0.1109375 0.146875
0 0.7921875 0.75234375 0.075 0.1296875
0 0.8671875 0.73984375 0.1 0.1546875
0 0.9625 0.84453125 0.078125 0.1609375
0 1 0.8203125 0.0765625 0.14375
0 0.62890625 0.9921875 0.1265625 0.109375
0 0.73203125 0.996875 0.0890625 0.1
0 0.6625 0.86796875 0.090625 0.1296875
0 0.475 0.79765625 0.075 0.1015625
0 0.29609375 0.89140625 0.0890625 0.0984375
0 0.4796875 1 0.075 0.065625
0 0.12421875 0.35859375 0.0734375 0.1078125
0 0.2640625 0.37890625 0.078125 0.0953125
0 0.3734375 0.315625 0.0875 0.109375
