0 0.86328125 1 0.0953125 0.06171875
0 0.3890625 0.95078125 0.07890625 0.0515625
0 0.4203125 0.9078125 0.06953125 0.04609375
0 0.35546875 0.90625 0.053125 0.03203125
0 0.159375 0.74765625 0.09921875 0.05703125
0 0.3359375 0.778125 0.07890625 0.0375
0 0.403125 0.74453125 0.04375 0.02109375
0 0.5421875 0.8 0.05703125 0.04140625
0 0.68828125 0.77265625 0.06328125 0.04453125
0 0.753125 0.7859375 0.07578125 0.04296875
0 0.96875 0.80078125 0.0796875 0.04140625
0 0.77421875 0.7296875 0.09453125 0.06875
0 0.953125 0.6171875 0.08984375 0.05390625
0 0.2828125 0.4296875 0.08828125 0.05625
0 0.68359375 0.490625 0.08828125 0.04609375
0 0.97890625 0.3140625 0.11875 0.06328125
0 0.7390625 0.328125 0.103125 0.06328125
0 0.96171875 0.18203125 0.11328125 0.06953125
0 0.86796875 0.1828125 0.1 0.07109375
