0 0.159375 0.0984375 0.19375 0.103125
0 0.24765625 0.65078125 0.1890625 0.18046875
0 0.63125 0.65625 0.21484375 0.32265625
0 0.7875 0.76171875 0.1625 0.17109375
0 0.1078125 0.80390625 0.090625 0.24609375
0 0.45078125 0.834375 0.1671875 0.278125
0 0.9578125 0.84140625 0.19765625 0.27421875
0 0.6203125 0.89921875 0.17109375 0.1640625
0 0.23359375 0.9046875 0.17421875 0.284375
0 0.38515625 0.14296875 0.21171875 0.1921875
0 0.7796875 0.95234375 0.19921875 0.18828125
0 0.5859375 1 0.17421875 0.065625
0 0.83984375 0.153125 0.1671875 0.2125
0 0.575 0.16171875 0.15234375 0.13125
0 0.94765625 0.22265625 0.17578125 0.24375
0 0.21484375 0.26015625 0.18203125 0.196875
0 0.74765625 0.321875 0.09453125 0.21328125
0 0.40625 0.32578125 0.134375 0.153125
0 0.61015625 0.33671875 0.16328125 0.2625
0 0.7046875 0.08203125 0.134375 0.0703125
0 0.27265625 0.4703125 0.178125 0.259375
0 0.83359375 0.50625 0.1453125 0.3171875
0 0.11328125 0.51171875 0.09453125 0.30625
0 0.96953125 0.5359375 0.17265625 0.303125
0 0.4578125 0.53984375 0.171875 0.2546875
