0 0.36171875 0.246875 0.1671875 0.240625
0 0.60859375 0.478125 0.1890625 0.25
0 0.178125 0.70703125 0.23125 0.3703125
0 0.81328125 0.978125 0.2453125 0.1375
0 0.72734375 0.865625 0.1921875 0.3
0 0.5640625 0.9984375 0.109375 0.096875
0 0.84453125 0.6859375 0.1671875 0.240625
0 0.95234375 0.43671875 0.1578125 0.2453125
0 0.84140625 0.2859375 0.1421875 0.20625
0 0.878125 0.1 0.171875 0.10625
0 0.70703125 0.0921875 0.1671875 0.090625
0 0.63203125 0.159375 0.1765625 0.225
0 0.2703125 0.13203125 0.18125 0.1703125
0 0.48828125 0.3875 0.1359375 0.209375
0 0.51328125 0.5921875 0.1703125 0.19375
0 0.40625 0.4375 0.128125 0.196875
0 0.75234375 0.55 0.1484375 0.259375
