0 0.1703125 0.540625 0.08515625 0.0375
0 0.1578125 0.4875 0.08203125 0.04375
0 0.21171875 0.68125 0.059375 0.040625
0 0.10625 0.60703125 0.08203125 0.0390625
0 0.18359375 0.71640625 0.0765625 0.0296875
0 0.7328125 0.7359375 0.06796875 0.028125
0 0.77265625 0.71875 0.06796875 0.034375
0 0.7984375 0.73515625 0.05703125 0.0296875
0 0.9671875 0.73203125 0.07109375 0.0453125
0 0.94140625 0.746875 0.059375 0.04375
0 0.99453125 0.640625 0.07421875 0.046875
0 0.984375 0.590625 0.09375 0.0375
0 0.9234375 0.68203125 0.0796875 0.0234375
0 0.784375 0.5125 0.090625 0.04375
0 0.82109375 0.5484375 0.07421875 0.028125
0 0.83671875 0.48671875 0.05390625 0.0296875
0 0.91640625 0.31171875 0.09375 0.0390625
0 0.828125 0.39296875 0.07109375 0.0421875
