0 0.09140625 0.15625 0.0578125 0.21875
0 0.4609375 0.46796875 0.16484375 0.221875
0 0.3984375 1 0.0515625 0.0609375
0 0.2328125 0.459375 0.19296875 0.24453125
0 0.8390625 0.71171875 0.0171875 0.021875
0 0.83203125 0.9890625 0.03125 0.0390625
0 0.89453125 0.67421875 0.015625 0.0203125
0 0.3640625 0.69453125 0.18046875 0.25234375
0 0.68515625 0.64921875 0.01484375 0.0203125
0 0.68984375 0.79375 0.01796875 0.0265625
0 0.0875 0.66953125 0.05 0.1609375
0 0.5234375 0.56484375 0.06796875 0.11640625
0 0.42421875 0.86796875 0.17265625 0.2453125
