0 0.25703125 0.11640625 0.18046875 0.1390625
0 0.32265625 0.2265625 0.07734375 0.0953125
0 0.13046875 0.38984375 0.13359375 0.13125
0 0.240625 0.7203125 0.0703125 0.0609375
0 0.3796875 0.628125 0.078125 0.11328125
0 0.21171875 0.453125 0.034375 0.0453125
0 0.0875 0.8046875 0.040625 0.1078125
0 0.9703125 0.06640625 0.0390625 0.0375
0 0.6546875 0.26640625 0.16015625 0.17109375
0 0.846875 0.41328125 0.0578125 0.0546875
0 0.884375 0.3078125 0.0484375 0.05390625
0 0.70703125 0.45625 0.15 0.15546875
0 0.85859375 0.7140625 0.04609375 0.0578125
0 0.58828125 0.63125 0.16328125 0.153125
0 0.63046875 0.8 0.14140625 0.1453125
0 0.48203125 0.9609375 0.14375 0.1390625
0 0.71640625 0.87109375 0.059375 0.0296875
0 0.42734375 1 0.07109375 0.0515625
0 0.53828125 1 0.14453125 0.0796875
0 0.66796875 1 0.03125 0.003125
0 0.5171875 0.340625 0.17109375 0.125
