0 0.1171875 0.22734375 0.109375 0.1453125
0 0.253125 0.07890625 0.1 0.0640625
0 0.12265625 0.08046875 0.1203125 0.0671875
0 0.43203125 0.24296875 0.1484375 0.1546875
0 0.2828125 0.3015625 0.178125 0.128125
0 0.821875 0.090625 0.23125 0.0875
0 0.73984375 0.234375 0.1609375 0.15625
0 0.5765625 0.45078125 0.175 0.1546875
0 0.178125 0.60703125 0.228125 0.2484375
0 0.146875 0.4859375 0.15625 0.075
0 0.4015625 0.41015625 0.15 0.1640625
0 0.2828125 0.4515625 0.103125 0.13125
0 0.7984375 0.3671875 0.165625 0.15
0 0.59375 0.3453125 0.14375 0.1125
0 0.6984375 0.55703125 0.15625 0.1578125
0 0.56796875 0.7296875 0.2078125 0.221875
0 0.346875 0.90703125 0.165625 0.1765625
0 0.44140625 1 0.1734375 0.0828125
0 0.73515625 0.7890625 0.1609375 0.171875
0 0.51171875 0.859375 0.1546875 0.1375
0 0.68671875 0.91171875 0.1671875 0.1234375
0 0.73046875 1 0.1265625 0.0671875
0 0.915625 0.77890625 0.171875 0.1828125
0 0.90703125 0.89453125 0.1671875 0.1078125
0 1 0.75 0.065625 0.1375
0 1 0.53359375 0.10625 0.2234375
0 1 0.36953125 0.1171875 0.1546875
