0 0.25703125 0.28828125 0.09921875 0.0390625
0 0.14609375 0.3046875 0.08203125 0.0375
0 0.378125 0.35625 0.0796875 0.03125
0 0.27421875 0.3484375 0.065625 0.03125
0 0.2171875 0.384375 0.09375 0.040625
0 0.16171875 0.365625 0.0625 0.04375
0 0.22734375 0.43984375 0.0625 0.0421875
0 0.36328125 0.4234375 0.0625 0.0375
0 0.40625 0.409375 0.07421875 0.040625
0 0.40625 0.4625 0.08515625 0.046875
0 0.11796875 0.50859375 0.059375 0.0421875
0 0.1578125 0.61171875 0.09375 0.0265625
0 0.1421875 0.7125 0.08515625 0.04375
0 0.11328125 0.753125 0.07421875 0.03125
0 0.3609375 0.60703125 0.06796875 0.0328125
0 0.36796875 0.6359375 0.09375 0.028125
0 0.8421875 0.69921875 0.05390625 0.0296875
0 0.7796875 0.57109375 0.059375 0.0359375
0 0.778125 0.4328125 0.0453125 0.034375
