0 0.60625 0.2171875 0.071875 0.078125
0 0.6765625 0.18984375 0.08125 0.1046875
0 0.9828125 0.23671875 0.159375 0.2765625
0 0.69921875 0.35859375 0.0796875 0.0890625
0 0.75546875 0.4390625 0.0765625 0.0875
0 0.815625 0.54453125 0.075 0.0859375
0 0.665625 0.59921875 0.0625 0.0734375
0 0.72421875 0.5546875 0.0859375 0.075
0 0.76015625 0.50078125 0.0828125 0.0328125
0 0.76171875 0.64140625 0.0984375 0.0828125
0 0.80703125 0.7015625 0.1171875 0.103125
0 1 0.5390625 0.059375 0.059375
0 0.8921875 0.465625 0.05625 0.0625
0 0.89921875 0.63984375 0.0328125 0.0453125
0 0.971875 0.6546875 0.053125 0.05
0 0.88125 0.6125 0.034375 0.0375
0 0.815625 0.9171875 0.096875 0.1
0 0.55859375 0.96953125 0.0859375 0.0796875
0 0.4046875 0.878125 0.109375 0.090625
0 0.2296875 0.8125 0.078125 0.0625
0 0.0890625 0.921875 0.053125 0.1
0 0.10234375 0.55625 0.0796875 0.090625
0 0.16953125 0.52890625 0.0703125 0.0796875
0 0.2078125 0.4671875 0.084375 0.065625
0 0.25703125 0.40234375 0.0734375 0.0734375
0 0.3515625 0.50234375 0.08125 0.1078125
0 0.37265625 0.6421875 0.0984375 0.103125
0 0.43984375 0.70625 0.0890625 0.090625
0 0.46484375 0.64453125 0.0765625 0.0640625
0 0.5375 0.609375 0.075 0.084375
0 0.58046875 0.6625 0.0640625 0.084375
0 0.628125 0.740625 0.090625 0.090625
0 0.6140625 0.3796875 0.05625 0.053125
0 0.60234375 0.48671875 0.0609375 0.0609375
