0 0.5140625 0.4296875 0.184375 0.2
0 0.49140625 0.96484375 0.1453125 0.1609375
0 0.46484375 0.74921875 0.1703125 0.2234375
0 0.621875 0.7421875 0.178125 0.246875
0 0.65625 0.546875 0.203125 0.284375
0 0.5640625 0.23203125 0.15 0.2203125
0 0.67734375 0.190625 0.1390625 0.209375
0 0.765625 0.18203125 0.075 0.1859375
0 0.83515625 0.20546875 0.1046875 0.1703125
0 0.87890625 0.365625 0.1046875 0.146875
0 0.85 0.78984375 0.109375 0.1734375
0 0.7390625 0.52578125 0.10625 0.2359375
0 0.934375 0.43359375 0.0875 0.1296875
