0 0.259375 0.7875 0.071875 0.04375
0 0.85546875 0.90625 0.06953125 0.04375
0 0.7734375 0.82421875 0.05 0.0390625
0 0.8484375 0.784375 0.08359375 0.046875
0 0.903125 0.771875 0.05859375 0.046875
0 0.64609375 0.70546875 0.06640625 0.0421875
0 0.6140625 0.71484375 0.053125 0.0390625
0 0.1015625 0.5390625 0.078125 0.04375
0 0.384375 0.5375 0.0890625 0.046875
0 0.121875 0.41015625 0.08046875 0.0578125
0 0.159375 0.37890625 0.0890625 0.0515625
0 0.79609375 0.44296875 0.1 0.0578125
0 0.865625 0.43828125 0.06640625 0.0515625
0 0.92890625 0.43984375 0.078125 0.0515625
0 0.6484375 0.3796875 0.071875 0.04375
0 0.61953125 0.30546875 0.0859375 0.0453125
0 0.6890625 0.303125 0.0640625 0.046875
0 0.39609375 0.2390625 0.08359375 0.046875
0 0.9484375 0.315625 0.06640625 0.046875
0 1 0.27734375 0.053125 0.0421875
0 0.9234375 0.165625 0.10546875 0.0625
