0 0.5125 0.31796875 0.259375 0.3609375
0 0.7125 0.33359375 0.19375 0.2828125
0 0.30703125 0.74140625 0.2296875 0.3078125
0 0.590625 0.80625 0.196875 0.265625
0 0.71015625 0.81171875 0.1265625 0.2046875
0 0.4984375 0.790625 0.1375 0.23125
0 0.659375 0.503125 0.153125 0.153125
0 0.80859375 0.61640625 0.1109375 0.2015625
0 0.225 0.375 0.071875 0.08125
0 0.25 0.34921875 0.059375 0.0921875
0 0.25859375 0.46796875 0.0484375 0.0515625
0 0.428125 0.49296875 0.171875 0.2203125
0 0.13125 1 0.090625 0.0703125
0 0.315625 0.9375 0.040625 0.046875
0 0.33046875 1 0.0359375 0.0484375
0 0.37109375 1 0.0390625 0.046875
