0 0.64765625 0.346875 0.5109375 0.575
0 0.35625 0.56484375 0.40625 0.4234375
0 0.2203125 0.81875 0.315625 0.365625
0 0.6 0.79375 0.353125 0.35
0 0.90078125 0.65 0.3234375 0.44375
0 0.9265625 0.90078125 0.246875 0.2171875
0 1 0.47578125 0.075 0.3234375
0 0.3859375 0.0890625 0.103125 0.084375
0 0.2765625 0.23671875 0.053125 0.0671875
0 0.290625 0.2953125 0.046875 0.04375
0 0.3171875 0.27109375 0.05625 0.0515625
0 0.4046875 0.20078125 0.05 0.0515625
0 1 0.25703125 0.059375 0.0734375
0 0.13828125 0.5234375 0.0515625 0.065625
0 0.44921875 1 0.2390625 0.071875
0 0.94375 1 0.159375 0.08125
