0 0.21015625 0.1109375 0.13671875 0.1203125
0 0.1421875 0.4390625 0.140625 0.13671875
0 0.08671875 0.54296875 0.046875 0.03203125
0 0.87421875 0.07421875 0.13671875 0.053125
0 0.9890625 0.05703125 0.0859375 0.01875
0 0.84765625 0.26796875 0.0609375 0.084375
0 0.78671875 0.40546875 0.16875 0.17109375
0 0.97421875 0.39921875 0.1375 0.14375
0 0.40703125 0.49140625 0.128125 0.1328125
0 0.7109375 0.55703125 0.1234375 0.11796875
0 0.603125 0.62578125 0.0890625 0.10625
0 0.67265625 0.7015625 0.128125 0.13515625
0 0.6515625 0.96484375 0.05390625 0.05859375
0 1 0.79296875 0.0390625 0.034375
0 1 1 0.05625 0.04296875
0 0.93125 0.9796875 0.03984375 0.05546875
