0 0.13203125 0.1171875 0.1109375 0.059375
0 0.34609375 0.11875 0.06640625 0.028125
0 0.3359375 0.1640625 0.075 0.046875
0 0.303125 0.25 0.11953125 0.059375
0 0.2859375 0.36015625 0.053125 0.0390625
0 0.346875 0.39296875 0.096875 0.0453125
0 0.475 0.38203125 0.13046875 0.0609375
0 0.34296875 0.44140625 0.09453125 0.0546875
0 1 0.21484375 0.06953125 0.0453125
0 1 0.48046875 0.078125 0.0421875
0 0.4234375 0.65859375 0.0890625 0.0453125
0 0.609375 0.57578125 0.11640625 0.0390625
0 0.54140625 0.8 0.125 0.065625
0 0.4 0.71171875 0.09140625 0.0453125
0 0.16953125 0.72265625 0.075 0.0515625
0 0.3125 0.74375 0.11640625 0.0625
0 0.29296875 0.48359375 0.10546875 0.0546875
0 0.32890625 0.959375 0.08359375 0.0625
0 0.24296875 0.97109375 0.08359375 0.0640625
0 0.159375 0.45859375 0.08359375 0.0515625
0 0.6109375 0.42265625 0.0859375 0.0484375
0 0.565625 0.2625 0.11640625 0.05
0 0.53046875 0.1828125 0.103125 0.046875
0 0.271875 0.12890625 0.075 0.0421875
