0 0.103125 0.08828125 0.07890625 0.08125
0 0.18046875 0.10625 0.16796875 0.11015625
0 0.20390625 0.29375 0.140625 0.1484375
0 0.35859375 0.4109375 0.0375 0.0609375
0 0.27578125 0.70390625 0.17265625 0.1375
0 0.29609375 0.8421875 0.165625 0.17890625
0 0.225 0.95390625 0.03984375 0.07421875
0 0.365625 0.94921875 0.00859375 0.0328125
0 0.83125 0.0625 0.015625 0.0296875
0 1 0.0734375 0.0609375 0.05078125
0 0.5734375 0.2234375 0.15625 0.203125
0 0.6125 0.11015625 0.0828125 0.07421875
0 0.75078125 0.23125 0.22578125 0.221875
0 1 0.43046875 0.0234375 0.0578125
0 0.6421875 0.7375 0.17109375 0.1859375
0 0.8640625 0.9890625 0.2171875 0.10859375
