0 0.37734375 0.653125 0.12734375 0.2203125
0 0.49453125 0.603125 0.0515625 0.084375
0 0.64765625 0.20625 0.0625 0.09765625
0 0.64296875 0.62578125 0.0390625 0.065625
0 0.25625 0.7421875 0.16015625 0.26171875
0 0.2609375 0.4328125 0.12890625 0.21171875
0 0.62109375 0.3125 0.06015625 0.1
0 0.39453125 0.1875 0.1484375 0.2203125
0 0.48046875 0.4953125 0.05 0.115625
0 0.38046875 0.50625 0.08828125 0.103125
0 0.1234375 0.4859375 0.06796875 0.109375
0 0.10546875 0.58125 0.053125 0.09375
0 0.103125 0.2234375 0.06328125 0.1078125
