0 0.24609375 1 0.096875 0.03671875
0 0.28359375 0.990625 0.06640625 0.04921875
0 0.34296875 0.98359375 0.06171875 0.05
0 0.88828125 0.96875 0.0890625 0.05078125
0 0.8234375 0.846875 0.08125 0.05390625
0 0.96875 0.8625 0.08125 0.05078125
0 0.9765625 0.7765625 0.09296875 0.06796875
0 0.11796875 0.675 0.08046875 0.04296875
0 0.53203125 0.65546875 0.08203125 0.04453125
0 0.73984375 0.5609375 0.06796875 0.05546875
0 0.78125 0.48984375 0.0734375 0.05078125
0 1 0.3859375 0.06953125 0.0421875
0 0.10859375 0.25 0.07578125 0.06171875
0 0.9125 0.11328125 0.1015625 0.0671875
