0 0.878125 0.690625 0.1078125 0.15234375
0 0.7828125 0.52421875 0.1015625 0.1453125
0 0.65703125 0.68671875 0.08515625 0.11640625
0 0.42890625 1 0.05859375 0.0828125
0 0.4 0.81640625 0.05 0.07265625
0 0.190625 0.83671875 0.0296875 0.0421875
0 0.31796875 0.47109375 0.05234375 0.0703125
0 0.3875 0.67265625 0.05703125 0.084375
0 0.4 0.57890625 0.0484375 0.0765625
0 0.68671875 0.88203125 0.04921875 0.078125
0 0.53515625 0.1546875 0.08046875 0.11953125
0 0.603125 0.26484375 0.0765625 0.11171875
0 0.72734375 0.12109375 0.0734375 0.1078125
0 0.7921875 0.265625 0.08984375 0.13515625
0 0.67734375 0.1984375 0.04375 0.09609375
0 0.53046875 0.59609375 0.0890625 0.12265625
0 0.59921875 0.59140625 0.0359375 0.05859375
