0 0.39765625 0.09375 0.0890625 0.06875
0 0.3203125 0.11484375 0.0875 0.084375
0 0.24296875 0.23125 0.121875 0.08203125
0 0.725 0.20859375 0.090625 0.05546875
0 0.85234375 0.28359375 0.071875 0.06640625
0 0.28984375 0.3390625 0.096875 0.06875
0 0.2734375 0.4765625 0.0625 0.059375
0 0.6234375 0.29296875 0.05078125 0.053125
0 0.85390625 0.51015625 0.06171875 0.05234375
0 0.2859375 0.53046875 0.08203125 0.0515625
0 0.2765625 0.59453125 0.0765625 0.04375
0 0.68125 0.6734375 0.11171875 0.08828125
0 0.56015625 0.6546875 0.08359375 0.06015625
0 0.38125 0.78046875 0.06796875 0.0546875
0 0.36171875 0.815625 0.03671875 0.03671875
0 0.58125 0.80703125 0.08359375 0.07421875
0 0.77109375 0.82421875 0.09375 0.07578125
0 0.71015625 0.9640625 0.1078125 0.0921875
0 0.56875 0.9078125 0.084375 0.07109375
0 0.509375 0.73203125 0.07265625 0.071875
0 0.66796875 0.48359375 0.065625 0.06640625
0 0.61640625 0.4828125 0.034375 0.053125
0 0.3296875 0.55546875 0.03984375 0.0390625
0 0.4015625 0.4984375 0.0484375 0.03828125
