0 0.2125 0.54921875 0.09140625 0.15078125
0 0.0828125 0.83203125 0.040625 0.1171875
0 0.48203125 0.7109375 0.084375 0.15625
0 0.41953125 0.65859375 0.06796875 0.15625
0 0.55390625 0.61484375 0.071875 0.09921875
0 0.82421875 0.1015625 0.0734375 0.109375
0 1 0.146875 0.0640625 0.12734375
0 0.86328125 0.759375 0.08125 0.13828125
0 0.76328125 0.52109375 0.0578125 0.09375
0 0.42421875 1 0.08125 0.0703125
0 0.94140625 0.91796875 0.10625 0.18984375
0 1 0.9265625 0.0546875 0.240625
0 0.88125 0.97734375 0.0875 0.1390625
0 0.63828125 0.6953125 0.04296875 0.13515625
0 0.5125 1 0.0578125 0.0625
