0 0.37578125 0.2765625 0.1421875 0.20625
0 0.5875 0.21796875 0.134375 0.2359375
0 0.784375 0.34453125 0.0875 0.1359375
0 0.92890625 0.1453125 0.1171875 0.153125
0 0.96328125 0.0875 0.1015625 0.08125
0 0.8328125 0.30234375 0.0875 0.1421875
0 0.5125 0.52109375 0.128125 0.2171875
0 0.275 0.66484375 0.15 0.2421875
0 0.19140625 0.88359375 0.1265625 0.2140625
0 0.315625 0.8921875 0.128125 0.2125
0 0.39765625 0.8125 0.0984375 0.153125
0 0.47578125 0.86640625 0.1421875 0.2078125
0 0.5203125 0.94453125 0.090625 0.1265625
0 0.7125 0.8296875 0.16875 0.23125
0 0.88125 0.76328125 0.134375 0.1859375
0 1 0.8046875 0.109375 0.159375
0 0.946875 0.584375 0.125 0.184375
0 0.80390625 0.575 0.1359375 0.190625
0 0.67578125 0.5140625 0.0828125 0.11875
0 0.6609375 0.6390625 0.10625 0.134375
0 0.5984375 0.51796875 0.06875 0.1671875
