0 0.29609375 0.76640625 0.10859375 0.05703125
0 0.1359375 0.6859375 0.065625 0.03125
0 0.16875 0.63515625 0.05859375 0.04609375
0 0.36875 0.55078125 0.08671875 0.04609375
0 0.815625 0.44765625 0.14375 0.05703125
0 0.97578125 0.37421875 0.1015625 0.084375
0 0.22578125 0.359375 0.13515625 0.05546875
0 0.36484375 0.39296875 0.08203125 0.040625
0 0.11015625 0.41953125 0.0953125 0.05
0 0.109375 0.378125 0.08671875 0.03984375
0 0.27578125 0.15625 0.09609375 0.05390625
0 0.77421875 0.18515625 0.09140625 0.0515625
0 0.07734375 0.22265625 0.0296875 0.05390625
