0 0.32265625 0.221875 0.16875 0.18125
0 0.62109375 0.1640625 0.1875 0.1921875
0 0.6703125 0.03828125 0.225 0.0765625
0 0.90234375 0.24375 0.14375 0.175
0 0.9296875 0.4140625 0.140625 0.253125
0 0.971875 0.6234375 0.05625 0.15625
0 0.8875 0.68203125 0.20625 0.221875
0 0.70703125 0.71015625 0.2046875 0.2140625
0 0.684375 0.834375 0.1875 0.1703125
0 0.76328125 0.9234375 0.1984375 0.10625
0 0.459375 0.95390625 0.190625 0.0921875
0 0.35078125 0.89296875 0.203125 0.2109375
0 0.5015625 0.81171875 0.18125 0.1703125
0 0.13515625 0.62265625 0.2703125 0.2828125
0 0.3140625 0.3953125 0.184375 0.1921875
0 0.496875 0.41015625 0.2078125 0.215625
0 0.6375 0.4875 0.1828125 0.1953125
0 0.7 0.27734375 0.2046875 0.1796875
0 0.49453125 0.2953125 0.1640625 0.140625
0 0.0390625 0.25859375 0.078125 0.1859375
0 0.03671875 0.40625 0.0734375 0.15625
0 0.23203125 0.296875 0.1234375 0.153125
0 0.20703125 0.45390625 0.121875 0.1609375
0 0.11484375 0.09765625 0.1140625 0.090625
0 0.9015625 0.8 0.18125 0.146875