0 0.4546875 0.3765625 0.3765625 0.4109375
0 0.3015625 0.596875 0.3390625 0.3171875
0 0.07578125 0.4765625 0.1515625 0.240625
0 0.03828125 0.65546875 0.0609375 0.1515625
0 0.58046875 0.61875 0.2828125 0.303125
0 0.428125 0.9046875 0.25625 0.190625
0 0.63125 0.74140625 0.2328125 0.19375
0 0.946875 0.8515625 0.10625 0.175
0 0.784375 0.59140625 0.146875 0.1765625
0 0.83671875 0.4984375 0.1328125 0.1546875
0 0.9515625 0.54921875 0.096875 0.1703125
0 0.17421875 0.94375 0.1515625 0.1125
0 0.65625 0.22109375 0.134375 0.1578125