0 0.28359375 0.334375 0.25625 0.2625
0 0.07421875 0.75625 0.1375 0.2828125
0 0.43046875 0.5140625 0.259375 0.2578125
0 0.41328125 0.15078125 0.2421875 0.2453125
0 0.2984375 0.73359375 0.2875 0.290625
0 0.07890625 0.3515625 0.1578125 0.246875
0 0.69921875 0.4890625 0.2796875 0.26875
0 0.653125 0.13125 0.2453125 0.2421875
0 0.7984375 0.29765625 0.253125 0.2328125
0 0.5515625 0.3109375 0.2609375 0.253125
0 0.9171875 0.4734375 0.165625 0.253125
0 0.1546875 0.9125 0.275 0.175
0 0.87265625 0.12421875 0.2234375 0.225
0 0.44921875 0.896875 0.2921875 0.20625
0 0.58125 0.7125 0.3078125 0.2796875
0 0.86015625 0.690625 0.2796875 0.290625
0 0.73828125 0.8875 0.2921875 0.2125
0 0.13984375 0.16484375 0.275 0.2625
0 0.9515625 0.8875 0.096875 0.184375