0 0.4125 0.31328125 0.140625 0.2015625
0 0.24296875 0.3515625 0.103125 0.146875
0 0.3421875 0.40625 0.1328125 0.175
0 0.27578125 0.4703125 0.0953125 0.115625
0 0.23671875 0.59765625 0.121875 0.175
0 0.1109375 0.5609375 0.10625 0.109375
0 0.09140625 0.69140625 0.13125 0.190625
0 0.009375 0.6109375 0.01875 0.11875
0 0.5046875 0.9140625 0.1296875 0.1703125
0 0.48359375 0.83359375 0.1015625 0.096875
0 0.3296875 0.72890625 0.08125 0.1140625
0 0.21328125 0.80078125 0.0796875 0.10625
0 0.2890625 0.81484375 0.0765625 0.1046875
0 0.36171875 0.8515625 0.078125 0.1265625
0 0.1609375 0.9359375 0.0875 0.078125
0 0.18671875 0.67578125 0.0875 0.1109375
0 0.3859375 0.63125 0.11875 0.1765625
0 0.46796875 0.62421875 0.1078125 0.1484375
0 0.48515625 0.50390625 0.096875 0.1609375
0 0.59453125 0.403125 0.2453125 0.3640625
0 0.81015625 0.43046875 0.2296875 0.33125
0 0.8125 0.64453125 0.15 0.184375
0 0.5296875 0.17421875 0.1484375 0.2609375
0 0.6796875 0.240625 0.1703125 0.2578125
0 0.65078125 0.06953125 0.209375 0.1328125
0 0.8390625 0.228125 0.1625 0.1671875
0 0.9453125 0.0953125 0.109375 0.125
0 0.496875 0.0421875 0.05 0.0640625