0 0.43671875 0.47578125 0.1671875 0.228125
0 0.54453125 0.421875 0.1296875 0.1921875
0 0.10078125 0.63125 0.1546875 0.1828125
0 0.25 0.66484375 0.1375 0.1984375
0 0.228125 0.93203125 0.18125 0.1359375
0 0.440625 0.88671875 0.18125 0.2265625
0 0.9421875 0.3625 0.0828125 0.1015625
0 0.88125 0.628125 0.0890625 0.1109375
0 0.671875 0.70625 0.0859375 0.1078125
0 0.353125 0.2140625 0.1453125 0.175
0 0.746875 0.675 0.0796875 0.1
0 0.0078125 0.1328125 0.015625 0.165625
0 0.221875 0.36875 0.11875 0.1265625
0 0.8 0.31328125 0.059375 0.0765625
0 0.86796875 0.3328125 0.0625 0.0765625
0 0.75859375 0.5625 0.059375 0.0859375
0 0.91328125 0.50078125 0.0671875 0.08125