0 0.196875 0.3 0.39375 0.4125
0 0.45703125 0.0578125 0.3828125 0.115625
0 0.4171875 0.15546875 0.184375 0.1625
0 0.946875 0.0671875 0.08125 0.121875
0 0.846875 0.1390625 0.090625 0.1
0 0.73203125 0.22578125 0.0921875 0.090625
0 0.89453125 0.25390625 0.08125 0.0734375
0 0.6828125 0.33515625 0.0953125 0.0921875
0 0.57421875 0.36640625 0.1171875 0.1015625
0 0.14140625 0.55625 0.14375 0.1359375
0 0.06875 0.93671875 0.1125 0.1265625
0 0.184375 0.7703125 0.0984375 0.121875
0 0.4984375 0.88671875 0.278125 0.2265625
0 0.64296875 0.77890625 0.2671875 0.2453125
0 0.428125 0.6375 0.19375 0.1859375
0 0.3484375 0.5171875 0.1984375 0.1171875
0 0.26796875 0.62734375 0.140625 0.14375
0 0.7640625 0.58515625 0.109375 0.0890625
0 0.84375 0.59140625 0.065625 0.0796875
0 0.784375 0.74765625 0.0671875 0.0890625
0 0.8265625 0.8703125 0.046875 0.0359375