0 0.2578125 0.06171875 0.30625 0.1234375
0 0.4 0.12734375 0.2625 0.2421875
0 0.46171875 0.0359375 0.2390625 0.071875
0 0.19609375 0.11015625 0.20625 0.165625
0 0.890625 0.13828125 0.21875 0.1546875
0 0.75 0.23125 0.290625 0.2921875
0 0.3859375 0.35078125 0.3140625 0.3
0 0.69453125 0.6078125 0.359375 0.3515625
0 0.896875 0.6609375 0.1828125 0.1921875
0 0.38515625 0.5390625 0.228125 0.1796875
0 0.55390625 0.50625 0.2578125 0.2875
0 0.02265625 0.559375 0.0453125 0.175
0 0.06875 0.61953125 0.1359375 0.1421875
0 0.08125 0.721875 0.1625 0.15
0 0.26796875 0.77109375 0.1875 0.184375
0 0.3328125 0.8515625 0.24375 0.2515625
0 0.4015625 0.95078125 0.25625 0.0984375
0 0.5421875 0.90078125 0.271875 0.1984375
0 0.65546875 0.80703125 0.290625 0.25625
0 0.45234375 0.69453125 0.225 0.2203125
0 0.82734375 0.96171875 0.1359375 0.0765625
0 0.90390625 0.84140625 0.075 0.1109375