0 0.009375 0.1703125 0.01875 0.065625
0 0.10625 0.18046875 0.1 0.15625
0 0.19375 0.340625 0.115625 0.14375
0 0.2875 0.29921875 0.1265625 0.153125
0 0.15390625 0.46796875 0.1 0.1296875
0 0.09296875 0.52109375 0.0890625 0.128125
0 0.31328125 0.5578125 0.1171875 0.1421875
0 0.3328125 0.44921875 0.103125 0.128125
0 0.1015625 0.72890625 0.084375 0.10625
0 0.559375 0.4359375 0.0515625 0.0625
0 0.54453125 0.60859375 0.0484375 0.059375
0 0.5078125 0.6078125 0.0453125 0.0484375
0 0.41328125 0.259375 0.028125 0.0375
0 0.63046875 0.14140625 0.059375 0.0625
0 0.846875 0.55 0.1015625 0.1328125
0 0.94375 0.38359375 0.0859375 0.1109375
0 0.75546875 0.66484375 0.1125 0.1375
0 0.7046875 0.69375 0.084375 0.11875
0 0.7796875 0.79296875 0.1 0.125
0 0.85078125 0.78203125 0.053125 0.0609375
0 0.91171875 0.6953125 0.096875 0.1265625
0 0.971875 0.68671875 0.05625 0.1515625
0 0.965625 0.76640625 0.06875 0.0890625
0 0.928125 0.18046875 0.0375 0.0671875
0 0.43203125 0.04609375 0.0953125 0.0921875
0 0.48046875 0.02421875 0.0828125 0.0484375
0 0.21953125 0.73984375 0.0859375 0.1015625