0 0.53828125 0.17578125 0.3390625 0.34375
0 0.5546875 0.44609375 0.3125 0.309375
0 0.7515625 0.5 0.3078125 0.2859375
0 0.84921875 0.70546875 0.3015625 0.3453125
0 0.5984375 0.6828125 0.290625 0.3203125
0 0.45 0.7 0.2125 0.2859375
0 0.30078125 0.63046875 0.2859375 0.303125
0 0.28984375 0.80703125 0.2859375 0.25625
0 0.10546875 0.6484375 0.203125 0.228125
0 0.0703125 0.534375 0.140625 0.146875
0 0.26796875 0.48515625 0.234375 0.1875
0 0.53984375 0.92421875 0.1765625 0.1515625
0 0.38359375 0.97578125 0.1890625 0.0484375
0 0.971875 0.5609375 0.05625 0.09375