0 0.3109375 0.09140625 0.190625 0.1640625
0 0.57734375 0.0546875 0.2140625 0.109375
0 0.4046875 0.0484375 0.10625 0.09375
0 0.43203125 0.03671875 0.0859375 0.0734375
0 0.93671875 0.11953125 0.1265625 0.1828125
0 0.746875 0.05625 0.1578125 0.090625
0 0.671875 0.1625 0.15625 0.121875
0 0.80234375 0.25859375 0.1375 0.1234375
0 0.65 0.271875 0.1171875 0.103125
0 0.49609375 0.21640625 0.1578125 0.1296875
0 0.31328125 0.48125 0.1546875 0.1203125
0 0.0453125 0.64765625 0.090625 0.1078125
0 0.32890625 0.7296875 0.1234375 0.075
0 0.2734375 0.81484375 0.084375 0.0703125
0 0.21171875 0.875 0.090625 0.0671875
0 0.6015625 0.80859375 0.10625 0.0765625
0 0.79609375 0.8328125 0.1171875 0.084375
0 0.73671875 0.6625 0.1 0.075
0 0.66953125 0.5609375 0.096875 0.0609375
0 0.78671875 0.40078125 0.096875 0.06875
0 0.7625 0.31328125 0.1203125 0.0890625
0 0.3875 0.61796875 0.121875 0.078125
0 0.52578125 0.68828125 0.06875 0.0484375
0 0.1796875 0.69609375 0.0984375 0.0546875
0 0.08359375 0.2796875 0.13125 0.1171875
0 0.09296875 0.2015625 0.134375 0.0609375
0 0.6140625 0.5015625 0.0703125 0.0671875
0 0.68515625 0.4734375 0.1078125 0.084375
0 0.46171875 0.59765625 0.05625 0.05