0 0.31171875 0.88046875 0.06875 0.071875
0 0.7265625 0.80859375 0.1140625 0.0859375
0 0.37265625 0.64453125 0.08125 0.0734375
0 0.4375 0.73984375 0.096875 0.065625
0 0.609375 0.6890625 0.0734375 0.0515625
0 0.5578125 0.6515625 0.0734375 0.05625
0 0.64609375 0.65 0.0875 0.0640625
0 0.459375 0.5890625 0.10625 0.08125
0 0.65625 0.58984375 0.075 0.04375
0 0.16328125 0.44921875 0.0953125 0.0515625
0 0.5359375 0.45 0.1 0.0734375
0 0.4296875 0.39375 0.0921875 0.0703125
0 0.2 0.2796875 0.09375 0.06875
0 0.6109375 0.42890625 0.090625 0.0734375
0 0.6265625 0.37890625 0.1125 0.0859375
0 0.55859375 0.32265625 0.109375 0.0765625
0 0.68671875 0.340625 0.0859375 0.0671875
0 0.7 0.3828125 0.0765625 0.05625
0 0.76796875 0.41015625 0.1125 0.08125
0 0.85234375 0.4765625 0.0921875 0.0640625
0 0.8609375 0.31796875 0.0984375 0.075
0 0.8375 0.24375 0.10625 0.0765625
0 0.6234375 0.23984375 0.103125 0.0734375
0 0.48671875 0.19921875 0.0796875 0.059375
0 0.553125 0.21484375 0.103125 0.0828125
0 0.478125 0.0765625 0.11875 0.0921875
0 0.603125 0.10859375 0.078125 0.0609375
0 0.6765625 0.1171875 0.0828125 0.0640625
0 0.665625 0.175 0.1 0.0734375