0 0.26484375 0.24375 0.153125 0.2265625
0 0.134375 0.334375 0.196875 0.246875
0 0.6625 0.18671875 0.165625 0.2078125
0 0.7484375 0.28203125 0.125 0.1953125
0 0.8953125 0.3703125 0.175 0.25625
0 0.88671875 0.50625 0.1453125 0.0921875
0 0.6953125 0.5375 0.165625 0.203125
0 0.70078125 0.69765625 0.11875 0.1296875
0 0.5609375 0.596875 0.159375 0.2375
0 0.46796875 0.49453125 0.1265625 0.165625
0 0.33828125 0.490625 0.140625 0.190625
0 0.38046875 0.35234375 0.109375 0.1125
0 0.50625 0.365625 0.0984375 0.096875
0 0.0859375 0.56171875 0.171875 0.2390625
0 0.07734375 0.753125 0.153125 0.190625
0 0.44375 0.6984375 0.184375 0.2296875
0 0.27109375 0.59375 0.125 0.096875
0 0.43671875 0.978125 0.0984375 0.04375