0 0.9203125 0.12109375 0.159375 0.1859375
0 0.84765625 0.45390625 0.1625 0.2
0 0.8671875 0.5390625 0.1203125 0.1296875
0 0.80234375 0.66328125 0.134375 0.15625
0 0.4578125 0.634375 0.128125 0.178125
0 0.54453125 0.52734375 0.0953125 0.0953125
0 0.32265625 0.41171875 0.10625 0.125
0 0.21640625 0.42265625 0.1328125 0.1796875
0 0.225 0.60703125 0.1390625 0.1984375
0 0.3015625 0.66484375 0.1109375 0.1515625
0 0.28046875 0.8625 0.128125 0.1765625
0 0.19140625 0.83203125 0.0953125 0.175
0 0.31953125 0.55859375 0.1 0.128125
0 0.37109375 0.478125 0.0546875 0.078125