0 0.35078125 0.10390625 0.128125 0.13203125
0 0.19609375 0.14921875 0.0484375 0.0515625
0 0.209375 0.09140625 0.0484375 0.05
0 0.2390625 0.17109375 0.0453125 0.0484375
0 0.19140625 0.3796875 0.103125 0.11015625
0 0.11328125 0.4109375 0.0734375 0.08203125
0 0.3515625 0.37734375 0.103125 0.1046875
0 0.3890625 0.2875 0.09140625 0.10859375
0 0.46015625 0.26484375 0.1203125 0.11328125
0 0.5375 0.17109375 0.11796875 0.13515625
0 0.46640625 0.075 0.0734375 0.06328125
0 0.91484375 0.41015625 0.1234375 0.1265625
0 0.975 0.43359375 0.05 0.11328125
0 0.67890625 0.2953125 0.06796875 0.0734375
0 0.66640625 0.52421875 0.0734375 0.075
0 0.434375 0.59609375 0.08515625 0.08515625
0 0.73984375 0.62734375 0.0765625 0.08515625
0 0.80078125 0.76640625 0.0546875 0.04296875
0 0.7953125 0.7125 0.08359375 0.08828125
0 0.8578125 0.77109375 0.06171875 0.06796875
0 0.66484375 0.90078125 0.03671875 0.04140625
0 0.7359375 0.8875 0.04140625 0.0484375
0 0.7046875 0.8328125 0.03984375 0.0453125
0 0.91875 0.98203125 0.03125 0.0359375
0 0.43671875 0.7046875 0.06328125 0.053125
0 0.52578125 0.6984375 0.05859375 0.0703125
0 0.5640625 0.72421875 0.0515625 0.0546875
0 0.36015625 0.69140625 0.04296875 0.04296875
0 0.12734375 0.58671875 0.03828125 0.05
0 0.18203125 0.61328125 0.03671875 0.05
0 0.246875 0.64453125 0.03359375 0.0484375
0 0.321875 0.80546875 0.0296875 0.03515625
0 0.3203125 0.77421875 0.0296875 0.025
0 0.63359375 0.134375 0.0796875 0.11484375
0 0.55234375 0.34609375 0.028125 0.0515625
0 0.265625 0.696875 0.03515625 0.0296875