0 0.02265625 0.52890625 0.03984375 0.0296875
0 0.221875 0.58203125 0.0453125 0.0359375
0 0.5296875 0.54140625 0.05390625 0.0359375
0 0.590625 0.6046875 0.06796875 0.025
0 0.60078125 0.625 0.059375 0.0375
0 0.38203125 0.5734375 0.08203125 0.0375
0 0.46875 0.4359375 0.07421875 0.028125
0 0.47421875 0.46640625 0.06796875 0.0328125
0 0.49609375 0.2359375 0.065625 0.034375
0 0.53125 0.215625 0.0453125 0.0375
0 0.60625 0.1671875 0.0484375 0.028125
0 0.65234375 0.121875 0.065625 0.04375
0 0.96875 0.475 0.0625 0.04375