0 0.5609375 0.17890625 0.321875 0.328125
0 0.55859375 0.45 0.2984375 0.2953125
0 0.75078125 0.51796875 0.29375 0.2703125
0 0.84609375 0.73046875 0.3078125 0.3296875
0 0.5859375 0.6890625 0.275 0.3078125
0 0.4359375 0.69609375 0.196875 0.278125
0 0.2921875 0.615625 0.271875 0.290625
0 0.26875 0.79140625 0.275 0.2421875
0 0.0953125 0.62109375 0.190625 0.2203125
0 0.06796875 0.50390625 0.1359375 0.1390625
0 0.26953125 0.46953125 0.2265625 0.175
0 0.509375 0.92734375 0.16875 0.1453125
0 0.3484375 0.9734375 0.1875 0.053125
0 0.9703125 0.59375 0.059375 0.090625