0 0.959375 0.40390625 0.08125 0.1265625
0 0.859375 0.6046875 0.1046875 0.109375
0 0.8953125 0.5 0.0984375 0.1015625
0 0.66796875 0.5296875 0.1421875 0.15625
0 0.75078125 0.63046875 0.0953125 0.1046875
0 0.83203125 0.78984375 0.0953125 0.096875
0 0.48828125 0.9046875 0.13125 0.13125
0 0.2578125 0.80546875 0.1484375 0.159375
0 0.1296875 0.79296875 0.153125 0.159375
0 0.1546875 0.5296875 0.215625 0.2234375
0 0.303125 0.40546875 0.1890625 0.221875
0 0.4125 0.4875 0.13125 0.1375
0 0.496875 0.56875 0.1453125 0.1390625
0 0.57890625 0.6078125 0.121875 0.1328125