0 0.3109375 0.084375 0.115625 0.1234375
0 0.33046875 0.178125 0.1125 0.121875
0 0.26171875 0.1984375 0.0890625 0.1109375
0 0.69296875 0.0265625 0.1109375 0.053125
0 0.51015625 0.1515625 0.1 0.1125
0 0.57109375 0.171875 0.0984375 0.1109375
0 0.7359375 0.12109375 0.103125 0.1171875
0 0.81875 0.07734375 0.0921875 0.0828125
0 0.6796875 0.2515625 0.090625 0.09375
0 0.5078125 0.365625 0.0859375 0.0984375
0 0.53828125 0.29296875 0.08125 0.08125
0 0.3828125 0.253125 0.059375 0.0859375
0 0.42734375 0.23828125 0.09375 0.0984375
0 0.1359375 0.3328125 0.1203125 0.1359375
0 0.05234375 0.4453125 0.1046875 0.109375
0 0.28515625 0.4046875 0.08125 0.103125
0 0.3328125 0.37890625 0.0921875 0.1125
0 0.5703125 0.3765625 0.071875 0.09375
0 0.6171875 0.38046875 0.071875 0.09375
0 0.65390625 0.38984375 0.0578125 0.078125
0 0.73046875 0.41640625 0.0796875 0.096875
0 0.87265625 0.49765625 0.0828125 0.096875
0 0.90703125 0.45234375 0.0953125 0.09375
0 0.825 0.51953125 0.08125 0.1
0 0.675 0.59140625 0.0828125 0.096875
0 0.5875 0.521875 0.075 0.0796875
0 0.640625 0.47578125 0.0703125 0.0828125
0 0.0796875 0.66640625 0.046875 0.0671875
0 0.10390625 0.5921875 0.0890625 0.09375
0 0.146875 0.63984375 0.0578125 0.0578125
0 0.22109375 0.56875 0.09375 0.0953125
0 0.303125 0.68671875 0.075 0.08125
0 0.36796875 0.675 0.0796875 0.090625
0 0.3984375 0.7703125 0.0765625 0.078125
0 0.44375 0.74375 0.071875 0.0765625
0 0.48359375 0.68671875 0.065625 0.0734375
0 0.4609375 0.9234375 0.084375 0.0875
0 0.46875 0.8609375 0.078125 0.0796875
0 0.2078125 0.771875 0.0859375 0.08125
0 0.16171875 0.884375 0.065625 0.0671875
0 0.30546875 0.78125 0.0796875 0.0828125
0 0.85625 0.66484375 0.0890625 0.0953125
0 0.98671875 0.6890625 0.0265625 0.0625
0 0.98046875 0.640625 0.0390625 0.078125
0 0.76640625 0.840625 0.0828125 0.0875
0 0.57421875 0.88203125 0.0640625 0.0609375
0 0.646875 0.8703125 0.0625 0.0640625
0 0.3859375 0.53203125 0.0640625 0.0703125
0 0.4359375 0.51796875 0.0828125 0.1
0 0.51875 0.45234375 0.0765625 0.0875
0 0.62109375 0.8171875 0.0796875 0.0796875
0 0.29375 0.61953125 0.065625 0.0609375