0 0.90625 0.80078125 0.046875 0.05
0 0.94765625 0.81796875 0.0734375 0.05625
0 0.98125 0.790625 0.0375 0.05625
0 0.55859375 0.90625 0.0890625 0.071875
0 0.4453125 0.91484375 0.0875 0.0625
0 0.29921875 0.89375 0.078125 0.05625
0 0.13046875 0.940625 0.0671875 0.0421875
0 0.10703125 0.86953125 0.08125 0.0625
0 0.08046875 0.834375 0.0546875 0.0453125
0 0.9515625 0.6359375 0.0796875 0.06875
0 0.34140625 0.62109375 0.065625 0.0515625
0 0.50390625 0.5109375 0.078125 0.0703125
0 0.1953125 0.60703125 0.071875 0.0375
0 0.946875 0.421875 0.06875 0.0453125
0 0.62890625 0.40546875 0.0890625 0.0640625
0 0.41484375 0.45859375 0.103125 0.0640625
0 0.2484375 0.47734375 0.0625 0.059375
0 0.634375 0.32265625 0.0875 0.0484375
0 0.60078125 0.18515625 0.1109375 0.059375
0 0.134375 0.26875 0.1234375 0.08125
0 0.14765625 0.2140625 0.1078125 0.0734375
0 0.2265625 0.20390625 0.1078125 0.0890625