0 0.21796875 0.2640625 0.4234375 0.43125
0 0.5109375 0.06171875 0.3875 0.1234375
0 0.459375 0.1484375 0.1921875 0.171875
0 0.9765625 0.125 0.046875 0.125
0 0.88828125 0.184375 0.0953125 0.1046875
0 0.76328125 0.25625 0.096875 0.0953125
0 0.921875 0.30390625 0.084375 0.0765625
0 0.7015625 0.35859375 0.1 0.096875
0 0.58984375 0.37578125 0.121875 0.10625
0 0.1375 0.5125 0.15 0.1421875
0 0.0390625 0.8890625 0.078125 0.15
0 0.15390625 0.7296875 0.103125 0.1265625
0 0.45078125 0.88125 0.2890625 0.2375
0 0.6078125 0.79375 0.2796875 0.2578125
0 0.41171875 0.628125 0.203125 0.1953125
0 0.346875 0.4984375 0.2046875 0.128125
0 0.25390625 0.5984375 0.146875 0.15
0 0.7515625 0.6171875 0.1140625 0.0953125
0 0.83046875 0.63203125 0.06875 0.0828125
0 0.75234375 0.78125 0.071875 0.0921875
0 0.77890625 0.90703125 0.0484375 0.0375