0 0.15625 0.5796875 0.0796875 0.0953125
0 0.3109375 0.43984375 0.0609375 0.0828125
0 0.365625 0.39765625 0.0625 0.0796875
0 0.41796875 0.28515625 0.0671875 0.096875
0 0.4703125 0.27265625 0.059375 0.0859375
0 0.56015625 0.3546875 0.0640625 0.0984375
0 0.4421875 0.425 0.071875 0.0828125
0 0.3296875 0.675 0.05625 0.0671875
0 0.24453125 0.73984375 0.065625 0.0796875
0 0.1921875 0.66015625 0.065625 0.0765625
0 0.0171875 0.4296875 0.034375 0.08125
0 0.02734375 0.33671875 0.0546875 0.0765625
0 0.3890625 0.81796875 0.0546875 0.075
0 0.203125 0.9875 0.0375 0.025
0 0.18203125 0.72734375 0.04375 0.0421875
0 0.56328125 0.953125 0.04375 0.084375
0 0.48828125 0.8796875 0.0515625 0.040625
0 0.44921875 0.66015625 0.046875 0.065625
0 0.66484375 0.3671875 0.071875 0.090625
0 0.69375 0.63046875 0.071875 0.0765625
0 0.8 0.68515625 0.0609375 0.06875
0 0.89609375 0.57109375 0.065625 0.075
0 0.97265625 0.57734375 0.0546875 0.1140625
0 0.975 0.475 0.05 0.084375
0 0.98046875 0.8265625 0.0390625 0.115625
0 0.9125 0.703125 0.075 0.103125
0 0.8640625 0.703125 0.0515625 0.0984375
0 0.71640625 0.3890625 0.05625 0.0859375
0 0.73203125 0.4703125 0.0609375 0.0765625
0 0.753125 0.3609375 0.040625 0.059375
0 0.73046875 0.2953125 0.0578125 0.08125
0 0.8890625 0.20859375 0.0609375 0.0765625
0 0.82109375 0.25390625 0.0703125 0.0765625
0 0.87421875 0.2765625 0.040625 0.05625
0 0.74921875 0.11484375 0.053125 0.046875
0 0.69921875 0.1359375 0.0515625 0.0625
0 0.65546875 0.14921875 0.0640625 0.0921875
0 0.2578125 0.35703125 0.0734375 0.0921875
0 0.453125 0.3546875 0.071875 0.08125
0 0.44609375 0.76328125 0.0546875 0.0703125
0 0.16484375 0.2703125 0.0578125 0.0734375