0 0.62578125 0.1390625 0.4046875 0.278125
0 0.09375 0.09765625 0.1875 0.1640625
0 0.11640625 0.26953125 0.1921875 0.18125
0 0.284375 0.409375 0.2921875 0.2796875
0 0.56640625 0.4 0.390625 0.3390625
0 0.77890625 0.296875 0.20625 0.2671875
0 0.7859375 0.5578125 0.3421875 0.29375
0 0.47109375 0.684375 0.3890625 0.334375
0 0.07578125 0.75703125 0.1375 0.23125
0 0.21015625 0.8265625 0.20625 0.18125
0 0.10625 0.93359375 0.175 0.1328125
0 0.27265625 0.940625 0.1890625 0.11875
0 0.546875 0.8953125 0.31875 0.209375
0 0.7640625 0.840625 0.215625 0.23125