0 0.125 0.121875 0.25 0.19375
0 0.278125 0.18359375 0.240625 0.215625
0 0.296875 0.053125 0.2359375 0.0921875
0 0.0890625 0.2375 0.178125 0.14375
0 0.76328125 0.03984375 0.2515625 0.0796875
0 0.64296875 0.1625 0.2625 0.265625
0 0.34140625 0.3984375 0.2859375 0.2703125
0 0.71953125 0.53515625 0.3265625 0.3171875
0 0.92265625 0.515625 0.1546875 0.175
0 0.4046875 0.57578125 0.2140625 0.1546875
0 0.553125 0.4875 0.2296875 0.265625
0 0.0484375 0.72734375 0.071875 0.171875
0 0.13515625 0.76015625 0.1234375 0.1296875
0 0.18125 0.85234375 0.153125 0.1328125
0 0.375 0.834375 0.171875 0.1671875
0 0.4625 0.8859375 0.21875 0.228125
0 0.56640625 0.96171875 0.2546875 0.0765625
0 0.68515625 0.88515625 0.25 0.21875
0 0.75078125 0.73515625 0.2703125 0.2265625
0 0.521875 0.6984375 0.203125 0.2
0 0.95859375 0.85625 0.0828125 0.1375
0 0.98203125 0.6828125 0.0359375 0.10625