0 0.871875 0.2859375 0.2078125 0.1453125
0 0.50546875 0.02578125 0.1921875 0.0515625
0 0.3265625 0.29140625 0.1953125 0.140625
0 0.68046875 0.20703125 0.2125 0.146875
0 0.3125 0.48125 0.19375 0.134375
0 0.5640625 0.4796875 0.128125 0.0921875
0 0.3875 0.5953125 0.14375 0.0953125
0 0.1828125 0.69765625 0.20625 0.1390625
0 0.609375 0.64609375 0.1125 0.0890625
0 0.5609375 0.709375 0.1 0.0734375
0 0.51875 0.7640625 0.0796875 0.0578125
0 0.5484375 0.91875 0.1484375 0.1171875
0 0.1765625 0.3765625 0.15 0.103125