0 0.46796875 0.9234375 0.0640625 0.0671875
0 0.82578125 0.70078125 0.109375 0.0765625
0 0.43671875 0.68203125 0.0765625 0.0671875
0 0.53203125 0.7453125 0.09375 0.0578125
0 0.671875 0.634375 0.0703125 0.0453125
0 0.6109375 0.61875 0.0703125 0.0515625
0 0.69140625 0.584375 0.084375 0.05625
0 0.4953125 0.59765625 0.1015625 0.071875
0 0.67890625 0.52421875 0.0734375 0.0375
0 0.16875 0.57890625 0.09375 0.04375
0 0.51484375 0.440625 0.096875 0.065625
0 0.3953125 0.428125 0.0875 0.0625
0 0.1390625 0.4078125 0.090625 0.0625
0 0.5765625 0.3921875 0.0859375 0.065625
0 0.571875 0.33984375 0.1078125 0.0765625
0 0.48828125 0.3140625 0.1046875 0.0671875
0 0.6140625 0.28203125 0.0828125 0.0609375
0 0.64140625 0.3171875 0.0734375 0.05
0 0.71484375 0.315625 0.109375 0.071875
0 0.81796875 0.34609375 0.0890625 0.05625
0 0.76640625 0.19609375 0.0953125 0.0671875
0 0.7171875 0.1359375 0.1015625 0.0671875
0 0.5171875 0.2125 0.1 0.0640625
0 0.375 0.2265625 0.0765625 0.053125
0 0.44296875 0.215625 0.0984375 0.075
0 0.32109375 0.115625 0.1140625 0.0828125
0 0.44921875 0.0984375 0.075 0.0546875
0 0.5203125 0.07890625 0.0796875 0.0578125
0 0.53203125 0.13671875 0.096875 0.0640625