0 0.75390625 0.06171875 0.1953125 0.1125
0 0.421875 0.08828125 0.20625 0.1765625
0 0.565625 0.25390625 0.18125 0.15
0 0.9171875 0.409375 0.165625 0.146875
0 0.628125 0.5671875 0.1421875 0.1140625
0 0.4421875 0.390625 0.0828125 0.0765625
0 0.646875 0.184375 0.090625 0.09375
0 0.66640625 0.28203125 0.0984375 0.1
0 0.7578125 0.51015625 0.0953125 0.0671875
0 0.878125 0.63671875 0.13125 0.1140625
0 0.9203125 0.79921875 0.14375 0.1234375
0 0.61171875 0.7765625 0.1328125 0.109375
0 0.47890625 0.815625 0.06875 0.059375
0 0.5046875 0.71875 0.0640625 0.0578125
0 0.471875 0.675 0.0484375 0.05625
0 0.92109375 0.871875 0.1140625 0.0734375