0 0.13828125 0.92890625 0.07109375 0.04140625
0 0.20078125 0.91484375 0.05859375 0.0359375
0 0.240625 0.77890625 0.09140625 0.05
0 0.69140625 0.86640625 0.05859375 0.03828125
0 0.86328125 0.9 0.075 0.03984375
0 0.96640625 0.915625 0.046875 0.03671875
0 0.84296875 0.7984375 0.06484375 0.04765625
0 0.8 0.828125 0.0609375 0.03828125
0 0.31953125 0.66953125 0.08671875 0.05234375
0 0.12421875 0.5328125 0.1046875 0.05859375
0 0.4984375 0.62578125 0.07890625 0.05546875
0 0.55546875 0.58359375 0.07890625 0.04453125
0 0.60859375 0.55 0.0734375 0.0453125
0 0.82421875 0.56640625 0.11015625 0.06640625
0 0.89296875 0.51796875 0.11171875 0.059375
0 0.121875 0.42578125 0.10078125 0.02890625
0 0.38359375 0.396875 0.10546875 0.06015625
0 0.48203125 0.39296875 0.06015625 0.05625
0 0.04453125 0.2796875 0.08359375 0.05234375
0 0.478125 0.228125 0.1015625 0.03984375
0 0.8390625 0.12578125 0.06640625 0.04765625