0 0.47109375 0.70859375 0.090625 0.0609375
0 0.1078125 0.5640625 0.0875 0.040625
0 0.14296875 0.48359375 0.0765625 0.05625
0 0.70078125 0.4671875 0.084375 0.04375
0 0.94453125 0.54375 0.1109375 0.04375
0 0.9484375 0.3796875 0.084375 0.0546875
0 0.4203125 0.359375 0.125 0.0796875
0 0.57109375 0.2375 0.11875 0.0828125
0 0.21953125 0.1671875 0.0765625 0.0578125
0 0.26796875 0.10546875 0.09375 0.0703125
0 0.66796875 0.065625 0.096875 0.065625
0 0.85859375 0.07265625 0.10625 0.05
0 0.80859375 0.0203125 0.0640625 0.040625