0 0.85625 0.309375 0.2640625 0.3671875
0 0.1109375 0.2390625 0.221875 0.3625
0 0.57734375 0.84921875 0.2890625 0.3015625
0 0.56015625 0.2484375 0.246875 0.3296875
0 0.1484375 0.5 0.2109375 0.30625
0 0.7296875 0.521875 0.2265625 0.390625
0 0.575 0.58515625 0.321875 0.4234375
0 0.3859375 0.32734375 0.3234375 0.4171875
0 0.253125 0.62578125 0.328125 0.4234375
0 0.2625 0.26875 0.23125 0.34375
0 0.33515625 0.103125 0.21875 0.140625
0 0.309375 0.853125 0.2625 0.29375
0 0.63828125 0.15234375 0.2453125 0.3046875