0 0.5203125 0.24765625 0.103125 0.05625
0 0.5109375 0.27734375 0.09375 0.0375
0 0.4203125 0.45703125 0.09375 0.0609375
0 0.4796875 0.428125 0.075 0.0484375
0 0.5234375 0.3921875 0.1046875 0.0421875
0 0.57421875 0.3359375 0.0828125 0.040625
0 0.5265625 0.471875 0.075 0.0484375
0 0.43828125 0.496875 0.0625 0.040625
0 0.46328125 0.65078125 0.046875 0.0375
0 0.4359375 0.6671875 0.0625 0.0375
0 0.49765625 0.65546875 0.05625 0.0359375
0 0.63359375 0.64453125 0.06875 0.0375
0 0.61171875 0.65390625 0.0859375 0.05
0 0.721875 0.61328125 0.0625 0.04375
0 0.61015625 0.59609375 0.0921875 0.0328125
0 0.64296875 0.54765625 0.0859375 0.0453125
0 0.63046875 0.50703125 0.075 0.0421875