0 0.15859375 0.05390625 0.1359375 0.1078125
0 0.17421875 0.578125 0.115625 0.14375
0 0.084375 0.603125 0.103125 0.1390625
0 0.14453125 0.69453125 0.1078125 0.134375
0 0.075 0.69453125 0.0765625 0.0859375
0 0.2390625 0.9140625 0.0921875 0.0890625
0 0.3828125 0.0578125 0.125 0.115625
0 0.5078125 0.0546875 0.1 0.10625
0 0.475 0.1515625 0.0890625 0.1203125
0 0.54453125 0.16875 0.10625 0.13125
0 0.7015625 0.321875 0.053125 0.06875
0 0.553125 0.6296875 0.03125 0.040625
0 0.58984375 0.7734375 0.1046875 0.1390625
0 0.67578125 0.7515625 0.1046875 0.134375
0 0.90703125 0.7953125 0.0953125 0.1265625
0 0.38515625 0.7140625 0.0234375 0.03125