0 0.0765625 0.2203125 0.0734375 0.078125
0 0.08828125 0.165625 0.0765625 0.0984375
0 0.16953125 0.17421875 0.071875 0.0984375
0 0.203125 0.11796875 0.06875 0.078125
0 0.27890625 0.12421875 0.05625 0.1046875
0 0.2265625 0.2671875 0.065625 0.071875
0 0.153125 0.27421875 0.059375 0.059375
0 0.12421875 0.425 0.0765625 0.0703125
0 0.02109375 0.6203125 0.0375 0.1109375
0 0.20234375 0.6125 0.059375 0.059375
0 0.2359375 0.5640625 0.090625 0.1203125
0 0.103125 0.72734375 0.0640625 0.053125
0 0.215625 0.7453125 0.05625 0.0671875
0 0.2796875 0.76640625 0.0640625 0.075
0 0.33046875 0.78203125 0.05 0.0734375
0 0.36796875 0.7765625 0.0625 0.0796875
0 0.43046875 0.73984375 0.059375 0.084375
0 0.51484375 0.75390625 0.0734375 0.09375
0 0.6203125 0.7046875 0.0671875 0.096875
0 0.67734375 0.6140625 0.1125 0.1453125
0 0.81171875 0.6265625 0.1734375 0.221875
0 0.71015625 0.67421875 0.0796875 0.06875
0 0.6484375 0.96796875 0.06875 0.053125
0 0.51875 0.91171875 0.05 0.053125
0 0.30703125 0.57109375 0.0765625 0.115625
0 0.39296875 0.58828125 0.1171875 0.1734375
0 0.35078125 0.48515625 0.0796875 0.0890625
0 0.5015625 0.5984375 0.125 0.16875
0 0.57109375 0.4796875 0.1328125 0.1734375
0 0.215625 0.34765625 0.0640625 0.05625