0 0.2515625 0.08671875 0.1 0.084375
0 0.1796875 0.121875 0.1015625 0.1
0 0.12578125 0.25078125 0.1359375 0.103125
0 0.5953125 0.13671875 0.1 0.071875
0 0.734375 0.1859375 0.0828125 0.078125
0 0.19296875 0.34765625 0.1078125 0.0859375
0 0.203125 0.4859375 0.0734375 0.0703125
0 0.51171875 0.2390625 0.059375 0.0625
0 0.77890625 0.40859375 0.0703125 0.0625
0 0.225 0.53671875 0.090625 0.065625
0 0.228125 0.6015625 0.0828125 0.0578125
0 0.640625 0.6015625 0.1265625 0.1078125
0 0.51796875 0.60625 0.09375 0.075
0 0.36640625 0.7640625 0.0765625 0.0671875
0 0.35390625 0.80234375 0.04375 0.04375
0 0.56796875 0.7515625 0.096875 0.0890625
0 0.7578125 0.7328125 0.10625 0.0921875
0 0.72421875 0.88125 0.1234375 0.1109375
0 0.575 0.853125 0.096875 0.0859375
0 0.4828125 0.6921875 0.084375 0.084375
0 0.59140625 0.41796875 0.0765625 0.078125
0 0.540625 0.4265625 0.04375 0.059375
0 0.2734375 0.553125 0.046875 0.0453125
0 0.3328125 0.4828125 0.0546875 0.046875