0 0.77109375 0.95546875 0.08125 0.053125
0 0.878125 0.92265625 0.0515625 0.0390625
0 0.80859375 0.825 0.0765625 0.05
0 0.57265625 0.79609375 0.075 0.0484375
0 0.05625 0.7296875 0.1 0.065625
0 0.07578125 0.7953125 0.0765625 0.05625
0 0.2203125 0.79453125 0.0765625 0.0625
0 0.2671875 0.84765625 0.0859375 0.0703125
0 0.103125 0.9140625 0.0984375 0.059375
0 0.52421875 0.42734375 0.046875 0.0421875
0 0.8765625 0.5078125 0.034375 0.034375
0 0.97421875 0.38046875 0.0515625 0.0578125
0 0.64140625 0.3125 0.1328125 0.0796875
0 0.5453125 0.3328125 0.0703125 0.0515625
0 0.4484375 0.246875 0.0890625 0.0609375
0 0.39296875 0.1359375 0.1078125 0.0765625
0 0.33203125 0.07109375 0.109375 0.071875
0 0.98359375 0.30703125 0.0328125 0.0609375