0 0.5890625 0.159375 0.14375 0.2046875
0 0.86953125 0.31328125 0.1921875 0.246875
0 0.69375 0.50390625 0.14375 0.2125
0 0.8796875 0.43671875 0.1234375 0.0859375
0 0.70234375 0.23046875 0.1234375 0.1859375
0 0.73359375 0.65546875 0.096875 0.1359375
0 0.578125 0.59296875 0.153125 0.2359375
0 0.478125 0.70859375 0.1515625 0.23125
0 0.46875 0.5171875 0.11875 0.1625
0 0.221875 0.29765625 0.146875 0.2015625
0 0.1140625 0.40703125 0.159375 0.228125
0 0.103125 0.6375 0.165625 0.234375
0 0.1390625 0.81796875 0.1421875 0.190625
0 0.33828125 0.53203125 0.1265625 0.190625
0 0.28828125 0.47265625 0.10625 0.084375
0 0.2875 0.63359375 0.109375 0.0875
0 0.35703125 0.3796875 0.0984375 0.1125
0 0.4765625 0.36953125 0.08125 0.1
0 0.78359375 0.8875 0.1015625 0.1171875