0 0.4484375 0.45703125 0.1890625 0.240625
0 0.5671875 0.43984375 0.1484375 0.2015625
0 0.0828125 0.49453125 0.165625 0.1953125
0 0.21015625 0.57421875 0.1578125 0.209375
0 0.096875 0.8390625 0.19375 0.190625
0 0.31875 0.846875 0.203125 0.240625
0 0.9578125 0.51328125 0.084375 0.1078125
0 0.81875 0.7453125 0.1 0.11875
0 0.5953125 0.7515625 0.096875 0.1140625
0 0.45390625 0.18125 0.1625 0.1875
0 0.6765625 0.74609375 0.0890625 0.1078125
0 0.13046875 0.03359375 0.0828125 0.0671875
0 0.2796875 0.28515625 0.13125 0.1375
0 0.84453125 0.42109375 0.0671875 0.08125
0 0.90234375 0.46171875 0.06875 0.0828125
0 0.72421875 0.64296875 0.06875 0.090625
0 0.890625 0.63515625 0.075 0.0859375