0 0.28515625 0.31953125 0.065625 0.0484375
0 0.0953125 0.34609375 0.0484375 0.0296875
0 0.23125 0.4125 0.07109375 0.0375
0 0.2359375 0.43828125 0.0625 0.0328125
0 0.359375 0.41328125 0.07109375 0.0359375
0 0.55234375 0.26015625 0.07109375 0.0453125
0 0.54375 0.3171875 0.0765625 0.0375
0 0.36484375 0.540625 0.059375 0.028125
0 0.265625 0.50546875 0.07109375 0.0296875
0 0.55234375 0.5703125 0.065625 0.040625
0 0.828125 0.5578125 0.07109375 0.03125
0 0.95625 0.54765625 0.07109375 0.0390625
0 0.94453125 0.509375 0.059375 0.0375
0 0.96328125 0.6515625 0.05078125 0.0375
0 0.26171875 0.7390625 0.0625 0.034375
0 0.934375 0.32734375 0.06796875 0.0421875
0 0.88515625 0.32578125 0.07109375 0.0328125
0 0.91796875 0.3421875 0.05703125 0.025
0 0.67734375 0.42421875 0.05390625 0.0390625