0 0.8078125 0.8875 0.078125 0.046875
0 0.7265625 0.7921875 0.0609375 0.04375
0 0.8125 0.7640625 0.0921875 0.0578125
0 0.86484375 0.75625 0.05625 0.0515625
0 0.596875 0.66875 0.103125 0.0609375
0 0.21640625 0.71875 0.071875 0.046875
0 0.08828125 0.45546875 0.0875 0.059375
0 0.378125 0.47734375 0.078125 0.0515625
0 0.79609375 0.41328125 0.103125 0.0609375
0 0.865625 0.41875 0.0625 0.0578125
0 0.9328125 0.425 0.0890625 0.059375
0 0.121875 0.3328125 0.075 0.0484375
0 0.165625 0.3046875 0.0921875 0.053125
0 0.18984375 0.37578125 0.071875 0.034375
0 0.65234375 0.34453125 0.08125 0.0546875
0 0.62890625 0.26484375 0.0890625 0.053125
0 0.69921875 0.265625 0.078125 0.053125
0 0.41328125 0.17734375 0.084375 0.05625
0 0.95234375 0.303125 0.071875 0.0515625
0 0.940625 0.14921875 0.11875 0.0734375