0 0.38359375 0.63515625 0.14375 0.1671875
0 0.85078125 0.678125 0.1484375 0.1765625
0 0.6453125 0.9171875 0.15 0.165625
0 0.05234375 0.7078125 0.1046875 0.203125
0 0.23359375 0.6828125 0.1625 0.23125
0 0.36328125 0.74375 0.1609375 0.1671875
0 0.4296875 0.596875 0.14375 0.1953125
0 0.80546875 0.5953125 0.165625 0.16875
0 0.7421875 0.66015625 0.1078125 0.0953125
0 0.2625 0.2828125 0.1234375 0.1390625
0 0.07734375 0.1421875 0.090625 0.15
0 0.09921875 0.04375 0.1015625 0.0875
0 0.1875 0.0078125 0.084375 0.015625
0 0.29609375 0.5265625 0.1125 0.1328125