0 0.43125 0.2515625 0.05625 0.084375
0 0.69140625 0.1796875 0.0640625 0.075
0 0.753125 0.15703125 0.046875 0.0671875
0 0.81640625 0.23359375 0.0546875 0.0671875
0 0.8828125 0.184375 0.0625 0.090625
0 0.84609375 0.3046875 0.0578125 0.071875
0 0.7953125 0.47265625 0.0625 0.0796875
0 0.875 0.43828125 0.0625 0.0703125
0 0.9109375 0.52890625 0.05625 0.0578125
0 0.903125 0.4921875 0.04375 0.04375
0 0.9421875 0.45234375 0.059375 0.0859375
0 0.984375 0.47421875 0.03125 0.0640625
0 0.83125 0.64765625 0.046875 0.0484375
0 0.83671875 0.59609375 0.0484375 0.0671875
0 0.878125 0.6203125 0.05 0.075
0 0.746875 0.57265625 0.05625 0.0734375
0 0.63515625 0.540625 0.0671875 0.078125
0 0.621875 0.49296875 0.05 0.0703125
0 0.67109375 0.4328125 0.0546875 0.071875
0 0.54375 0.428125 0.065625 0.065625
0 0.55234375 0.38046875 0.0578125 0.0765625
0 0.43984375 0.33984375 0.0578125 0.0796875
0 0.40078125 0.41640625 0.0578125 0.0765625
0 0.0984375 0.2453125 0.059375 0.059375
0 0.23828125 0.3796875 0.0484375 0.053125
0 0.2609375 0.31875 0.053125 0.071875
0 0.16953125 0.409375 0.0578125 0.06875
0 0.1828125 0.36796875 0.05625 0.0734375
0 0.33515625 0.5515625 0.0578125 0.078125
0 0.3015625 0.6328125 0.05625 0.071875
0 0.37890625 0.671875 0.0578125 0.08125
0 0.43046875 0.62578125 0.0421875 0.0671875
0 0.48515625 0.79375 0.0734375 0.075
0 0.46953125 0.72265625 0.0421875 0.0734375
0 0.54453125 0.853125 0.0546875 0.08125
0 0.725 0.9 0.053125 0.065625
0 0.80390625 0.84765625 0.0609375 0.0796875
0 0.8265625 0.88046875 0.05 0.0578125
0 0.65390625 0.74453125 0.0546875 0.0734375
0 0.10546875 0.90390625 0.0703125 0.0890625
0 0.16171875 0.93203125 0.0609375 0.0859375
0 0.01484375 0.8515625 0.0296875 0.075
0 0.08671875 0.69609375 0.0546875 0.0859375
0 0.18515625 0.715625 0.0609375 0.071875
0 0.08046875 0.79140625 0.0515625 0.0859375
0 0.1890625 0.86953125 0.046875 0.0796875
0 0.18203125 0.79375 0.0453125 0.06875
0 0.25 0.80546875 0.05625 0.0640625
0 0.4328125 0.9703125 0.05 0.059375
0 0.54375 0.284375 0.04375 0.0375
0 0.55859375 0.23125 0.0546875 0.059375
0 0.4765625 0.52734375 0.040625 0.0640625
0 0.4984375 0.6421875 0.053125 0.0625
0 0.20078125 0.49140625 0.0515625 0.0890625