0 0.17109375 0.21875 0.1140625 0.04375
0 0.1 0.371875 0.0890625 0.059375
0 0.19609375 0.3671875 0.075 0.053125
0 0.0859375 0.62265625 0.08359375 0.0484375
0 0.021875 0.72265625 0.04375 0.0546875
0 0.2390625 0.584375 0.0890625 0.053125
0 0.30390625 0.5421875 0.08046875 0.046875
0 0.51796875 0.5234375 0.1140625 0.05625
0 0.575 0.47421875 0.1109375 0.0609375
0 0.9484375 0.64296875 0.0859375 0.0453125
0 0.884375 0.67578125 0.05859375 0.0453125
0 0.584375 0.7375 0.06953125 0.04375
0 0.60390625 0.82578125 0.0640625 0.0328125
0 0.021875 0.84921875 0.04375 0.0390625