0 0.4609375 0.37421875 0.359375 0.3953125
0 0.296875 0.58671875 0.3265625 0.303125
0 0.07421875 0.453125 0.1484375 0.234375
0 0.03046875 0.63125 0.0546875 0.15
0 0.57421875 0.62265625 0.2703125 0.2921875
0 0.40546875 0.9046875 0.2484375 0.190625
0 0.61875 0.7484375 0.225 0.1828125
0 0.9390625 0.8765625 0.121875 0.16875
0 0.77890625 0.60546875 0.1390625 0.171875
0 0.8359375 0.515625 0.1265625 0.15
0 0.9515625 0.5734375 0.096875 0.165625
0 0.15078125 0.93671875 0.1453125 0.1265625
0 0.6703125 0.2296875 0.128125 0.153125