0 0.159375 0.5515625 0.121875 0.128125
0 0.2 0.76640625 0.1421875 0.1484375
0 0.04765625 0.9546875 0.0953125 0.0625
0 0.05390625 0.878125 0.103125 0.084375
0 0.39140625 0.7484375 0.115625 0.0984375
0 0.4875 0.6953125 0.0921875 0.078125
0 0.5546875 0.66640625 0.0828125 0.084375
0 0.6671875 0.69375 0.0875 0.06875
0 0.64375 0.64140625 0.0828125 0.0625
0 0.91328125 0.75703125 0.0734375 0.065625
0 0.871875 0.7 0.071875 0.0671875
0 0.7109375 0.5875 0.084375 0.0828125
0 0.79765625 0.596875 0.065625 0.053125
0 0.42734375 0.51484375 0.0671875 0.0609375
0 0.45390625 0.3875 0.0671875 0.0515625
0 0.46171875 0.1859375 0.059375 0.0578125
0 0.38671875 0.159375 0.0453125 0.046875
0 0.56953125 0.084375 0.0640625 0.05
0 0.66640625 0.034375 0.0609375 0.046875
0 0.65625 0.328125 0.0421875 0.040625
0 0.5296875 0.1890625 0.0453125 0.05625
0 0.2765625 0.70703125 0.0859375 0.0828125