0 0.3046875 0.196875 0.171875 0.24375
0 0.54765625 0.43203125 0.19375 0.253125
0 0.115625 0.653125 0.23125 0.375
0 0.74296875 0.93203125 0.2484375 0.1359375
0 0.659375 0.821875 0.196875 0.303125
0 0.49296875 0.95078125 0.1109375 0.0984375
0 0.7796875 0.64375 0.171875 0.24375
0 0.89140625 0.396875 0.1625 0.2484375
0 0.78359375 0.24375 0.1453125 0.209375
0 0.8234375 0.05859375 0.1734375 0.109375
0 0.65234375 0.04765625 0.16875 0.09375
0 0.5765625 0.1140625 0.1796875 0.228125
0 0.2140625 0.08359375 0.184375 0.1671875
0 0.42890625 0.3390625 0.1390625 0.2109375
0 0.45 0.54453125 0.1734375 0.196875
0 0.3453125 0.38828125 0.13125 0.1984375
0 0.68984375 0.50625 0.153125 0.2625