0 0.959375 0.41171875 0.08125 0.1265625
0 0.8578125 0.6109375 0.10625 0.1109375
0 0.8953125 0.50703125 0.1 0.103125
0 0.6671875 0.5328125 0.14375 0.1578125
0 0.7484375 0.634375 0.096875 0.10625
0 0.82734375 0.79609375 0.096875 0.0984375
0 0.48125 0.90390625 0.134375 0.1328125
0 0.25234375 0.8015625 0.15 0.1625
0 0.12421875 0.78671875 0.1546875 0.1625
0 0.15390625 0.5234375 0.21875 0.2265625
0 0.3046875 0.4015625 0.1921875 0.225
0 0.4125 0.4859375 0.1328125 0.140625
0 0.49609375 0.56875 0.146875 0.1421875
0 0.57734375 0.609375 0.1234375 0.134375