0 0.3734375 0.33828125 0.15 0.20625
0 0.21640625 0.4125 0.109375 0.15
0 0.325 0.44375 0.140625 0.18125
0 0.275 0.52109375 0.1 0.11875
0 0.265625 0.6546875 0.1296875 0.1796875
0 0.13515625 0.646875 0.1109375 0.1140625
0 0.14453125 0.77890625 0.1390625 0.1953125
0 0.0390625 0.7203125 0.0421875 0.1203125
0 0.59765625 0.90234375 0.1375 0.175
0 0.55859375 0.82890625 0.1046875 0.1015625
0 0.38515625 0.76171875 0.0859375 0.1171875
0 0.28828125 0.8578125 0.084375 0.109375
0 0.36484375 0.85390625 0.08125 0.1078125
0 0.44453125 0.87421875 0.0828125 0.1296875
0 0.2671875 0.9796875 0.090625 0.040625
0 0.234375 0.74140625 0.0921875 0.1140625
0 0.41796875 0.653125 0.1265625 0.18125
0 0.496875 0.628125 0.1140625 0.153125
0 0.48671875 0.50703125 0.1046875 0.165625
0 0.5703125 0.384375 0.2625 0.3734375
0 0.78671875 0.3625 0.2453125 0.3390625
0 0.8375 0.5703125 0.159375 0.190625
0 0.45546875 0.17578125 0.1609375 0.2671875
0 0.61640625 0.20703125 0.1828125 0.2640625
0 0.54921875 0.05859375 0.2140625 0.1171875
0 0.76953125 0.15859375 0.1703125 0.1734375
0 0.8609375 0.03359375 0.15 0.0671875
0 0.39375 0.0546875 0.053125 0.0671875