0 0.2265625 0.23359375 0.1390625 0.1734375
0 0.540625 0.153125 0.1421875 0.1875
0 0.68515625 0.18203125 0.13125 0.196875
0 0.88046875 0.18359375 0.109375 0.175
0 0.95625 0.1546875 0.0875 0.16875
0 0.7828125 0.3234375 0.1453125 0.20625
0 0.70703125 0.46875 0.1484375 0.1828125
0 0.81953125 0.52421875 0.1578125 0.2109375
0 0.71484375 0.6390625 0.134375 0.1703125
0 0.5453125 0.6390625 0.1390625 0.1859375
0 0.67109375 0.82890625 0.1359375 0.2015625
0 0.784375 0.875 0.159375 0.2125
0 0.034375 0.71328125 0.06875 0.2234375
0 0.19296875 0.525 0.1234375 0.159375
0 0.4296875 0.640625 0.125 0.1734375
0 0.47890625 0.42421875 0.1421875 0.1921875
0 0.59765625 0.40234375 0.1359375 0.19375
0 0.40625 0.30546875 0.1359375 0.140625
0 0.340625 0.2609375 0.075 0.1578125
0 0.1484375 0.403125 0.1265625 0.178125