0 0.17265625 0.13046875 0.04375 0.053125
0 0.22578125 0.090625 0.03125 0.04375
0 0.41484375 0.11796875 0.0515625 0.05
0 0.40078125 0.234375 0.046875 0.0609375
0 0.63828125 0.29609375 0.0546875 0.0578125
0 0.6109375 0.39375 0.046875 0.071875
0 0.78671875 0.4265625 0.053125 0.0578125
0 0.70703125 0.37578125 0.0359375 0.0421875
0 0.69921875 0.53359375 0.05 0.059375
0 0.6953125 0.49609375 0.04375 0.04375
0 0.6765625 0.47265625 0.03125 0.0359375
0 0.58125 0.49296875 0.0484375 0.059375
0 0.5796875 0.5453125 0.04375 0.0453125
0 0.57109375 0.60859375 0.0390625 0.0546875
0 0.48046875 0.5671875 0.0328125 0.0421875
0 0.52109375 0.471875 0.046875 0.0609375
0 0.67578125 0.6390625 0.0390625 0.0515625
0 0.72265625 0.659375 0.0328125 0.0453125
0 0.71484375 0.73671875 0.04375 0.05
0 0.4953125 0.6546875 0.034375 0.05
0 0.82890625 0.69296875 0.0296875 0.0328125
0 0.365625 0.5765625 0.053125 0.0625
0 0.40546875 0.50703125 0.053125 0.075
0 0.33203125 0.440625 0.0421875 0.05
0 0.3890625 0.61640625 0.0296875 0.0390625
0 0.39921875 0.565625 0.028125 0.04375
0 0.42578125 0.54140625 0.028125 0.0328125
0 0.040625 0.25859375 0.0359375 0.0484375
0 0.07734375 0.425 0.04375 0.0625
0 0.03359375 0.44609375 0.0359375 0.0453125
0 0.128125 0.41796875 0.040625 0.046875
0 0.13828125 0.39609375 0.03125 0.040625
0 0.190625 0.49375 0.0421875 0.0453125
0 0.17734375 0.63671875 0.0296875 0.0296875
0 0.07109375 0.6296875 0.0203125 0.0296875
0 0.2734375 0.80234375 0.0359375 0.0421875
0 0.3046875 0.71875 0.028125 0.034375
0 0.3515625 0.746875 0.0296875 0.03125
0 0.31484375 0.58046875 0.0359375 0.0390625
0 0.29609375 0.625 0.0296875 0.034375
0 0.74296875 0.8421875 0.04375 0.0484375
0 0.61171875 0.76171875 0.0296875 0.0375
0 0.88359375 0.696875 0.03125 0.0375
0 0.91171875 0.6875 0.028125 0.04375
0 0.871875 0.65859375 0.0265625 0.0375
0 0.8453125 0.65 0.028125 0.0359375
0 0.8640625 0.75 0.03125 0.0375
0 0.909375 0.565625 0.0390625 0.0484375
0 0.8109375 0.50390625 0.0265625 0.0359375
0 0.78203125 0.48828125 0.0296875 0.0375
0 0.9703125 0.63359375 0.034375 0.0359375
0 0.24921875 0.53359375 0.0296875 0.0328125
0 0.1046875 0.48828125 0.0328125 0.0328125