0 0.33359375 0.13359375 0.0671875 0.046875
0 0.48359375 0.175 0.053125 0.0359375
0 0.4515625 0.2046875 0.0609375 0.0359375
0 0.5046875 0.25390625 0.040625 0.0359375
0 0.5078125 0.2078125 0.0484375 0.0296875
0 0.46875 0.2859375 0.0625 0.0453125
0 0.36953125 0.28203125 0.040625 0.03125
0 0.31640625 0.259375 0.053125 0.0375
0 0.33984375 0.32109375 0.065625 0.046875
0 0.41640625 0.3359375 0.0484375 0.0328125
0 0.27109375 0.3109375 0.05625 0.04375
0 0.36015625 0.37265625 0.0578125 0.0390625
0 0.52890625 0.365625 0.0609375 0.034375
0 0.21640625 0.43828125 0.071875 0.040625
0 0.234375 0.4671875 0.0546875 0.0390625
0 0.2546875 0.49921875 0.0546875 0.034375
0 0.50859375 0.5171875 0.0640625 0.0296875
0 0.39765625 0.58984375 0.0734375 0.0453125
0 0.35234375 0.5765625 0.046875 0.03125
0 0.59609375 0.653125 0.040625 0.03125
0 0.36328125 0.48828125 0.053125 0.0265625
0 0.85390625 0.56171875 0.0703125 0.040625
0 0.7796875 0.615625 0.0515625 0.0453125
0 0.96875 0.27734375 0.0625 0.0484375
0 0.8640625 0.37578125 0.0484375 0.0453125
0 0.815625 0.36171875 0.0453125 0.0375
0 0.7828125 0.36484375 0.0375 0.0296875
0 0.81015625 0.48984375 0.06875 0.0484375
0 0.58515625 0.5484375 0.0671875 0.0234375