0 0.721875 0.046875 0.190625 0.09375
0 0.3359375 0.06796875 0.075 0.075
0 0.48828125 0.0921875 0.08125 0.0828125
0 0.0609375 0.08984375 0.121875 0.1015625
0 0.06640625 0.18203125 0.1328125 0.1296875
0 0.28359375 0.13515625 0.065625 0.071875
0 0.471875 0.42890625 0.04375 0.065625
0 0.73828125 0.3296875 0.13125 0.1171875
0 0.928125 0.096875 0.096875 0.1234375
0 0.034375 0.3171875 0.06875 0.103125
0 0.409375 0.653125 0.171875 0.14375
0 0.51796875 0.65546875 0.1015625 0.1125
0 0.83828125 0.46796875 0.1609375 0.16875
0 0.89453125 0.63359375 0.0828125 0.0703125
0 0.9 0.57109375 0.0703125 0.0671875
0 0.54375 0.96796875 0.1125 0.0640625