0 0.1578125 0.4859375 0.1375 0.1421875
0 0.15625 0.7046875 0.159375 0.1625
0 0.3421875 0.73046875 0.1375 0.128125
0 0.63046875 0.71953125 0.10625 0.1015625
0 0.86328125 0.82421875 0.09375 0.0796875
0 0.24765625 0.6703125 0.103125 0.109375
0 0.45078125 0.14921875 0.0578125 0.05625
0 0.515625 0.1828125 0.078125 0.0765625
0 0.58359375 0.1953125 0.065625 0.06875
0 0.64140625 0.10078125 0.06875 0.0703125
0 0.74296875 0.071875 0.0625 0.0671875
0 0.53203125 0.23828125 0.04375 0.0578125
0 0.56875 0.2421875 0.0484375 0.05625
0 0.42734375 0.50625 0.078125 0.0796875
0 0.24375 0.4421875 0.071875 0.0734375
0 0.4765625 0.378125 0.075 0.0734375
0 0.5234375 0.67734375 0.096875 0.0890625
0 0.44609375 0.69140625 0.1046875 0.0953125
0 0.696875 0.628125 0.09375 0.0984375
0 0.77265625 0.6484375 0.0734375 0.065625