0 0.940625 0.68359375 0.11875 0.2296875
0 0.06171875 0.12265625 0.1234375 0.1703125
0 0.4390625 0.79609375 0.315625 0.4078125
0 0.278125 0.1078125 0.1015625 0.0953125
0 0.1578125 0.83359375 0.275 0.3328125
0 0.265625 0.82890625 0.134375 0.3421875
0 0.68046875 0.80390625 0.25625 0.3546875
0 0.8859375 0.81484375 0.228125 0.3078125
0 0.61171875 0.0921875 0.1984375 0.184375
0 0.1578125 0.16328125 0.1796875 0.1765625
0 0.82578125 0.13984375 0.2859375 0.2796875
0 0.5890625 0.2546875 0.275 0.38125
0 0.16484375 0.30625 0.1765625 0.296875
0 0.9046875 0.27421875 0.1765625 0.353125
0 0.44296875 0.32578125 0.14375 0.3671875
0 0.32421875 0.36640625 0.290625 0.509375
0 0.0828125 0.39296875 0.165625 0.4453125
0 0.7953125 0.44375 0.1625 0.3078125
0 0.74921875 0.57578125 0.2859375 0.3765625
0 0.496875 0.61484375 0.203125 0.2453125
0 0.40703125 0.084375 0.2078125 0.16875