0 0.4625 0.04765625 0.228125 0.0953125
0 0.37265625 0.1578125 0.2578125 0.2578125
0 0.54140625 0.278125 0.2515625 0.253125
0 0.7640625 0.33125 0.2390625 0.2328125
0 0.59140625 0.4671875 0.2109375 0.209375
0 0.71796875 0.47421875 0.1703125 0.1875
0 0.1609375 0.2796875 0.0828125 0.0765625
0 0.04296875 0.58359375 0.0859375 0.1515625
0 0.1078125 0.728125 0.1515625 0.15625
0 0.24140625 0.72109375 0.1546875 0.1484375
0 0.203125 0.84609375 0.1578125 0.1296875
0 0.2140625 0.9515625 0.13125 0.096875
0 0.38046875 0.87265625 0.1609375 0.159375
0 0.65859375 0.68515625 0.1796875 0.1734375
0 0.92578125 0.73828125 0.1484375 0.2046875
0 0.88671875 0.9078125 0.1578125 0.0953125
0 0.6375 0.78671875 0.06875 0.0703125
0 0.534375 0.90625 0.0640625 0.0609375
0 0.27578125 0.98828125 0.1046875 0.0234375