0 0.1140625 0.246875 0.14375 0.1484375
0 0.74453125 0.06171875 0.071875 0.046875
0 0.71171875 0.0859375 0.0375 0.0390625
0 0.35 0.059375 0.165625 0.11875
0 0.3984375 0.14609375 0.0765625 0.075
0 0.8890625 0.3234375 0.14375 0.121875
0 0.23984375 0.246875 0.1453125 0.115625
0 0.50703125 0.36796875 0.15 0.1484375
0 0.20625 0.334375 0.159375 0.1625
0 0.440625 0.45546875 0.0765625 0.0796875
0 0.9421875 0.5515625 0.115625 0.175
0 0.171875 0.64296875 0.1453125 0.1453125
0 0.671875 0.778125 0.1734375 0.1765625
0 0.93984375 0.7546875 0.05625 0.128125
0 0.89375 0.87421875 0.0640625 0.065625
0 0.11015625 0.74921875 0.128125 0.1359375
0 0.6015625 0.88125 0.1671875 0.1140625
0 0.53359375 0.94375 0.1515625 0.1125
0 0.6890625 0.97734375 0.125 0.0453125