0 0.46640625 0.24453125 0.0671875 0.090625
0 0.734375 0.209375 0.0734375 0.0828125
0 0.7984375 0.1953125 0.05625 0.0734375
0 0.85078125 0.28046875 0.0640625 0.0734375
0 0.92265625 0.240625 0.075 0.0984375
0 0.86953125 0.3546875 0.0671875 0.0796875
0 0.79609375 0.5140625 0.0734375 0.0875
0 0.8796875 0.49140625 0.071875 0.078125
0 0.903125 0.5859375 0.0640625 0.065625
0 0.9 0.5484375 0.05 0.05
0 0.94453125 0.5140625 0.0703125 0.09375
0 0.98125 0.54140625 0.0375 0.0671875
0 0.8078125 0.6921875 0.053125 0.0546875
0 0.8203125 0.6421875 0.0578125 0.0734375
0 0.8578125 0.671875 0.059375 0.08125
0 0.734375 0.60625 0.065625 0.08125
0 0.628125 0.559375 0.078125 0.0859375
0 0.621875 0.51015625 0.059375 0.0765625
0 0.67890625 0.45703125 0.0640625 0.078125
0 0.553125 0.43515625 0.0734375 0.0734375
0 0.56875 0.3890625 0.0671875 0.084375
0 0.4625 0.3328125 0.06875 0.0875
0 0.41328125 0.403125 0.0671875 0.084375
0 0.1375 0.1921875 0.0671875 0.0671875
0 0.2578125 0.34453125 0.0546875 0.059375
0 0.28828125 0.2875 0.0625 0.078125
0 0.18515625 0.3640625 0.0671875 0.0765625
0 0.20390625 0.325 0.065625 0.08125
0 0.3296875 0.528125 0.06875 0.0859375
0 0.28515625 0.60390625 0.065625 0.0796875
0 0.35625 0.653125 0.06875 0.0890625
0 0.41328125 0.61484375 0.0515625 0.071875
0 0.44453125 0.7890625 0.0828125 0.084375
0 0.4390625 0.71640625 0.0515625 0.078125
0 0.4953125 0.85625 0.065625 0.0875
0 0.6671875 0.92734375 0.0625 0.071875
0 0.75234375 0.88671875 0.071875 0.0875
0 0.7703125 0.921875 0.0578125 0.0640625
0 0.61875 0.76328125 0.0640625 0.0796875
0 0.053125 0.8453125 0.08125 0.0984375
0 0.1046875 0.88046875 0.071875 0.09375
0 0.06328125 0.63671875 0.065625 0.0921875
0 0.15859375 0.66953125 0.0703125 0.0796875
0 0.04375 0.73046875 0.0625 0.0921875
0 0.140625 0.82265625 0.0578125 0.0859375
0 0.14453125 0.746875 0.0546875 0.075
0 0.21015625 0.76796875 0.0640625 0.071875
0 0.36796875 0.95625 0.0578125 0.065625
0 0.5734375 0.2921875 0.0484375 0.04375
0 0.5953125 0.2421875 0.0625 0.0671875
0 0.47265625 0.5234375 0.0484375 0.06875
0 0.47890625 0.640625 0.0609375 0.06875
0 0.2046875 0.45 0.0640625 0.0953125