0 0.24140625 0.03984375 0.1296875 0.0796875
0 0.6796875 0.05078125 0.1265625 0.084375
0 0.63046875 0.14921875 0.0546875 0.0625
0 0.08125 0.15234375 0.1234375 0.1546875
0 0.19375 0.1578125 0.15 0.16875
0 0.040625 0.471875 0.08125 0.0484375
0 0.19296875 0.5078125 0.190625 0.20625
0 0.034375 0.63515625 0.06875 0.0828125
0 0.665625 0.34453125 0.1390625 0.1375
0 0.63359375 0.409375 0.1 0.09375
0 0.55546875 0.51796875 0.115625 0.121875
0 0.6046875 0.609375 0.0390625 0.065625
0 0.5578125 0.69453125 0.05625 0.0484375
0 0.5015625 0.84765625 0.04375 0.053125
0 0.90703125 0.215625 0.1140625 0.1515625
0 0.99296875 0.30390625 0.0140625 0.1046875
0 0.85390625 0.4890625 0.1609375 0.15625
0 0.9703125 0.5359375 0.059375 0.0578125