0 0.16796875 0.01640625 0.0953125 0.0328125
0 0.346875 0.01796875 0.11875 0.0359375
0 0.22578125 0.06484375 0.1046875 0.1296875
0 0.19921875 0.2703125 0.1171875 0.159375
0 0.0765625 0.37578125 0.1171875 0.1484375
0 0.0234375 0.4390625 0.046875 0.134375
0 0.125 0.43671875 0.0734375 0.103125
0 0.1046875 0.56171875 0.134375 0.1625
0 0.028125 0.82109375 0.05625 0.1640625
0 0.09453125 0.76015625 0.11875 0.1734375
0 0.1734375 0.66015625 0.0890625 0.1375
0 0.21875 0.65703125 0.08125 0.125
0 0.36484375 0.46171875 0.125 0.1734375
0 0.4203125 0.54609375 0.125 0.1640625
0 0.384375 0.60859375 0.125 0.15
0 0.34765625 0.68828125 0.084375 0.09375
0 0.39921875 0.759375 0.1375 0.1859375
0 0.490625 0.803125 0.1234375 0.1609375
0 0.334375 0.809375 0.1 0.1328125
0 0.35 0.921875 0.1078125 0.128125
0 0.5453125 0.68125 0.1234375 0.1609375
0 0.509375 0.35703125 0.1203125 0.165625
0 0.51171875 0.496875 0.1171875 0.1453125
0 0.61171875 0.55078125 0.1234375 0.159375
0 0.6421875 0.4265625 0.115625 0.1421875
0 0.60625 0.25703125 0.1359375 0.18125
0 0.6765625 0.1953125 0.1234375 0.159375
0 0.51328125 0.14296875 0.1078125 0.1359375
0 0.40234375 0.0328125 0.0953125 0.065625
0 0.9265625 0.1171875 0.1140625 0.103125
0 0.79140625 0.13671875 0.1203125 0.15625
0 0.678125 0.0703125 0.08125 0.1
0 0.74375 0.51796875 0.13125 0.178125
0 0.91015625 0.3578125 0.071875 0.0984375
0 0.59296875 0.9671875 0.0640625 0.065625
0 0.8703125 0.24375 0.053125 0.071875
0 0.90546875 0.25625 0.0515625 0.08125