0 0.13671875 0.603125 0.2140625 0.290625
0 0.0859375 0.30625 0.171875 0.271875
0 0.24375 0.42578125 0.2 0.2890625
0 0.359375 0.14765625 0.2203125 0.253125
0 0.38125 0.4296875 0.1734375 0.2921875
0 0.2875 0.70546875 0.2125 0.3359375
0 0.23125 0.89921875 0.215625 0.2015625
0 0.41171875 0.903125 0.1953125 0.19375
0 0.4453125 0.69140625 0.190625 0.265625
0 0.5984375 0.59921875 0.2046875 0.290625
0 0.66953125 0.74140625 0.209375 0.2734375
0 0.5203125 0.3640625 0.209375 0.325
0 0.68515625 0.33828125 0.2078125 0.3453125
0 0.5421875 0.11328125 0.184375 0.2265625
0 0.74296875 0.1140625 0.2421875 0.228125
0 0.85859375 0.3453125 0.1875 0.265625
0 0.89609375 0.59296875 0.2078125 0.3203125
0 0.77890625 0.6171875 0.1796875 0.309375
0 0.17890625 0.16328125 0.196875 0.2515625
0 0.0984375 0.94296875 0.10625 0.1140625
0 0.92578125 0.82109375 0.1484375 0.2703125
0 0.57578125 0.87265625 0.1890625 0.2546875