0 0.56171875 0.0796875 0.1359375 0.159375
0 0.92109375 0.2046875 0.1578125 0.221875
0 0.75703125 0.28046875 0.13125 0.159375
0 0.6140625 0.29921875 0.0921875 0.103125
0 0.634375 0.21875 0.0734375 0.08125
0 0.64609375 0.3453125 0.0671875 0.0796875
0 0.67734375 0.29609375 0.06875 0.1015625
0 0.69375 0.34921875 0.0703125 0.084375
0 0.76328125 0.390625 0.109375 0.1328125
0 0.8546875 0.3625 0.1109375 0.11875
0 0.8953125 0.55390625 0.209375 0.2984375
0 0.921875 0.73203125 0.096875 0.1421875
0 0.60546875 0.48203125 0.0875 0.134375
0 0.65703125 0.47890625 0.128125 0.1578125
0 0.48359375 0.421875 0.121875 0.1515625
0 0.49375 0.2421875 0.1375 0.18125
0 0.50390625 0.290625 0.109375 0.1359375
0 0.45234375 0.13671875 0.109375 0.1234375
0 0.39921875 0.27578125 0.1703125 0.2109375
0 0.2765625 0.31171875 0.2046875 0.2578125
0 0.18125 0.3265625 0.1515625 0.1875
0 0.07421875 0.48984375 0.1484375 0.2421875
0 0.05078125 0.6671875 0.1015625 0.171875
0 0.2484375 0.53515625 0.16875 0.20625
0 0.41796875 0.66953125 0.121875 0.1546875
0 0.33828125 0.721875 0.10625 0.134375
0 0.32109375 0.60546875 0.1015625 0.1359375
0 0.48984375 0.66875 0.09375 0.1125
0 0.59921875 0.7078125 0.075 0.0671875
0 0.64609375 0.79921875 0.121875 0.1609375
0 0.534375 0.878125 0.1171875 0.14375
0 0.4703125 0.78828125 0.109375 0.15
0 0.4 0.8609375 0.1171875 0.1453125
0 0.15859375 0.878125 0.0546875 0.0828125
0 0.32265625 0.93125 0.11875 0.0984375
0 0.2609375 0.89140625 0.0875 0.10625
0 0.3875 0.9640625 0.053125 0.0546875
0 0.54765625 0.95234375 0.0828125 0.0953125
0 0.13125 0.74921875 0.0703125 0.08125
0 0.18671875 0.6140625 0.075 0.075