0 0.2 0.0453125 0.18125 0.090625
0 0.21875 0.2453125 0.1890625 0.18125
0 0.15390625 0.42578125 0.0640625 0.08125
0 0.2421875 0.61328125 0.0828125 0.078125
0 0.1953125 0.75859375 0.1734375 0.171875
0 0.309375 0.634375 0.1625 0.1703125
0 0.23828125 0.65546875 0.0609375 0.05
0 0.54296875 0.05390625 0.1671875 0.1078125
0 0.68203125 0.08203125 0.175 0.1328125
0 0.60625 0.22734375 0.1890625 0.1984375
0 0.94453125 0.29453125 0.1109375 0.2234375
0 0.45546875 0.59453125 0.19375 0.2
0 0.553125 0.73359375 0.1953125 0.1890625
0 0.8984375 0.825 0.1109375 0.1734375
0 0.90390625 0.92265625 0.0296875 0.0375