0 0.06640625 0.39921875 0.0828125 0.0375
0 0.25546875 0.3484375 0.084375 0.0546875
0 0.2140625 0.44453125 0.075 0.04375
0 0.2171875 0.47109375 0.0515625 0.0328125
0 0.3296875 0.43671875 0.0546875 0.0359375
0 0.5296875 0.315625 0.075 0.0421875
0 0.52109375 0.25859375 0.0703125 0.05
0 0.6453125 0.4015625 0.065625 0.0390625
0 0.903125 0.2765625 0.0578125 0.0359375
0 0.85625 0.2796875 0.065625 0.0328125
0 0.87890625 0.29609375 0.0546875 0.0375
0 0.93125 0.45703125 0.0625 0.0359375
0 0.93828125 0.49453125 0.08125 0.0484375
0 0.9625 0.5921875 0.0703125 0.046875
0 0.79765625 0.62734375 0.075 0.0390625
0 0.5421875 0.5640625 0.0609375 0.040625
0 0.2890625 0.76328125 0.0375 0.0296875