0 0.94140625 0.66796875 0.1171875 0.2328125
0 0.05625 0.1390625 0.1125 0.175
0 0.45 0.7953125 0.328125 0.409375
0 0.26484375 0.115625 0.1046875 0.0984375
0 0.16953125 0.8375 0.2859375 0.325
0 0.27734375 0.8328125 0.1453125 0.334375
0 0.690625 0.79765625 0.265625 0.3609375
0 0.8890625 0.80078125 0.221875 0.3140625
0 0.59765625 0.0921875 0.2046875 0.184375
0 0.14609375 0.17578125 0.184375 0.18125
0 0.81328125 0.1359375 0.2953125 0.271875
0 0.58046875 0.25234375 0.2859375 0.3875
0 0.1578125 0.31796875 0.1859375 0.3015625
0 0.89609375 0.26015625 0.1875 0.35625
0 0.4375 0.328125 0.1546875 0.36875
0 0.31953125 0.37265625 0.30625 0.515625
0 0.084375 0.40859375 0.16875 0.4484375
0 0.79296875 0.43359375 0.171875 0.3109375
0 0.7515625 0.5671875 0.296875 0.3828125
0 0.5015625 0.61484375 0.209375 0.2515625
0 0.3921875 0.08828125 0.2125 0.1765625