0 0.16484375 0.15859375 0.1078125 0.0703125
0 0.1640625 0.3125 0.0984375 0.0671875
0 0.16484375 0.53203125 0.0890625 0.0703125
0 0.246875 0.509375 0.08125 0.0671875
0 0.44375 0.53359375 0.1171875 0.084375
0 0.515625 0.50546875 0.1234375 0.0890625
0 0.7296875 0.54765625 0.084375 0.0640625
0 0.8515625 0.746875 0.0828125 0.0609375
0 0.77578125 0.76640625 0.084375 0.0671875
0 0.484375 0.76640625 0.0796875 0.0578125
0 0.484375 0.8578125 0.0875 0.05625
0 0.95234375 0.3265625 0.0734375 0.0625
0 0.0703125 0.3046875 0.0796875 0.0640625