0 0.1921875 0.90625 0.075 0.053125
0 0.90546875 0.81640625 0.115625 0.08125
0 0.56953125 0.68828125 0.11875 0.078125
0 0.33359375 0.79296875 0.0921875 0.075
0 0.096875 0.67265625 0.0828125 0.0484375
0 0.56171875 0.46640625 0.059375 0.0453125
0 0.534375 0.3921875 0.06875 0.05
0 0.371875 0.37890625 0.11875 0.059375
0 0.3984375 0.33828125 0.1 0.0625
0 0.06875 0.2140625 0.0734375 0.071875
0 0.553125 0.2453125 0.096875 0.065625
0 0.45234375 0.1734375 0.090625 0.0671875
0 0.5375 0.17890625 0.115625 0.0890625
0 0.62265625 0.175 0.090625 0.075
0 0.353125 0.0171875 0.06875 0.034375