0 0.56328125 0.728125 0.096875 0.065625
0 0.42734375 0.784375 0.0734375 0.05
0 0.04609375 0.57734375 0.0921875 0.0671875
0 0.028125 0.5328125 0.05625 0.0625
0 0.22734375 0.5125 0.096875 0.0609375
0 0.27578125 0.44453125 0.084375 0.053125
0 0.3265625 0.4171875 0.09375 0.065625
0 0.82890625 0.534375 0.0796875 0.0375
0 0.59375 0.371875 0.0859375 0.065625
0 0.7484375 0.284375 0.1234375 0.0890625
0 0.40078125 0.14765625 0.06875 0.059375
0 0.4734375 0.1 0.103125 0.078125
0 0.88125 0.13828125 0.1046875 0.0734375
0 0.296875 0.94453125 0.078125 0.04375