0 0.2484375 0.35859375 0.165625 0.221875
0 0.33046875 0.1609375 0.153125 0.1875
0 0.290625 0.05234375 0.1390625 0.0828125
0 0.3921875 0.2640625 0.13125 0.1421875
0 0.38671875 0.459375 0.1515625 0.2203125
0 0.31953125 0.6078125 0.171875 0.2421875
0 0.4453125 0.64609375 0.1 0.1265625
0 0.4578125 0.83203125 0.18125 0.2515625
0 0.49453125 0.58671875 0.0703125 0.0734375
0 0.5859375 0.74921875 0.096875 0.125
0 0.6328125 0.90625 0.1640625 0.1796875
0 0.6421875 0.5546875 0.134375 0.178125
0 0.775 0.4234375 0.11875 0.16875
0 0.81484375 0.29921875 0.1125 0.15625
0 0.8734375 0.10390625 0.090625 0.1109375
0 0.975 0.82421875 0.05 0.1546875
0 0.9453125 0.94140625 0.109375 0.0515625
0 0.41328125 0.13046875 0.10625 0.13125
0 0.81328125 0.0546875 0.0890625 0.109375