0 0.196875 0.740625 0.071875 0.04375
0 0.79296875 0.859375 0.06953125 0.04375
0 0.7109375 0.77734375 0.05 0.0390625
0 0.7859375 0.7375 0.08359375 0.046875
0 0.840625 0.725 0.05859375 0.046875
0 0.58359375 0.65859375 0.06640625 0.0421875
0 0.5515625 0.66796875 0.053125 0.0390625
0 0.0390625 0.4921875 0.078125 0.04375
0 0.321875 0.490625 0.0890625 0.046875
0 0.059375 0.36328125 0.08046875 0.0578125
0 0.096875 0.33203125 0.0890625 0.0515625
0 0.73359375 0.39609375 0.1 0.0578125
0 0.803125 0.39140625 0.06640625 0.0515625
0 0.86640625 0.39296875 0.078125 0.0515625
0 0.5859375 0.3328125 0.071875 0.04375
0 0.55703125 0.25859375 0.0859375 0.0453125
0 0.6265625 0.25625 0.0640625 0.046875
0 0.33359375 0.1921875 0.08359375 0.046875
0 0.8859375 0.26875 0.06640625 0.046875
0 0.959375 0.23046875 0.053125 0.0421875
0 0.8609375 0.11875 0.10546875 0.0625