0 0.42265625 0.4265625 0.2921875 0.2328125
0 0.23828125 0.409375 0.1921875 0.1859375
0 0.1984375 0.57734375 0.165625 0.1421875
0 0.23046875 0.73359375 0.234375 0.203125
0 0.04375 0.7078125 0.0578125 0.0453125
0 0.025 0.6671875 0.0296875 0.0609375
0 0.06875 0.66328125 0.04375 0.046875
0 0.45078125 0.9265625 0.1703125 0.146875
0 0.41015625 0.7390625 0.15625 0.1421875
0 0.50234375 0.64921875 0.215625 0.196875
0 0.64375 0.61640625 0.1390625 0.1359375
0 0.7359375 0.35 0.1671875 0.1453125
0 0.63359375 0.24140625 0.0890625 0.0734375
0 0.8203125 0.14296875 0.1453125 0.1390625
0 0.94765625 0.25859375 0.0734375 0.0984375
0 0.95 0.4640625 0.1 0.1625
0 0.6046875 0.49296875 0.1109375 0.1015625
0 0.42890625 0.57734375 0.1296875 0.0875
0 0.31953125 0.61484375 0.0390625 0.04375
0 0.27890625 0.603125 0.0359375 0.0390625
0 0.33515625 0.54296875 0.0015625 0.003125