0 0.2703125 0.03984375 0.059375 0.0796875
0 0.1609375 0.08046875 0.071875 0.0828125
0 0.30703125 0.17265625 0.0546875 0.0765625
0 0.315625 0.10390625 0.053125 0.0640625
0 0.11171875 0.2171875 0.0703125 0.0875
0 0.21484375 0.253125 0.0640625 0.06875
0 0.0265625 0.46640625 0.053125 0.1671875
0 0.0375 0.55234375 0.065625 0.1109375
0 0.26328125 0.4515625 0.0859375 0.1
0 0.20390625 0.54296875 0.0859375 0.1046875
0 0.4375 0.45625 0.05625 0.065625
0 0.5796875 0.53203125 0.14375 0.2109375
0 0.8546875 0.4703125 0.05625 0.090625
0 0.67734375 0.7390625 0.0640625 0.065625
0 0.49765625 0.69140625 0.1328125 0.1765625
0 0.36953125 0.77890625 0.1140625 0.1515625
0 0.23671875 0.7890625 0.0890625 0.096875
0 0.21171875 0.934375 0.0734375 0.0875
0 0.02109375 0.91953125 0.0421875 0.0796875