0 0.38046875 0.37421875 0.0796875 0.1453125
0 0.303125 0.41796875 0.0859375 0.13125
0 0.10390625 0.334375 0.0953125 0.1421875
0 0.26484375 0.73046875 0.065625 0.1078125
0 0.67265625 0.07578125 0.090625 0.13125
0 0.5171875 0.3796875 0.071875 0.153125
0 0.51875 0.61015625 0.0765625 0.1328125
0 0.596875 0.4515625 0.0515625 0.096875
0 0.48359375 0.4375 0.0609375 0.084375
0 0.28984375 0.82890625 0.05625 0.11875
0 0.33984375 0.84296875 0.0578125 0.0953125
0 0.82890625 0.9234375 0.0625 0.103125
0 0.07109375 0.384375 0.084375 0.109375
0 0.21484375 0.346875 0.0765625 0.15625