0 0.22734375 0.18125 0.0640625 0.040625
0 0.3859375 0.18984375 0.0671875 0.034375
0 0.4265625 0.21484375 0.0375 0.028125
0 0.365625 0.2234375 0.0515625 0.0328125
0 0.43046875 0.259375 0.0421875 0.0328125
0 0.39921875 0.30546875 0.053125 0.0390625
0 0.30078125 0.3140625 0.0546875 0.0296875
0 0.24375 0.31328125 0.05625 0.0375
0 0.28125 0.3671875 0.0609375 0.040625
0 0.35078125 0.36640625 0.046875 0.028125
0 0.22265625 0.38046875 0.0609375 0.0296875
0 0.3109375 0.41328125 0.0640625 0.04375
0 0.48046875 0.37109375 0.05 0.021875
0 0.1890625 0.51171875 0.05 0.03125
0 0.2171875 0.53125 0.0578125 0.0328125
0 0.2421875 0.55390625 0.0546875 0.034375
0 0.396875 0.61484375 0.05625 0.0375
0 0.35234375 0.6078125 0.046875 0.0234375
0 0.61484375 0.6359375 0.040625 0.028125
0 0.5109375 0.5171875 0.0484375 0.0171875
0 0.85703125 0.4828125 0.0578125 0.028125
0 0.78828125 0.55703125 0.0546875 0.025
0 0.7859375 0.4234375 0.0578125 0.0296875
0 0.7296875 0.30625 0.0265625 0.0234375
0 0.80390625 0.29375 0.04375 0.03125
0 0.8984375 0.17421875 0.059375 0.0375
0 0.83359375 0.52265625 0.040625 0.028125