0 0.26953125 0.725 0.06875 0.0359375
0 0.321875 0.69921875 0.075 0.0484375
0 0.56015625 0.7109375 0.075 0.0484375
0 0.83046875 0.48359375 0.09375 0.05
0 0.86640625 0.41484375 0.1 0.0546875
0 0.5203125 0.44296875 0.0859375 0.0421875
0 0.3609375 0.42109375 0.0859375 0.053125
0 0.23046875 0.54453125 0.0609375 0.03125
0 0.0390625 0.38203125 0.06875 0.065625
0 0.64296875 0.3046875 0.084375 0.0625
0 0.60234375 0.3375 0.05625 0.0515625
0 0.89453125 0.1921875 0.0875 0.0625
0 0.1640625 0.30625 0.05625 0.0484375