0 0.9 0.86171875 0.0671875 0.06875
0 0.6015625 0.709375 0.1265625 0.0859375
0 0.36015625 0.796875 0.1125 0.0828125
0 0.1265625 0.65546875 0.0796875 0.0578125
0 0.19921875 0.89609375 0.090625 0.065625
0 0.61171875 0.4890625 0.0640625 0.0515625
0 0.42734375 0.38828125 0.125 0.06875
0 0.47109375 0.35 0.08125 0.065625
0 0.08984375 0.1734375 0.0640625 0.0625
0 0.15 0.19609375 0.0875 0.071875
0 0.6296875 0.2734375 0.0890625 0.0671875
0 0.83046875 0.3734375 0.03125 0.0296875
0 0.52734375 0.1921875 0.0890625 0.065625
0 0.6234375 0.20625 0.1171875 0.09375
0 0.71015625 0.21640625 0.0859375 0.0703125
0 0.45703125 0.0265625 0.0765625 0.053125