0 0.1078125 0.49375 0.08515625 0.0375
0 0.0953125 0.440625 0.08203125 0.04375
0 0.14921875 0.634375 0.059375 0.040625
0 0.04375 0.56015625 0.08203125 0.0390625
0 0.12109375 0.66953125 0.0765625 0.0296875
0 0.6703125 0.6890625 0.06796875 0.028125
0 0.71015625 0.671875 0.06796875 0.034375
0 0.7359375 0.68828125 0.05703125 0.0296875
0 0.9046875 0.68515625 0.07109375 0.0453125
0 0.87890625 0.7 0.059375 0.04375
0 0.93203125 0.59375 0.07421875 0.046875
0 0.921875 0.54375 0.09375 0.0375
0 0.8609375 0.63515625 0.0796875 0.0234375
0 0.721875 0.465625 0.090625 0.04375
0 0.75859375 0.5015625 0.07421875 0.028125
0 0.77421875 0.43984375 0.05390625 0.0296875
0 0.85390625 0.26484375 0.09375 0.0390625
0 0.765625 0.34609375 0.07109375 0.0421875