0 0.696875 0.990625 0.10625 0.01875
0 0.24609375 0.859375 0.0875 0.0671875
0 0.2859375 0.8234375 0.078125 0.059375
0 0.22265625 0.80859375 0.059375 0.0421875
0 0.0640625 0.6125 0.109375 0.0765625
0 0.23046875 0.67890625 0.084375 0.053125
0 0.303125 0.66015625 0.046875 0.0296875
0 0.42734375 0.74375 0.0640625 0.053125
0 0.57578125 0.746875 0.071875 0.05625
0 0.63671875 0.7734375 0.0828125 0.0578125
0 0.84453125 0.8328125 0.0859375 0.0578125
0 0.66875 0.72265625 0.10625 0.0875
0 0.8671875 0.65 0.0984375 0.071875
0 0.25078125 0.32734375 0.0984375 0.0734375
0 0.63046875 0.4703125 0.0953125 0.0640625
0 0.9453125 0.35859375 0.109375 0.0859375
0 0.71796875 0.32265625 0.1140625 0.0828125
0 0.9515625 0.22578125 0.096875 0.0921875
0 0.87421875 0.20703125 0.1125 0.090625