0 0.15234375 0.0515625 0.1609375 0.103125
0 0.334375 0.08046875 0.165625 0.1609375
0 0.3515625 0.22890625 0.2125 0.1859375
0 0.16640625 0.30703125 0.1359375 0.121875
0 0.53515625 0.35078125 0.26875 0.2296875
0 0.84765625 0.1375 0.290625 0.2046875
0 0.55390625 0.5390625 0.3171875 0.303125
0 0.43125 0.70390625 0.278125 0.2421875
0 0.6796875 0.7609375 0.2859375 0.265625
0 0.484375 0.89765625 0.26875 0.2046875
0 0.37265625 0.81640625 0.084375 0.0921875
0 0.78515625 0.8546875 0.0984375 0.0875
0 0.77734375 0.653125 0.128125 0.096875
0 0.0921875 0.5 0.084375 0.06875
0 0.1234375 0.45625 0.0765625 0.0609375
0 0.3046875 0.8015625 0.0734375 0.075
0 0.26484375 0.51171875 0.084375 0.0609375
0 0.39609375 0.54765625 0.078125 0.075