0 0.61640625 0.34609375 0.5875 0.6296875
0 0.79453125 0.68359375 0.4109375 0.4921875
0 0.92734375 0.54296875 0.1453125 0.3890625
0 0.9765625 0.3515625 0.046875 0.0875
0 0.8703125 0.9078125 0.13125 0.184375
0 0.7546875 0.89375 0.278125 0.2125
0 0.475 0.7375 0.3953125 0.384375
0 0.49453125 0.88671875 0.1140625 0.0984375
0 0.2859375 0.9234375 0.240625 0.128125
0 0.153125 0.684375 0.30625 0.4
0 0.3046875 0.490625 0.45625 0.4796875
0 0.4375 0.05546875 0.109375 0.1109375
0 0.5609375 0.046875 0.103125 0.09375
0 0.3 0.225 0.053125 0.0484375
0 0.3 0.171875 0.0703125 0.065625
0 0.42578125 0.16796875 0.053125 0.0546875
0 0.328125 0.21484375 0.059375 0.059375
0 0.1140625 0.4078125 0.0671875 0.0765625