0 0.64921875 0.7125 0.2984375 0.2859375
0 0.4015625 0.23125 0.41875 0.43125
0 0.246875 0.57890625 0.3390625 0.321875
0 0.44375 0.82265625 0.246875 0.2453125
0 0.75703125 0.0828125 0.0609375 0.071875
0 0.7109375 0.278125 0.0609375 0.0671875
0 0.8328125 0.346875 0.0578125 0.0609375
0 0.85078125 0.28203125 0.059375 0.05625
0 0.81484375 0.43125 0.0578125 0.0625
0 0.975 0.51484375 0.05 0.0515625
0 0.6609375 0.06484375 0.059375 0.05625
0 0.109375 0.85078125 0.0671875 0.059375
0 0.20703125 0.83359375 0.071875 0.0578125