0 0.54765625 0.15234375 0.278125 0.228125
0 0.7890625 0.25390625 0.1921875 0.1578125
0 0.940625 0.24921875 0.11875 0.1484375
0 0.97890625 0.17578125 0.0421875 0.1359375
0 0.646875 0.40234375 0.1609375 0.15
0 0.321875 0.6015625 0.4328125 0.3625
0 0.08046875 0.38828125 0.1234375 0.1140625
0 0.046875 0.48125 0.09375 0.128125
0 0.0375 0.71796875 0.075 0.0984375
0 0.08125 0.67265625 0.1015625 0.096875
0 0.65234375 0.63515625 0.1359375 0.1265625
0 0.73671875 0.79609375 0.13125 0.1125
0 0.90625 0.8390625 0.1234375 0.1171875
0 0.6625 0.8921875 0.1375 0.11875
0 0.696875 0.9734375 0.146875 0.053125
0 0.27578125 0.93203125 0.109375 0.084375
0 0.2609375 0.815625 0.05625 0.053125
0 0.325 0.809375 0.0921875 0.084375
0 0.4828125 0.890625 0.103125 0.10625
0 0.18203125 0.93359375 0.13125 0.0765625
0 0.53828125 0.7234375 0.1125 0.096875
0 0.56953125 0.90546875 0.0625 0.0625
0 0.56796875 0.8390625 0.0734375 0.0578125
0 0.4125 0.928125 0.0609375 0.053125
0 0.00859375 0.8578125 0.0171875 0.053125
0 0.0671875 0.91640625 0.08125 0.0546875
0 0.1 0.88046875 0.0859375 0.071875
0 0.41015625 0.07421875 0.140625 0.1171875