0 0.27578125 0.46484375 0.115625 0.2296875
0 0.37109375 0.56875 0.109375 0.18125
0 0.40546875 0.61484375 0.0890625 0.1578125
0 0.68515625 0.61953125 0.1265625 0.215625
0 0.6765625 0.24609375 0.1125 0.2078125
0 0.62734375 0.30390625 0.11875 0.2046875
0 0.81953125 0.378125 0.115625 0.184375
0 0.93984375 0.42265625 0.1203125 0.2296875
0 0.7328125 0.053125 0.134375 0.10625
0 0.80625 0.10546875 0.1109375 0.1859375
0 0.7171875 0.85390625 0.128125 0.1890625
0 0.7390625 0.76484375 0.196875 0.2078125
0 0.4765625 0.9015625 0.1375 0.196875
0 0.13359375 0.9375 0.1234375 0.125
0 0.228125 0.790625 0.0859375 0.171875
0 0.24140625 0.94296875 0.1078125 0.1140625
0 0.04921875 0.92890625 0.0734375 0.1421875
0 0.5421875 0.60234375 0.1140625 0.1140625