0 0.2859375 0.52734375 0.246875 0.3078125
0 0.12421875 0.56015625 0.2484375 0.3640625
0 0.715625 0.5703125 0.284375 0.2921875
0 0.87265625 0.57421875 0.2546875 0.3359375
0 0.48203125 0.678125 0.2484375 0.2328125
0 0.6109375 0.7734375 0.3640625 0.3484375
0 0.25703125 0.80703125 0.3265625 0.3140625
0 0.865625 0.8390625 0.26875 0.2625
0 0.34140625 0.88515625 0.3484375 0.2296875
0 0.5734375 0.96328125 0.15625 0.0734375
0 0.95390625 0.18828125 0.0578125 0.203125
0 0.82578125 0.21953125 0.2484375 0.2328125
0 0.73984375 0.27109375 0.309375 0.3171875
0 0.465625 0.415625 0.3375 0.38125
0 0.91328125 0.38359375 0.1671875 0.15