0 0.8625 0.3296875 0.0484375 0.0796875
0 0.11015625 0.02734375 0.0484375 0.0546875
0 0.34375 0.3625 0.053125 0.0890625
0 0.35546875 0.415625 0.05 0.05625
0 0.83046875 0.4515625 0.0421875 0.0546875
0 0.63046875 0.0546875 0.040625 0.0828125
0 0.46953125 0.046875 0.0546875 0.09375
0 0.62109375 0.51328125 0.03125 0.0765625
0 0.428125 0.50546875 0.053125 0.0890625
0 0.53515625 0.5546875 0.03125 0.0671875
0 0.88828125 0.634375 0.0328125 0.05625
0 0.5625 0.7 0.0609375 0.1171875
0 0.85 0.096875 0.034375 0.0484375
0 0.053125 0.80546875 0.05 0.0859375
0 0.2578125 0.89140625 0.0609375 0.071875
0 0.3984375 0.95390625 0.0421875 0.0734375
0 0.52890625 0.9671875 0.0484375 0.065625
0 0.06484375 0.95 0.046875 0.0578125
0 0.30390625 0.103125 0.04375 0.0796875
0 0.4328125 0.16015625 0.053125 0.0859375
0 0.31640625 0.17734375 0.040625 0.0578125
0 0.534375 0.1984375 0.0484375 0.0796875
0 0.8640625 0.22734375 0.0359375 0.0625