0 0.078125 0.21328125 0.0828125 0.165625
0 0.35546875 0.159375 0.11875 0.1640625
0 0.4265625 0.22265625 0.14375 0.1765625
0 0.546875 0.33125 0.121875 0.1546875
0 0.68203125 0.41875 0.1578125 0.1953125
0 0.78671875 0.36875 0.1265625 0.1734375
0 0.875 0.39609375 0.1328125 0.178125
0 0.78828125 0.57890625 0.1234375 0.1625
0 0.65546875 0.5703125 0.128125 0.1546875
0 0.30859375 0.659375 0.16875 0.215625
0 0.21171875 0.58046875 0.146875 0.2
0 0.290625 0.865625 0.134375 0.184375
0 0.24609375 0.73671875 0.1421875 0.1484375