0 0.340625 0.10078125 0.1359375 0.16875
0 0.72734375 0.06875 0.1828125 0.1375
0 0.6125 0.18125 0.13125 0.159375
0 0.49765625 0.26953125 0.0921875 0.103125
0 0.47578125 0.1890625 0.0734375 0.08125
0 0.5484375 0.29296875 0.0671875 0.0796875
0 0.5515625 0.234375 0.06875 0.1015625
0 0.59296875 0.271875 0.0703125 0.084375
0 0.6734375 0.27421875 0.109375 0.1328125
0 0.73828125 0.20390625 0.1109375 0.11875
0 0.88125 0.34140625 0.2375 0.2984375
0 0.96640625 0.48984375 0.0671875 0.1421875
0 0.5828125 0.43203125 0.0875 0.134375
0 0.625 0.403125 0.128125 0.1578125
0 0.446875 0.440625 0.121875 0.1515625
0 0.365625 0.2796875 0.1375 0.18125
0 0.39921875 0.31640625 0.109375 0.1359375
0 0.27734375 0.209375 0.109375 0.1234375
0 0.30078125 0.35625 0.1703125 0.2109375
0 0.21171875 0.4484375 0.2046875 0.2578125
0 0.13671875 0.509375 0.1515625 0.1875
0 0.11015625 0.7140625 0.1859375 0.2421875
0 0.16640625 0.88671875 0.1703125 0.171875
0 0.3 0.65625 0.16875 0.20625
0 0.5140625 0.68828125 0.121875 0.1546875
0 0.47109375 0.77265625 0.10625 0.134375
0 0.3984375 0.68125 0.1015625 0.1359375
0 0.575 0.6515625 0.09375 0.1125
0 0.6890625 0.63046875 0.075 0.0671875
0 0.7765625 0.68671875 0.121875 0.1609375
0 0.71875 0.81015625 0.1171875 0.14375
0 0.61875 0.7640625 0.109375 0.15
0 0.59375 0.8625 0.1171875 0.1453125
0 0.39296875 0.978125 0.0546875 0.04375
0 0.5625 0.95625 0.11875 0.0875
0 0.4875 0.95234375 0.0875 0.0953125
0 0.63515625 0.9578125 0.053125 0.0546875
0 0.76796875 0.86875 0.0828125 0.096875
0 0.30546875 0.9 0.0703125 0.08125
0 0.18203125 0.9859375 0.0890625 0.028125
0 0.2859375 0.75546875 0.075 0.075