0 0.40078125 0.6484375 0.1265625 0.153125
0 0.86953125 0.634375 0.1296875 0.1625
0 0.6953125 0.8984375 0.13125 0.15625
0 0.06171875 0.76328125 0.1234375 0.1890625
0 0.2578125 0.7140625 0.1375 0.215625
0 0.39375 0.75859375 0.14375 0.1515625
0 0.4421875 0.6046875 0.121875 0.18125
0 0.81484375 0.55703125 0.1484375 0.1515625
0 0.76015625 0.6296875 0.0984375 0.084375
0 0.2375 0.31328125 0.109375 0.1265625
0 0.03671875 0.19609375 0.0734375 0.1421875
0 0.04453125 0.07890625 0.0890625 0.1140625
0 0.128125 0.0265625 0.078125 0.053125
0 0.30078125 0.5515625 0.0984375 0.121875