0 0.01796875 0.4359375 0.0359375 0.165625
0 0.2171875 0.2625 0.1203125 0.165625
0 0.3078125 0.2859375 0.146875 0.1765625
0 0.465625 0.328125 0.125 0.15625
0 0.62578125 0.34453125 0.159375 0.196875
0 0.69609375 0.253125 0.128125 0.175
0 0.78671875 0.23671875 0.1359375 0.178125
0 0.7921875 0.4390625 0.1265625 0.1640625
0 0.6703125 0.4921875 0.1296875 0.15625
0 0.4015625 0.72890625 0.171875 0.215625
0 0.2796875 0.70234375 0.15 0.2015625
0 0.478125 0.9140625 0.1375 0.171875
0 0.38046875 0.82578125 0.14375 0.15
0 0.12109375 0.9234375 0.0921875 0.153125