0 0.559375 0.4125 0.1984375 0.2671875
0 0.690625 0.5796875 0.215625 0.284375
0 0.87890625 0.58359375 0.234375 0.3359375
0 0.5546875 0.75234375 0.1296875 0.184375
0 0.615625 0.77265625 0.0875 0.159375
0 0.69375 0.7984375 0.1046875 0.1546875
0 0.76484375 0.7921875 0.1265625 0.1890625
0 0.84921875 0.91796875 0.1078125 0.1640625
0 0.90703125 0.9109375 0.1015625 0.175
0 0.48984375 0.584375 0.16875 0.23125
0 0.37265625 0.584375 0.1546875 0.215625
0 0.1984375 0.4953125 0.175 0.24375
0 0.109375 0.45390625 0.1453125 0.24375
0 0.10390625 0.571875 0.0921875 0.1015625
0 0.08515625 0.28125 0.1015625 0.146875
0 0.22109375 0.32578125 0.1 0.1125
0 0.3390625 0.27109375 0.1078125 0.13125
0 0.33515625 0.48203125 0.1265625 0.1828125
0 0.303125 0.6375 0.0953125 0.1453125
0 0.365625 0.80390625 0.096875 0.1328125
0 0.54375 0.90078125 0.125 0.1625
0 0.49609375 0.98359375 0.1171875 0.0328125
0 0.17578125 0.88515625 0.1078125 0.1359375