0 0.57578125 0.74765625 0.3125 0.3015625
0 0.4890625 0.2203125 0.440625 0.440625
0 0.234375 0.496875 0.3546875 0.3390625
0 0.346875 0.7890625 0.259375 0.259375
0 0.8734375 0.1828125 0.0640625 0.075
0 0.76953125 0.35390625 0.065625 0.0703125
0 0.8640625 0.45703125 0.0609375 0.0640625
0 0.9015625 0.4015625 0.0609375 0.059375
0 0.82109375 0.53203125 0.0609375 0.065625
0 0.95078125 0.66328125 0.0609375 0.0546875
0 0.7875 0.1359375 0.0609375 0.059375
0 0.02734375 0.7125 0.0546875 0.0625
0 0.11875 0.7265625 0.0734375 0.0609375