0 0.08671875 0.346875 0.07109375 0.028125
0 0.28125 0.3140625 0.07421875 0.046875
0 0.23984375 0.4109375 0.0765625 0.034375
0 0.23828125 0.43984375 0.03984375 0.0296875
0 0.3625 0.4171875 0.04296875 0.040625
0 0.55234375 0.31796875 0.059375 0.0421875
0 0.5609375 0.26328125 0.0765625 0.0359375
0 0.67578125 0.42890625 0.0625 0.0359375
0 0.36796875 0.54453125 0.065625 0.0265625
0 0.2671875 0.51015625 0.05078125 0.0390625
0 0.55390625 0.571875 0.07421875 0.0375
0 0.95859375 0.55234375 0.059375 0.0390625
0 0.94296875 0.51328125 0.0796875 0.0390625
0 0.95625 0.646875 0.08203125 0.0375
0 0.26171875 0.74375 0.05078125 0.021875
0 0.9375 0.3265625 0.07421875 0.03125
0 0.9046875 0.34921875 0.05390625 0.0234375
0 0.890625 0.31953125 0.059375 0.0234375