0 0.640625 0.5015625 0.1796875 0.15625
0 0.78984375 0.4375 0.1703125 0.1453125
0 0.50625 0.33984375 0.1578125 0.109375
0 0.51328125 0.44375 0.1609375 0.134375
0 0.36484375 0.45546875 0.165625 0.1578125
0 0.25859375 0.553125 0.1921875 0.1546875
0 0.1 0.46171875 0.2 0.1578125
0 0.15625 0.24375 0.1671875 0.203125
0 0.275 0.07109375 0.1078125 0.1109375
0 0.31953125 0.1125 0.09375 0.09375
0 0.515625 0.61640625 0.1265625 0.1046875
0 0.446875 0.7046875 0.1140625 0.09375
0 0.5609375 0.73046875 0.10625 0.103125
0 0.41796875 0.80625 0.1109375 0.1046875
0 0.54453125 0.8359375 0.14375 0.1015625
0 0.4609375 0.87421875 0.1171875 0.0828125
0 0.74140625 0.65234375 0.0765625 0.0625
0 0.759375 0.553125 0.10625 0.09375