0 0.20859375 0.9875 0.0984375 0.025
0 0.24453125 0.9578125 0.06875 0.053125
0 0.30390625 0.94765625 0.0640625 0.053125
0 0.84765625 0.90390625 0.0921875 0.0546875
0 0.7765625 0.7859375 0.084375 0.0578125
0 0.921875 0.79375 0.084375 0.0546875
0 0.92578125 0.7078125 0.096875 0.0734375
0 0.0625 0.6515625 0.0828125 0.046875
0 0.475 0.61015625 0.084375 0.0484375
0 0.678125 0.5046875 0.0703125 0.059375
0 0.715625 0.43125 0.0765625 0.0546875
0 0.93125 0.31640625 0.071875 0.0453125
0 0.03515625 0.2265625 0.0703125 0.065625
0 0.8265625 0.0484375 0.1046875 0.071875