0 0.2421875 0.1515625 0.25 0.2
0 0.1625 0.0109375 0.15 0.021875
0 0.50546875 0.2234375 0.19375 0.171875
0 0.87578125 0.2640625 0.1578125 0.1640625
0 0.953125 0.278125 0.09375 0.16875
0 0.6 0.41328125 0.1828125 0.146875
0 0.08515625 0.421875 0.1703125 0.13125
0 0.2921875 0.56796875 0.090625 0.0796875
0 0.1203125 0.6234375 0.1 0.084375
0 0.159375 0.67578125 0.1109375 0.0921875
0 0.0296875 0.66171875 0.059375 0.0671875
0 0.06328125 0.7546875 0.0890625 0.065625
0 0.178125 0.83359375 0.096875 0.084375
0 0.1875 0.74375 0.08125 0.0578125
0 0.253125 0.93359375 0.0796875 0.0640625
0 0.2390625 0.83671875 0.0703125 0.0734375
0 0.20546875 0.78828125 0.0703125 0.0578125
0 0.44140625 0.6765625 0.159375 0.13125
0 0.45703125 0.80625 0.140625 0.090625
0 0.46484375 0.746875 0.1359375 0.0890625
0 0.5734375 0.6890625 0.128125 0.115625
0 0.5609375 0.77265625 0.0703125 0.0640625
0 0.3484375 0.771875 0.071875 0.0625
0 0.35625 0.703125 0.071875 0.0609375
0 0.2828125 0.71796875 0.090625 0.06875
0 0.640625 0.81484375 0.109375 0.078125
0 0.66796875 0.8609375 0.05625 0.0421875
0 0.75 0.90234375 0.115625 0.0953125
0 0.78359375 0.5515625 0.1421875 0.0890625
0 0.5640625 0.54609375 0.13125 0.1140625
0 0.365625 0.51171875 0.09375 0.075
0 0.8859375 0.41796875 0.096875 0.0828125
0 0.96328125 0.49921875 0.0734375 0.0828125
0 0.7359375 0.4703125 0.10625 0.084375