0 0.4234375 0.0421875 0.0921875 0.0828125
0 0.4984375 0.059375 0.09375 0.11875
0 0.4765625 0.203125 0.103125 0.1390625
0 0.5703125 0.16640625 0.096875 0.140625
0 0.4484375 0.29765625 0.103125 0.1421875
0 0.53984375 0.3359375 0.1015625 0.146875
0 0.68203125 0.20859375 0.08125 0.1140625
0 0.76875 0.175 0.071875 0.1140625
0 0.75859375 0.278125 0.096875 0.125
0 0.68046875 0.30859375 0.090625 0.1390625
0 0.78515625 0.34921875 0.0921875 0.13125
0 0.86640625 0.32109375 0.078125 0.11875
0 0.62578125 0.41015625 0.09375 0.1359375
0 0.71875 0.42578125 0.078125 0.1265625
0 0.36875 0.421875 0.1140625 0.159375
0 0.50546875 0.46875 0.1046875 0.15
0 0.49296875 0.565625 0.1015625 0.121875
0 0.290625 0.58125 0.103125 0.1546875
0 0.18046875 0.56328125 0.0984375 0.1484375
0 0.24453125 0.6328125 0.096875 0.13125
0 0.3453125 0.6015625 0.0765625 0.1484375
0 0.42109375 0.62734375 0.0875 0.1359375
0 0.49453125 0.68125 0.09375 0.11875
0 0.596875 0.60703125 0.0953125 0.1109375
0 0.68828125 0.6203125 0.09375 0.13125
0 0.784375 0.60390625 0.09375 0.128125
0 0.8109375 0.75 0.0875 0.146875
0 0.865625 0.6671875 0.071875 0.1109375
0 0.734375 0.72421875 0.1046875 0.1390625
0 0.63671875 0.73359375 0.0703125 0.115625
0 0.31796875 0.8765625 0.05625 0.1109375
0 0.3609375 0.828125 0.096875 0.1375
0 0.4234375 0.94765625 0.090625 0.1046875
0 0.49921875 0.93359375 0.0796875 0.1328125
0 0.146875 0.88046875 0.109375 0.1390625
0 0.21171875 0.8328125 0.1046875 0.1203125
0 0.38359375 0.91640625 0.0984375 0.1046875
0 0.06796875 0.66640625 0.1 0.115625