0 0.58046875 0.2078125 0.2296875 0.196875
0 0.80625 0.22421875 0.159375 0.15
0 0.9171875 0.17734375 0.15625 0.146875
0 0.7078125 0.07265625 0.1546875 0.10625
0 0.42421875 0.08203125 0.1984375 0.1640625
0 0.1828125 0.0265625 0.15625 0.053125
0 0.2671875 0.2515625 0.146875 0.125
0 0.39765625 0.2375 0.14375 0.1390625
0 0.20859375 0.56640625 0.271875 0.246875
0 0.50078125 0.8625 0.3421875 0.275
0 0.52265625 0.62265625 0.125 0.096875
0 0.36015625 0.62734375 0.1015625 0.1015625
0 0.74453125 0.815625 0.103125 0.0890625
0 0.67578125 0.44296875 0.0890625 0.0859375
0 0.74609375 0.39140625 0.078125 0.078125
0 0.04140625 0.84765625 0.0828125 0.1203125
0 0.59296875 0.959375 0.1421875 0.08125
0 0.615625 0.29296875 0.1375 0.0921875