0 0.1578125 0.49140625 0.1359375 0.140625
0 0.16015625 0.7109375 0.1578125 0.1609375
0 0.0140625 0.875 0.028125 0.08125
0 0.346875 0.7328125 0.1375 0.1265625
0 0.634375 0.7171875 0.1046875 0.1
0 0.86875 0.81796875 0.09375 0.078125
0 0.25078125 0.67421875 0.1015625 0.1078125
0 0.44453125 0.15 0.0578125 0.05625
0 0.51015625 0.1828125 0.0765625 0.0765625
0 0.57890625 0.19375 0.0640625 0.0671875
0 0.634375 0.0984375 0.06875 0.06875
0 0.73515625 0.0671875 0.0609375 0.065625
0 0.52734375 0.2375 0.0421875 0.0578125
0 0.5640625 0.24140625 0.0484375 0.0546875
0 0.42734375 0.5078125 0.0765625 0.078125
0 0.24296875 0.446875 0.071875 0.0734375
0 0.47421875 0.37890625 0.075 0.0734375
0 0.5265625 0.67734375 0.0953125 0.0875
0 0.44921875 0.6921875 0.103125 0.09375
0 0.69921875 0.625 0.0921875 0.0984375
0 0.775 0.64375 0.071875 0.0640625