0 0.284375 0.5125 0.2265625 0.2921875
0 0.11796875 0.53359375 0.23125 0.3484375
0 0.71015625 0.58515625 0.2671875 0.275
0 0.875 0.60078125 0.25 0.3203125
0 0.46953125 0.6765625 0.234375 0.2171875
0 0.59140625 0.78046875 0.34375 0.3265625
0 0.2359375 0.7890625 0.3078125 0.29375
0 0.8484375 0.86484375 0.2671875 0.24375
0 0.31328125 0.884375 0.3328125 0.23125
0 0.54140625 0.9671875 0.1515625 0.065625
0 0.975 0.2203125 0.04375 0.2
0 0.84453125 0.24296875 0.234375 0.2171875
0 0.7546875 0.28828125 0.2890625 0.2984375
0 0.471875 0.4140625 0.3125 0.3609375
0 0.9203125 0.41328125 0.1578125 0.140625