0 0.0875 0.5875 0.096875 0.1421875
0 0.071875 0.88984375 0.078125 0.1203125
0 0.23515625 0.61171875 0.0796875 0.090625
0 0.29140625 0.70859375 0.0953125 0.11875
0 0.3375 0.81484375 0.09375 0.1109375
0 0.4578125 0.45234375 0.1125 0.15625
0 0.4765625 0.55625 0.0890625 0.1046875
0 0.44609375 0.665625 0.09375 0.1171875
0 0.52421875 0.75234375 0.1015625 0.1140625
0 0.56953125 0.628125 0.1046875 0.1234375
0 0.60390625 0.559375 0.1078125 0.153125
0 0.69375 0.540625 0.1078125 0.153125
0 0.67734375 0.7234375 0.115625 0.1453125
0 0.71015625 0.86328125 0.1265625 0.15625
0 0.8796875 0.790625 0.1375 0.153125
0 0.9 0.659375 0.09375 0.146875
0 0.9359375 0.36640625 0.1140625 0.1515625
0 0.8421875 0.19296875 0.0765625 0.10625
0 0.8203125 0.04140625 0.115625 0.0828125
0 0.4671875 0.0578125 0.0484375 0.0578125
0 0.36875 0.15234375 0.0390625 0.0453125
0 0.0953125 0.25703125 0.0296875 0.0421875
0 0.12265625 0.715625 0.090625 0.1171875
0 0.04765625 0.71015625 0.0625 0.1
0 0.37109375 0.2375 0.0359375 0.0359375