0 0.340625 0.303125 0.4015625 0.309375
0 0.646875 0.26015625 0.3 0.2578125
0 0.05234375 0.57109375 0.1046875 0.1984375
0 0.16875 0.7328125 0.21875 0.1765625
0 0.48359375 0.5609375 0.4171875 0.328125
0 0.78828125 0.46015625 0.3421875 0.2265625
0 0.84921875 0.353125 0.2453125 0.175
0 0.846875 0.63828125 0.225 0.209375
0 0.93671875 0.60234375 0.1265625 0.2046875
0 0.94765625 0.87890625 0.1046875 0.1234375
0 0.534375 0.8640625 0.390625 0.271875
0 0.29296875 0.934375 0.2484375 0.13125
0 0.11015625 0.85234375 0.15 0.2171875
0 0.4734375 0.703125 0.225 0.13125
0 0.26171875 0.83984375 0.2 0.134375
0 0.30703125 0.703125 0.1421875 0.125
0 0.12109375 0.98828125 0.1015625 0.0234375
0 0.025 0.30859375 0.05 0.1609375