0 0.13984375 0.05859375 0.2265625 0.1171875
0 0.665625 0.13359375 0.403125 0.2671875
0 0.58046875 0.378125 0.3875 0.3109375
0 0.78984375 0.30546875 0.2140625 0.2421875
0 0.78046875 0.5296875 0.3296875 0.2671875
0 0.4609375 0.59921875 0.3765625 0.303125
0 0.5078125 0.81015625 0.30625 0.215625
0 0.728125 0.77265625 0.203125 0.209375
0 0.3140625 0.34453125 0.2828125 0.25
0 0.16171875 0.2 0.1890625 0.1640625
0 0.06484375 0.6234375 0.1296875 0.1875
0 0.18984375 0.7 0.20625 0.165625
0 0.0828125 0.7953125 0.165625 0.159375
0 0.23359375 0.83203125 0.190625 0.18125
0 0.0859375 0.934375 0.171875 0.0875
0 0.4125 0.934375 0.25 0.13125
0 0.6421875 0.96640625 0.2375 0.0671875