0 0.03125 0.91328125 0.0625 0.1515625
0 0.25 0.74296875 0.0890625 0.14375
0 0.4140625 0.80078125 0.1234375 0.16875
0 0.76796875 0.89296875 0.09375 0.159375
0 0.890625 0.925 0.1109375 0.140625
0 0.87265625 0.7921875 0.0890625 0.1390625
0 0.96171875 0.74140625 0.0703125 0.109375
0 0.9125 0.6703125 0.0734375 0.09375
0 0.984375 0.53046875 0.03125 0.10625
0 0.78203125 0.56328125 0.11875 0.159375
0 0.78984375 0.42421875 0.10625 0.13125
0 0.88359375 0.4828125 0.084375 0.128125
0 0.95234375 0.35703125 0.0953125 0.1265625
0 0.7359375 0.21640625 0.10625 0.1484375
0 0.7546875 0.1453125 0.1015625 0.1046875
0 0.84296875 0.14375 0.1078125 0.1421875
0 0.9203125 0.0984375 0.1109375 0.1375
0 0.80234375 0.04140625 0.1125 0.0734375
0 0.6859375 0.021875 0.1078125 0.0390625
0 0.6375 0.2328125 0.078125 0.14375
0 0.66640625 0.3125 0.096875 0.1328125
0 0.6421875 0.49140625 0.1 0.1390625
0 0.47578125 0.56953125 0.1109375 0.1734375
0 0.33203125 0.52890625 0.1 0.14375
0 0.428125 0.515625 0.103125 0.1546875
0 0.31171875 0.4 0.1109375 0.1609375
0 0.39453125 0.303125 0.0890625 0.1515625
0 0.1921875 0.45703125 0.1265625 0.1484375
0 0.0796875 0.3859375 0.103125 0.14375
0 0.02578125 0.46328125 0.0515625 0.1203125
0 0.04921875 0.21875 0.0921875 0.1609375
0 0.14375 0.0546875 0.14375 0.109375
0 0.20859375 0.1796875 0.1 0.1375
0 0.34140625 0.12265625 0.08125 0.109375
0 0.3734375 0.0625 0.103125 0.125
0 0.484375 0.12265625 0.0765625 0.103125
0 0.53125 0.20234375 0.1046875 0.1390625