0 0.82265625 0.99375 0.0890625 0.0125
0 0.559375 0.9359375 0.0640625 0.05
0 0.49765625 0.93984375 0.071875 0.0546875
0 0.1 0.89609375 0.0921875 0.0609375
0 0.01640625 0.8625 0.0328125 0.046875
0 0.5328125 0.771875 0.078125 0.059375
0 0.71328125 0.8171875 0.0953125 0.0625
0 0.4 0.6625 0.0671875 0.0546875
0 0.7125 0.68828125 0.0765625 0.059375
0 0.79140625 0.72265625 0.0765625 0.053125
0 0.56796875 0.57421875 0.071875 0.0359375
0 0.634375 0.5703125 0.0546875 0.0390625
0 0.22421875 0.440625 0.1203125 0.071875
0 0.621875 0.4609375 0.0890625 0.0609375
0 0.81328125 0.446875 0.0796875 0.046875
0 0.8984375 0.47265625 0.1 0.0671875
0 0.96484375 0.47890625 0.0703125 0.0640625
0 0.54375 0.3109375 0.0875 0.059375
0 0.48046875 0.196875 0.0890625 0.0515625
0 0.37109375 0.0203125 0.0859375 0.040625
0 0.2984375 0.02578125 0.096875 0.0515625
0 0.0578125 0.41953125 0.096875 0.065625
0 0.83203125 0.12265625 0.128125 0.075
0 0.878125 0.3234375 0.0984375 0.078125
0 0.78046875 0.39921875 0.115625 0.0796875