0 0.0296875 0.8859375 0.059375 0.04609375
0 0.5984375 0.715625 0.0890625 0.05234375
0 0.47265625 0.7921875 0.06796875 0.03984375
0 0.059375 0.64921875 0.0953125 0.05234375
0 0.03203125 0.6078125 0.0640625 0.05390625
0 0.2328125 0.5546875 0.08984375 0.04765625
0 0.26953125 0.48046875 0.078125 0.04140625
0 0.315625 0.4453125 0.08671875 0.05234375
0 0.83046875 0.4828125 0.0765625 0.02578125
0 0.57265625 0.35859375 0.07890625 0.05390625
0 0.71171875 0.2484375 0.1140625 0.07265625
0 0.346875 0.1671875 0.0609375 0.05078125
0 0.4109375 0.109375 0.09375 0.06484375
0 0.8203125 0.0828125 0.09609375 0.059375
0 0.36875 0.97109375 0.07421875 0.03203125