0 0.54609375 0.16484375 0.2046875 0.275
0 0.321875 0.1609375 0.175 0.228125
0 0.08125 0.3796875 0.1625 0.265625
0 0.1328125 0.27265625 0.2 0.25625
0 0.26171875 0.371875 0.1921875 0.2484375
0 0.09921875 0.6796875 0.1984375 0.315625
0 0.2375 0.5515625 0.2171875 0.265625
0 0.22578125 0.81484375 0.2 0.25625
0 0.3890625 0.41796875 0.1625 0.2203125
0 0.503125 0.52265625 0.228125 0.2796875
0 0.334375 0.73125 0.234375 0.2703125
0 0.39453125 0.89609375 0.2265625 0.2078125
0 0.48515625 0.73046875 0.2 0.2453125
0 0.65 0.7 0.228125 0.2953125
0 0.80546875 0.503125 0.2078125 0.275
0 0.66875 0.4140625 0.2296875 0.2859375
0 0.7515625 0.2828125 0.18125 0.209375
0 0.89140625 0.1796875 0.18125 0.1984375
0 0.92109375 0.46171875 0.1578125 0.2296875
0 0.8046875 0.7140625 0.2171875 0.2765625
0 0.69609375 0.925 0.2140625 0.15
0 0.83046875 0.9 0.1890625 0.2
0 0.6578125 0.13203125 0.209375 0.2421875
0 0.17421875 0.06328125 0.1671875 0.1265625
0 0.425 0.07265625 0.15625 0.1453125
0 0.5546875 0.93203125 0.159375 0.1359375
0 0.96484375 0.31015625 0.0703125 0.1546875