0 0.1625 0.03203125 0.20625 0.0640625
0 0.1734375 0.559375 0.2125 0.2046875
0 0.553125 0.61796875 0.2578125 0.35
0 0.69296875 0.74375 0.184375 0.1921875
0 0.0375 0.690625 0.075 0.25625
0 0.34921875 0.76953125 0.2046875 0.2984375
0 0.85078125 0.846875 0.234375 0.2984375
0 0.50859375 0.85703125 0.1921875 0.1859375
0 0.12421875 0.80859375 0.2125 0.30625
0 0.38046875 0.0921875 0.2359375 0.184375
0 0.65859375 0.9125 0.2234375 0.175
0 0.459375 0.95703125 0.18125 0.0859375
0 0.8296875 0.1484375 0.1953125 0.234375
0 0.565625 0.1203125 0.16875 0.1515625
0 0.9109375 0.2328125 0.178125 0.265625
0 0.1953125 0.16796875 0.2078125 0.2203125
0 0.71484375 0.303125 0.1234375 0.225
0 0.37578125 0.259375 0.1546875 0.1703125
0 0.5765625 0.2984375 0.1984375 0.2828125
0 0.70546875 0.059375 0.1421875 0.0890625
0 0.2234375 0.38359375 0.2125 0.28125
0 0.77421875 0.49765625 0.1875 0.334375
0 0.0640625 0.40234375 0.128125 0.3171875
0 0.89921875 0.54609375 0.2015625 0.3234375
0 0.39765625 0.478125 0.20625 0.2765625