0 0.0984375 0.11953125 0.1359375 0.1515625
0 0.23203125 0.69609375 0.1640625 0.1453125
0 0.88203125 0.1328125 0.2359375 0.2125
0 0.79453125 0.26328125 0.228125 0.1703125
0 0.56328125 0.2578125 0.2 0.1453125
0 0.5296875 0.05546875 0.18125 0.1109375
0 0.2890625 0.36171875 0.1765625 0.1203125
0 0.60234375 0.43671875 0.2109375 0.1703125
0 0.709375 0.728125 0.1453125 0.1375
0 0.58046875 0.7703125 0.1984375 0.1453125
0 0.51875 0.90078125 0.1640625 0.121875
0 0.61953125 0.91328125 0.075 0.0875
0 0.34140625 0.88046875 0.1578125 0.1125