0 0.10859375 0.034375 0.115625 0.06875
0 0.321875 0.0546875 0.06875 0.034375
0 0.3078125 0.09921875 0.078125 0.053125
0 0.2671875 0.18203125 0.125 0.0703125
0 0.240625 0.28984375 0.05625 0.04375
0 0.2984375 0.328125 0.1 0.053125
0 0.42734375 0.328125 0.1359375 0.071875
0 0.290625 0.37578125 0.0984375 0.0625
0 0.971875 0.20859375 0.05625 0.0515625
0 0.9484375 0.47265625 0.08125 0.0484375
0 0.3515625 0.59921875 0.0921875 0.053125
0 0.54453125 0.5328125 0.11875 0.0484375
0 0.45703125 0.75 0.1296875 0.0765625
0 0.3234375 0.65 0.0953125 0.053125
0 0.09296875 0.640625 0.0796875 0.0578125
0 0.23359375 0.67421875 0.121875 0.071875
0 0.23671875 0.41328125 0.109375 0.0640625
0 0.23125 0.890625 0.0890625 0.0703125
0 0.14453125 0.89453125 0.0890625 0.071875
0 0.10625 0.3765625 0.0875 0.059375
0 0.559375 0.38046875 0.0890625 0.05625
0 0.528125 0.2171875 0.1203125 0.059375
0 0.5 0.134375 0.10625 0.05625
0 0.246875 0.05859375 0.078125 0.0484375