0 0.0859375 0.1921875 0.125 0.28125
0 0.3640625 0.25859375 0.053125 0.1421875
0 0.4390625 0.50078125 0.05625 0.1453125
0 0.659375 0.775 0.109375 0.31875
0 0.07421875 0.49453125 0.0484375 0.1046875
0 0.52109375 0.47734375 0.0671875 0.1921875
0 0.5640625 0.640625 0.08125 0.21875
0 0.84140625 0.528125 0.1140625 0.3125
0 0.91328125 0.5265625 0.0765625 0.265625
0 0.725 0.58359375 0.09375 0.2328125
0 0.32421875 0.8953125 0.0484375 0.090625
0 0.2875 0.775 0.040625 0.084375
0 0.35703125 0.74140625 0.0328125 0.0765625
0 0.49375 0.12890625 0.046875 0.0890625