0 0.30859375 0.93359375 0.1125 0.0828125
0 0.0640625 0.915625 0.0453125 0.0359375
0 0.2765625 0.1734375 0.090625 0.078125
0 0.42578125 0.2234375 0.0890625 0.0703125
0 0.6921875 0.28125 0.071875 0.053125
0 0.315625 0.25390625 0.059375 0.0671875
0 0.38515625 0.26640625 0.078125 0.0734375
0 0.28125 0.3265625 0.09375 0.065625
0 0.36640625 0.3875 0.1078125 0.0734375
0 0.43046875 0.43984375 0.0984375 0.071875
0 0.975 0.58203125 0.0421875 0.0515625
0 0.68984375 0.5375 0.08125 0.059375
0 0.47890625 0.55078125 0.046875 0.0390625
0 0.94609375 0.65703125 0.0765625 0.059375
0 0.3375 0.58359375 0.078125 0.0578125
0 0.03671875 0.54921875 0.0734375 0.0984375
0 0.50625 0.62890625 0.0703125 0.05625
0 0.1125 0.5703125 0.153125 0.1140625
0 0.2953125 0.60546875 0.075 0.053125
0 0.5984375 0.771875 0.0515625 0.04375
0 0.65859375 0.784375 0.0515625 0.0484375
0 0.1 0.765625 0.0921875 0.0640625
0 0.44375 0.84453125 0.05 0.04375
0 0.21015625 0.86640625 0.1171875 0.1