0 0.7390625 0.15078125 0.2828125 0.29375
0 0.871875 0.01796875 0.2125 0.0359375
0 0.0984375 0.046875 0.1875 0.071875
0 0.23046875 0.0484375 0.1078125 0.08125
0 0.49375 0.36875 0.2 0.178125
0 0.67421875 0.3421875 0.1578125 0.1453125
0 0.85390625 0.4515625 0.234375 0.2421875
0 0.815625 0.696875 0.19375 0.1625
0 0.69453125 0.7015625 0.1171875 0.1390625
0 0.21640625 0.6375 0.2625 0.2359375
0 0.32578125 0.52734375 0.1 0.1046875
0 0.43671875 0.51796875 0.096875 0.1
0 0.5109375 0.6875 0.0875 0.078125
0 0.3015625 0.89375 0.271875 0.2125
0 0.40234375 0.7671875 0.1 0.0515625
0 0.503125 0.81875 0.096875 0.09375
0 0.5390625 0.8609375 0.078125 0.0796875
0 0.87421875 0.95078125 0.1265625 0.078125
0 0.16328125 0.971875 0.1296875 0.05625
0 0.453125 0.146875 0.1203125 0.1453125