0 0.22578125 0.028125 0.1890625 0.05625
0 0.2078125 0.17265625 0.1703125 0.1765625
0 0.33203125 0.321875 0.05 0.0671875
0 0.18515625 0.58828125 0.1984375 0.1734375
0 0.17421875 0.728125 0.2015625 0.2109375
0 0.0796875 0.8203125 0.05625 0.08125
0 0.21796875 0.84765625 0.015625 0.034375
0 0.87109375 0.08828125 0.021875 0.0328125
0 0.58359375 0.1875 0.1984375 0.2328125
0 0.646875 0.0859375 0.096875 0.090625
0 0.7546875 0.23515625 0.2703125 0.2671875
0 0.99140625 0.49609375 0.0171875 0.0609375
0 0.534375 0.70390625 0.2078125 0.2203125
0 0.69453125 0.96015625 0.2359375 0.0796875