0 0.48125 0.6328125 0.25625 0.303125
0 0.7578125 0.40078125 0.2640625 0.3265625
0 0.65390625 0.57734375 0.184375 0.25
0 0.37109375 0.775 0.2328125 0.2671875
0 0.06953125 0.37734375 0.1390625 0.1828125
0 0.3828125 0.30859375 0.1953125 0.259375
0 0.9046875 0.028125 0.159375 0.05625
0 0.29765625 0.47890625 0.0875 0.1125
0 0.27421875 0.15 0.0765625 0.08125
0 0.1640625 0.19921875 0.0984375 0.121875
0 0.01875 0.21640625 0.0375 0.1265625
0 0.03828125 0.56875 0.075 0.0890625
0 0.26875 0.41796875 0.075 0.0859375
0 0.28125 0.26484375 0.0671875 0.090625