0 0.0421875 0.228125 0.084375 0.15625
0 0.14375 0.0671875 0.10625 0.0734375
0 0.03828125 0.08203125 0.0765625 0.0796875
0 0.33828125 0.21171875 0.1640625 0.16875
0 0.19609375 0.28515625 0.190625 0.1453125
0 0.71015625 0.03671875 0.2390625 0.0734375
0 0.64375 0.1703125 0.1765625 0.171875
0 0.50390625 0.403125 0.190625 0.171875
0 0.125 0.59921875 0.25 0.2703125
0 0.08046875 0.4828125 0.1609375 0.090625
0 0.32578125 0.38046875 0.165625 0.178125
0 0.21171875 0.434375 0.115625 0.140625
0 0.715625 0.296875 0.1796875 0.1671875
0 0.51015625 0.29609375 0.1546875 0.1265625
0 0.6359375 0.49609375 0.171875 0.1734375
0 0.52421875 0.68125 0.2296875 0.2421875
0 0.3234375 0.88046875 0.1828125 0.1921875
0 0.4265625 0.959375 0.18125 0.08125
0 0.696875 0.72265625 0.178125 0.1875
0 0.48203125 0.81640625 0.16875 0.153125
0 0.66171875 0.85 0.1796875 0.140625
0 0.715625 0.94609375 0.1328125 0.0796875
0 0.87578125 0.69375 0.190625 0.2
0 0.87890625 0.809375 0.178125 0.125
0 0.97265625 0.653125 0.0546875 0.14375
0 0.9390625 0.43984375 0.121875 0.2328125
0 0.9203125 0.27734375 0.1328125 0.165625