0 0.3828125 0.0859375 0.146875 0.171875
0 0.47890625 0.16171875 0.165625 0.190625
0 0.6734375 0.13828125 0.0921875 0.1
0 0.96953125 0.2125 0.0609375 0.171875
0 0.63046875 0.4515625 0.2515625 0.2703125
0 0.79765625 0.63828125 0.221875 0.21875
0 0.68046875 0.70078125 0.203125 0.196875
0 0.67265625 0.803125 0.1671875 0.134375
0 0.4703125 0.9078125 0.178125 0.14375
0 0.33984375 0.81953125 0.09375 0.09375
0 0.06953125 0.60078125 0.13125 0.1203125
0 0.2890625 0.528125 0.146875 0.146875
0 0.42109375 0.446875 0.171875 0.1953125
0 0.33203125 0.35703125 0.1109375 0.1234375
0 0.225 0.37734375 0.1359375 0.1078125