0 0.4515625 0.46796875 0.1640625 0.21875
0 0.55546875 0.4265625 0.1203125 0.184375
0 0.090625 0.60078125 0.134375 0.1765625
0 0.24609375 0.6578125 0.10625 0.1828125
0 0.190625 0.92421875 0.175 0.1515625
0 0.40703125 0.88671875 0.1640625 0.2265625
0 0.95703125 0.4078125 0.084375 0.0953125
0 0.23125 0.3390625 0.1109375 0.1078125
0 0.87734375 0.671875 0.090625 0.0921875
0 0.73046875 0.70234375 0.0734375 0.0890625
0 0.653125 0.73046875 0.06875 0.0984375
0 0.759375 0.59609375 0.0546875 0.08125
0 0.9171875 0.5390625 0.059375 0.071875
0 0.8890625 0.36796875 0.053125 0.0734375