0 0.08828125 0.61796875 0.0859375 0.0890625
0 0.13125 0.9671875 0.06875 0.065625
0 0.49609375 0.115625 0.0671875 0.0703125
0 0.84453125 0.06796875 0.065625 0.0546875
0 0.77109375 0.0625 0.0515625 0.0640625
0 0.66796875 0.23359375 0.0609375 0.059375
0 0.5265625 0.4703125 0.046875 0.0484375
0 0.6484375 0.18359375 0.0390625 0.0390625
0 0.64375 0.37421875 0.059375 0.078125
0 0.94453125 0.2578125 0.034375 0.0640625
0 0.8578125 0.421875 0.084375 0.134375
0 0.975 0.40859375 0.05 0.0828125
0 0.54921875 0.35546875 0.034375 0.028125
0 0.615625 0.78828125 0.2046875 0.209375
0 0.54921875 0.91015625 0.0859375 0.0859375
0 0.6953125 0.865625 0.1359375 0.13125
0 0.92734375 0.8015625 0.090625 0.103125
0 0.4703125 0.93359375 0.075 0.0859375