0 0.12734375 0.190625 0.103125 0.1265625
0 0.35859375 0.2359375 0.0921875 0.11875
0 0.31328125 0.41015625 0.0875 0.096875
0 0.4359375 0.40078125 0.075 0.0890625
0 0.390625 0.35859375 0.046875 0.0578125
0 0.44375 0.2609375 0.0640625 0.0890625
0 0.39609375 0.103125 0.0703125 0.0875
0 0.61015625 0.13203125 0.075 0.0953125
0 0.8203125 0.17890625 0.1046875 0.13125
0 0.728125 0.19765625 0.0765625 0.1046875
0 0.8765625 0.03671875 0.134375 0.0734375
0 0.92109375 0.27265625 0.096875 0.1078125
0 0.8828125 0.19921875 0.06875 0.0953125
0 0.79609375 0.3296875 0.0875 0.1171875
0 0.74296875 0.39296875 0.040625 0.0625
0 0.6 0.47109375 0.05 0.075
0 0.5453125 0.434375 0.04375 0.053125
0 0.55859375 0.34453125 0.040625 0.046875
0 0.58828125 0.30078125 0.04375 0.065625
0 0.54609375 0.2796875 0.04375 0.053125
0 0.45390625 0.53125 0.0515625 0.0609375
0 0.46484375 0.4703125 0.0578125 0.059375
0 0.290625 0.96640625 0.103125 0.0671875
0 0.65703125 0.81796875 0.0890625 0.1125
0 0.56328125 0.63125 0.0671875 0.09375
0 0.6171875 0.5859375 0.0703125 0.09375
0 0.3875 0.67734375 0.046875 0.04375
0 0.378125 0.628125 0.034375 0.0375
0 0.39375 0.584375 0.0390625 0.0421875
0 0.978125 0.6734375 0.04375 0.078125
0 0.87265625 0.73828125 0.0515625 0.0546875
0 0.7453125 0.44921875 0.0421875 0.034375
0 0.28359375 0.29453125 0.0546875 0.059375
0 0.7796875 0.4296875 0.0390625 0.0390625
0 0.6515625 0.525 0.04375 0.053125
0 0.6984375 0.665625 0.0328125 0.0328125
0 0.89296875 0.5921875 0.046875 0.0453125