0 0.178125 0.72734375 0.0984375 0.125
0 0.2796875 0.83984375 0.109375 0.1375
0 0.37265625 0.28671875 0.06875 0.090625
0 0.4390625 0.27265625 0.1109375 0.1296875
0 0.42421875 0.1375 0.1046875 0.115625
0 0.36328125 0.17734375 0.0765625 0.09375
0 0.58671875 0.19921875 0.04375 0.0484375
0 0.66015625 0.134375 0.053125 0.0609375
0 0.73046875 0.10703125 0.040625 0.040625
0 0.73984375 0.17890625 0.0453125 0.0609375
0 0.69921875 0.184375 0.0390625 0.0546875
0 0.6875 0.2546875 0.0484375 0.0546875
0 0.68046875 0.30078125 0.0421875 0.053125
0 0.72890625 0.23828125 0.0484375 0.0546875
0 0.82109375 0.2359375 0.05625 0.059375
0 0.7484375 0.44453125 0.05625 0.0640625
0 0.703125 0.56875 0.084375 0.0953125
0 0.61171875 0.61640625 0.053125 0.065625
0 0.79140625 0.98515625 0.0796875 0.0296875
0 0.5328125 0.9 0.04375 0.053125
0 0.77578125 0.715625 0.028125 0.0390625
0 0.22578125 0.4640625 0.103125 0.1109375
0 0.57890625 0.340625 0.0203125 0.025
0 0.56640625 0.29296875 0.03125 0.0265625