0 0.184375 0.2859375 0.05625 0.040625
0 0.17734375 0.328125 0.0875 0.04375
0 0.253125 0.3625 0.05625 0.040625
0 0.26875 0.40703125 0.065625 0.0265625
0 0.33125 0.4046875 0.065625 0.03125
0 0.38515625 0.35859375 0.059375 0.0328125
0 0.39375 0.32890625 0.059375 0.0359375
0 0.32265625 0.27734375 0.059375 0.0265625
0 0.33984375 0.440625 0.065625 0.040625
0 0.41328125 0.546875 0.0875 0.046875
0 0.440625 0.57265625 0.075 0.0234375
0 0.44921875 0.60390625 0.0796875 0.0421875
0 0.89921875 0.50078125 0.065625 0.0484375
0 0.80234375 0.27578125 0.071875 0.0328125
0 0.6109375 0.31328125 0.0796875 0.0328125
0 0.83515625 0.37734375 0.075 0.0453125
0 0.73828125 0.375 0.0625 0.034375
0 0.94765625 0.30546875 0.071875 0.0390625
0 0.9046875 0.19375 0.08125 0.034375
0 0.89375 0.16171875 0.0875 0.0421875