0 0.29609375 0.96796875 0.0640625 0.0359375
0 0.5359375 0.96015625 0.078125 0.0484375
0 0.046875 0.9390625 0.078125 0.053125
0 0.09140625 0.8859375 0.0609375 0.04375
0 0.11796875 0.915625 0.06953125 0.04375
0 0.57109375 0.69921875 0.05859375 0.0421875
0 0.63359375 0.659375 0.06640625 0.040625
0 0.51953125 0.51328125 0.071875 0.0296875
0 0.13203125 0.49375 0.09140625 0.046875
0 0.25703125 0.36796875 0.096875 0.0578125
0 0.01640625 0.24453125 0.0328125 0.0578125
0 0.040625 0.33984375 0.0359375 0.0390625
0 0.371875 0.27265625 0.06640625 0.0515625
0 0.60703125 0.371875 0.096875 0.05
0 0.7984375 0.375 0.06953125 0.034375
0 0.6484375 0.30234375 0.08046875 0.0421875
0 0.90390625 0.20625 0.103125 0.0625
0 0.87109375 0.253125 0.053125 0.046875
0 0.021875 0.0359375 0.04375 0.046875