0 0.02109375 0.403125 0.04140625 0.09453125
0 0.08984375 0.67890625 0.04609375 0.0640625
0 0.03828125 0.89453125 0.0625 0.0890625
0 0.2625 0.7734375 0.06484375 0.09140625
0 0.2203125 0.3375 0.065625 0.0640625
0 0.24453125 0.1734375 0.04765625 0.0859375
0 0.22734375 0.071875 0.0625 0.096875
0 0.29921875 0.1484375 0.08125 0.10859375
0 0.33671875 0.35 0.08125 0.10546875
0 0.40234375 0.28046875 0.09140625 0.121875
0 0.43671875 0.4953125 0.08515625 0.1109375
0 0.39765625 0.54140625 0.05 0.078125
0 0.415625 0.646875 0.07265625 0.0890625
0 0.49765625 0.56796875 0.0875 0.0859375
0 0.528125 0.64609375 0.05625 0.08046875
0 0.503125 0.75 0.03125 0.04453125
0 0.54140625 0.49453125 0.075 0.11640625
0 0.62578125 0.46953125 0.08515625 0.121875
0 0.69375 0.546875 0.07109375 0.09453125
0 0.76796875 0.5125 0.08125 0.103125
0 0.84453125 0.51796875 0.06875 0.096875
0 0.98671875 0.559375 0.02265625 0.046875
0 0.86171875 0.6125 0.01484375 0.025
0 0.76328125 0.9625 0.06015625 0.06953125
0 0.95859375 0.946875 0.05859375 0.0890625
0 0.56171875 0.09609375 0.04375 0.053125
0 0.55546875 0.034375 0.03984375 0.046875
0 0.59296875 0.025 0.03984375 0.04453125
0 0.67734375 0.62890625 0.053125 0.06328125
0 0.6078125 0.16171875 0.04375 0.05234375