0 0.22890625 0.1140625 0.084375 0.1078125
0 0.19296875 0.13359375 0.0671875 0.0921875
0 0.1625 0.2953125 0.0453125 0.0578125
0 0.23828125 0.31328125 0.0828125 0.1171875
0 0.309375 0.2578125 0.0953125 0.128125
0 0.32421875 0.47265625 0.0953125 0.11875
0 0.31328125 0.62734375 0.075 0.090625
0 0.1359375 0.71328125 0.0734375 0.0921875
0 0.02421875 0.621875 0.0421875 0.05625
0 0.0109375 0.6796875 0.021875 0.053125
0 0.39375 0.5484375 0.09375 0.103125
0 0.41328125 0.62890625 0.075 0.0875
0 0.4359375 0.50390625 0.078125 0.1015625
0 0.509375 0.4671875 0.0984375 0.11875
0 0.5828125 0.55 0.090625 0.11875
0 0.6046875 0.63125 0.05 0.059375
0 0.65234375 0.5203125 0.0765625 0.109375
0 0.73359375 0.54140625 0.075 0.10625
0 0.62578125 0.96953125 0.0734375 0.0609375
0 0.81640625 0.9703125 0.0796875 0.059375
0 0.41796875 0.1375 0.0453125 0.0625
0 0.45 0.11484375 0.05625 0.065625
0 0.4859375 0.03515625 0.0234375 0.0234375
0 0.56171875 0.03046875 0.0421875 0.05
0 0.65546875 0.12109375 0.046875 0.0578125
0 0.6140625 0.1546875 0.0234375 0.0234375
0 0.4921875 0.21015625 0.034375 0.028125
0 0.7828125 0.10625 0.03125 0.021875
0 0.8078125 0.08515625 0.0296875 0.0421875
0 0.84609375 0.04609375 0.025 0.0265625