0 0.265625 0.484375 0.1328125 0.16875
0 0.475 0.4578125 0.14375 0.1796875
0 0.3421875 0.58828125 0.1375 0.171875
0 0.9546875 0.85546875 0.090625 0.1734375
0 0.90234375 0.81640625 0.13125 0.1671875
0 0.615625 0.878125 0.1328125 0.1765625
0 0.58515625 0.4890625 0.1171875 0.1296875
0 0.74453125 0.85859375 0.109375 0.15
0 0.6828125 0.840625 0.1140625 0.159375
0 0.46640625 0.58828125 0.1515625 0.14375
0 0.3671875 0.4875 0.1296875 0.178125
0 0.55625 0.71015625 0.1375 0.1203125
0 0.55859375 0.634375 0.1328125 0.159375
0 0.478125 0.7140625 0.096875 0.1140625