0 0.2875 0.83046875 0.10078125 0.08984375
0 0.165625 0.91484375 0.07578125 0.0625
0 0.19921875 0.825 0.0765625 0.07421875
0 0.35703125 0.615625 0.10703125 0.0828125
0 0.44140625 0.80078125 0.05390625 0.04375
0 0.76484375 0.5890625 0.06484375 0.0515625
0 0.63046875 0.5890625 0.0609375 0.04296875
0 0.61796875 0.5046875 0.0703125 0.05859375
0 0.12890625 0.37421875 0.14296875 0.12421875
0 0.04375 0.4125 0.08671875 0.11640625
0 0.43515625 0.4203125 0.10234375 0.078125
0 0.23203125 0.4015625 0.05546875 0.08828125
0 0.28203125 0.2171875 0.11328125 0.0921875
0 0.153125 0.24765625 0.14375 0.12734375
0 0.81015625 0.3875 0.06015625 0.04921875
0 0.77578125 0.1296875 0.05703125 0.04453125