0 0.93984375 0.7875 0.0546875 0.0515625
0 0.8515625 0.81484375 0.0734375 0.05
0 0.79609375 0.684375 0.071875 0.0546875
0 0.73828125 0.6796875 0.0703125 0.046875
0 0.34609375 0.7046875 0.0890625 0.05625
0 0.08359375 0.68203125 0.071875 0.0609375
0 0.0390625 0.7078125 0.078125 0.046875
0 0.07578125 0.5453125 0.0890625 0.0453125
0 0.278125 0.43125 0.090625 0.0578125
0 0.11484375 0.39921875 0.0890625 0.053125
0 0.58515625 0.48046875 0.096875 0.0609375
0 0.396875 0.2890625 0.1 0.0578125
0 0.3671875 0.36171875 0.0890625 0.046875
0 0.3453125 0.321875 0.059375 0.04375
0 0.96953125 0.45078125 0.0609375 0.0671875
0 0.87421875 0.29609375 0.121875 0.0625
0 0.859375 0.36953125 0.0703125 0.0578125
0 0.6515625 0.18671875 0.090625 0.053125
0 0.178125 0.34921875 0.1015625 0.059375
0 0.925 0.9109375 0.0625 0.065625
0 0.61484375 0.409375 0.084375 0.0609375
0 0.1484375 0.5234375 0.090625 0.053125
0 0.17421875 0.265625 0.08125 0.0609375