0 0.17578125 0.2078125 0.0859375 0.071875
0 0.403125 0.25625 0.1140625 0.0890625
0 0.24765625 0.3140625 0.1046875 0.071875
0 0.49140625 0.10078125 0.0734375 0.046875
0 0.63046875 0.1734375 0.0859375 0.0875
0 0.69453125 0.25 0.096875 0.071875
0 0.859375 0.0484375 0.109375 0.096875
0 0.940625 0.175 0.09375 0.0765625
0 0.3546875 0.4390625 0.10625 0.0890625
0 0.35078125 0.528125 0.103125 0.0953125
0 0.41875 0.596875 0.1 0.0875
0 0.32734375 0.6140625 0.0890625 0.078125
0 0.74140625 0.5171875 0.1390625 0.1015625
0 0.7328125 0.6578125 0.121875 0.0765625
0 0.65 0.8546875 0.0765625 0.059375
0 0.35078125 0.978125 0.0828125 0.04375