0 0.58046875 0.54375 0.1078125 0.1421875
0 0.7140625 0.68046875 0.1203125 0.146875
0 0.01484375 0.66640625 0.0296875 0.1203125
0 0.20234375 0.0484375 0.1046875 0.096875
0 0.275 0.2359375 0.0984375 0.1359375
0 0.34609375 0.36953125 0.1171875 0.11875
0 0.48671875 0.33671875 0.0984375 0.1296875
0 0.7546875 0.20625 0.0703125 0.0921875
0 0.69921875 0.16015625 0.0515625 0.065625
0 0.6984375 0.16015625 0.05625 0.065625
0 0.23359375 0.15234375 0.0796875 0.0921875
0 0.31875 0.18046875 0.0890625 0.1265625