0 0.2046875 0.4875 0.134375 0.196875
0 0.10859375 0.459375 0.1125 0.2125
0 0.32109375 0.603125 0.06875 0.1296875
0 0.38515625 0.55 0.1125 0.18125
0 0.50625 0.53515625 0.1359375 0.1875
0 0.54765625 0.3671875 0.159375 0.2203125
0 0.7 0.5140625 0.1828125 0.25
0 0.88828125 0.49375 0.2 0.2796875
0 0.58828125 0.6828125 0.1140625 0.1484375
0 0.72578125 0.709375 0.0765625 0.13125
0 0.8015625 0.6984375 0.103125 0.15625
0 0.89453125 0.8046875 0.08125 0.1625
0 0.95703125 0.78125 0.0796875 0.1453125
0 0.5578125 0.9453125 0.128125 0.109375
0 0.6609375 0.95078125 0.090625 0.0984375
0 0.59453125 0.82265625 0.0921875 0.13125
0 0.4078125 0.74921875 0.0765625 0.103125
0 0.22734375 0.83984375 0.090625 0.1
0 0.409375 0.965625 0.0765625 0.0671875
0 0.06484375 0.30390625 0.075 0.109375
0 0.2046875 0.3265625 0.0796875 0.096875
0 0.31484375 0.265625 0.0890625 0.1109375