0 0.38984375 0.2359375 0.065625 0.040625
0 0.39296875 0.34921875 0.059375 0.03125
0 0.196875 0.28125 0.0515625 0.03125
0 0.19296875 0.38828125 0.0484375 0.0296875
0 0.29296875 0.5625 0.03125 0.0140625
0 0.23359375 0.62109375 0.0625 0.025
0 0.49375 0.359375 0.0515625 0.0359375
0 0.4921875 0.26875 0.034375 0.028125
0 0.40625 0.28828125 0.0671875 0.053125
0 0.775 0.38984375 0.06875 0.028125
0 0.86875 0.3609375 0.0515625 0.0328125
0 0.88359375 0.3375 0.0625 0.028125
0 0.85078125 0.31953125 0.0546875 0.03125
0 0.92734375 0.40625 0.075 0.0453125
0 0.9484375 0.44140625 0.071875 0.028125
0 0.92265625 0.4796875 0.065625 0.040625
0 0.66484375 0.584375 0.059375 0.0234375
0 0.91015625 0.51953125 0.059375 0.0328125
0 0.78125 0.4921875 0.040625 0.021875
0 0.9671875 0.51015625 0.059375 0.03125