0 0.38984375 0.1578125 0.0921875 0.0640625
0 0.79296875 0.884375 0.071875 0.05
0 0.3765625 0.746875 0.071875 0.0515625
0 0.3859375 0.859375 0.08125 0.046875
0 0.43984375 0.73359375 0.05 0.0421875
0 0.5421875 0.609375 0.04375 0.0390625
0 0.303125 0.4296875 0.0984375 0.0609375
0 0.36796875 0.4234375 0.0625 0.0578125
0 0.42265625 0.41875 0.078125 0.046875
0 0.32265625 0.5 0.0671875 0.0421875
0 0.18203125 0.3734375 0.06875 0.0515625
0 0.12890625 0.3078125 0.09375 0.0453125
0 0.20859375 0.296875 0.04375 0.0484375
0 0.52734375 0.2578125 0.0703125 0.053125
0 0.4625 0.29921875 0.0890625 0.05
0 0.77578125 0.29609375 0.046875 0.046875
0 0.771875 0.78203125 0.0375 0.0375
0 0.465625 0.77578125 0.0609375 0.03125