0 0.15546875 0.509375 0.1859375 0.24375
0 0.32890625 0.5359375 0.190625 0.2421875
0 0.434375 0.48671875 0.1328125 0.2109375
0 0.5625 0.5609375 0.171875 0.2140625
0 0.69609375 0.534375 0.1578125 0.2015625
0 0.83984375 0.45078125 0.190625 0.2546875
0 0.575 0.80546875 0.190625 0.2421875
0 0.7515625 0.75703125 0.0421875 0.0484375
0 0.3125 0.884375 0.05 0.0640625
0 0.275 0.99375 0.046875 0.0125
0 0.36875 0.38671875 0.1234375 0.0921875
0 0.46953125 0.94453125 0.0390625 0.04375
0 0.5296875 0.946875 0.0375 0.0390625
0 0.88984375 0.5796875 0.06875 0.06875