0 0.2625 0.14140625 0.096875 0.1171875
0 0.3640625 0.11015625 0.0515625 0.0765625
0 0.58671875 0.22265625 0.1 0.146875
0 0.52265625 0.2734375 0.059375 0.0703125
0 0.46796875 0.340625 0.1046875 0.1390625
0 0.35859375 0.2671875 0.10625 0.1390625
0 0.2484375 0.40234375 0.1015625 0.1296875
0 0.0828125 0.51171875 0.059375 0.0671875
0 0.10234375 0.64140625 0.0546875 0.065625
0 0.171875 0.67265625 0.0453125 0.0515625
0 0.17578125 0.59609375 0.0390625 0.0484375
0 0.31015625 0.69140625 0.0734375 0.0984375
0 0.33671875 0.71328125 0.0609375 0.1
0 0.3578125 0.61171875 0.0453125 0.0703125
0 0.490625 0.634375 0.0859375 0.1203125
0 0.54765625 0.57734375 0.0484375 0.0578125
0 0.6484375 0.58125 0.05625 0.0609375
0 0.63125 0.63828125 0.0453125 0.0515625
0 0.77421875 0.61484375 0.0671875 0.0828125
0 0.753125 0.6953125 0.0578125 0.06875
0 0.68359375 0.7796875 0.046875 0.059375
0 0.73515625 0.81875 0.0453125 0.053125
0 0.75546875 0.79140625 0.05 0.053125
0 0.9546875 0.5765625 0.090625 0.1125
0 0.86171875 0.34765625 0.065625 0.0875
0 0.9796875 0.3484375 0.040625 0.0625
0 0.80234375 0.325 0.059375 0.071875