0 0.3125 0.12421875 0.06875 0.0484375
0 0.4640625 0.171875 0.0703125 0.04375
0 0.49765625 0.20546875 0.040625 0.0328125
0 0.43671875 0.1984375 0.05625 0.0390625
0 0.490625 0.25 0.0453125 0.0375
0 0.44921875 0.2875 0.05625 0.0453125
0 0.3515625 0.27109375 0.0578125 0.0359375
0 0.296875 0.25703125 0.059375 0.04375
0 0.31953125 0.31875 0.065625 0.0484375
0 0.3875 0.334375 0.05 0.034375
0 0.259375 0.3171875 0.0640625 0.0375
0 0.3375 0.36953125 0.06875 0.0515625
0 0.5125 0.3703125 0.0515625 0.028125
0 0.1953125 0.4359375 0.053125 0.0375
0 0.21796875 0.46171875 0.0609375 0.040625
0 0.23671875 0.490625 0.059375 0.040625
0 0.371875 0.58671875 0.059375 0.04375
0 0.33046875 0.56875 0.0484375 0.0296875
0 0.57890625 0.659375 0.04375 0.034375
0 0.50625 0.51953125 0.05 0.0234375
0 0.85078125 0.56953125 0.0609375 0.0359375
0 0.76640625 0.625 0.0578125 0.03125
0 0.79609375 0.49453125 0.0609375 0.0375
0 0.7703125 0.36796875 0.0296875 0.0265625
0 0.84453125 0.3734375 0.0484375 0.0375
0 0.965625 0.2796875 0.0625 0.0453125
0 0.81796875 0.60234375 0.04375 0.034375