0 0.3265625 0.0625 0.140625 0.125
0 0.2875 0.39921875 0.146875 0.165625
0 0.0421875 0.47109375 0.084375 0.1328125
0 0.0984375 0.77734375 0.115625 0.1453125
0 0.17890625 0.68046875 0.1140625 0.1453125
0 0.26796875 0.82578125 0.10625 0.1078125
0 0.2546875 0.89765625 0.10625 0.0921875
0 0.40546875 0.76015625 0.1265625 0.1328125
0 0.51953125 0.65625 0.140625 0.1765625
0 0.59609375 0.696875 0.1390625 0.16875
0 0.5765625 0.78984375 0.153125 0.1375
0 0.690625 0.5328125 0.1375 0.1515625
0 0.50546875 0.090625 0.1265625 0.1453125
0 0.60546875 0.13828125 0.1453125 0.1703125
0 0.46796875 0.20546875 0.1328125 0.134375
0 0.459375 0.36796875 0.0609375 0.0640625
0 0.5546875 0.27734375 0.0734375 0.0921875
0 0.603125 0.39296875 0.05 0.0546875
0 0.74296875 0.59375 0.121875 0.1546875
0 0.86875 0.8125 0.1125 0.134375
0 0.77890625 0.96328125 0.1109375 0.0734375
0 0.01796875 0.6421875 0.0359375 0.1625
0 0.29453125 0.20859375 0.1125 0.1203125