0 0.37265625 0.3828125 0.0703125 0.1421875
0 0.29765625 0.43125 0.0765625 0.1265625
0 0.09296875 0.3625 0.0875 0.1359375
0 0.28125 0.74609375 0.0578125 0.1046875
0 0.64296875 0.06484375 0.08125 0.1265625
0 0.509375 0.37890625 0.0609375 0.15
0 0.5265625 0.60859375 0.06875 0.128125
0 0.59296875 0.44453125 0.0453125 0.09375
0 0.47890625 0.4390625 0.05625 0.08125
0 0.31328125 0.84296875 0.0484375 0.115625
0 0.3640625 0.853125 0.0515625 0.0921875
0 0.8578125 0.89921875 0.05625 0.1
0 0.0640625 0.4140625 0.0765625 0.1046875
0 0.2046875 0.3671875 0.065625 0.1515625