0 0.03515625 0.61171875 0.04375 0.0359375
0 0.240625 0.62890625 0.0515625 0.04375
0 0.53671875 0.5359375 0.059375 0.0453125
0 0.6078125 0.5875 0.071875 0.0359375
0 0.62109375 0.60546875 0.065625 0.046875
0 0.396875 0.59296875 0.0875 0.0515625
0 0.4578125 0.4421875 0.078125 0.040625
0 0.46875 0.47109375 0.071875 0.04375
0 0.45 0.240625 0.0703125 0.0453125
0 0.48125 0.21484375 0.0515625 0.0453125
0 0.546875 0.15390625 0.053125 0.0359375
0 0.584375 0.10078125 0.071875 0.0546875
0 0.95703125 0.39375 0.06875 0.0546875