0 0.83046875 0.60390625 0.125 0.1640625
0 0.715625 0.45078125 0.11875 0.15625
0 0.6109375 0.62734375 0.0984375 0.1265625
0 0.4234375 0.9625 0.06875 0.075
0 0.371875 0.7875 0.0578125 0.078125
0 0.16640625 0.8328125 0.034375 0.0453125
0 0.2484375 0.4546875 0.0609375 0.0765625
0 0.34140625 0.64609375 0.0671875 0.090625
0 0.34296875 0.5515625 0.0578125 0.08125
0 0.6640625 0.8171875 0.0578125 0.0828125
0 0.425 0.1140625 0.09375 0.128125
0 0.50625 0.21484375 0.0890625 0.1203125
0 0.61171875 0.05703125 0.0859375 0.1140625
0 0.69375 0.19296875 0.10625 0.1453125
0 0.571875 0.13984375 0.0546875 0.1
0 0.47421875 0.553125 0.103125 0.1328125
0 0.5421875 0.53984375 0.0421875 0.0625