0 0.46015625 0.3796875 0.1984375 0.2125
0 0.4 0.91171875 0.15625 0.1703125
0 0.38828125 0.6953125 0.1859375 0.234375
0 0.5453125 0.69921875 0.1953125 0.259375
0 0.59375 0.50625 0.221875 0.2984375
0 0.5234375 0.1859375 0.165625 0.2296875
0 0.6390625 0.15234375 0.153125 0.21875
0 0.728125 0.15 0.0875 0.190625
0 0.79609375 0.178125 0.115625 0.1765625
0 0.828125 0.34140625 0.1140625 0.153125
0 0.76953125 0.7625 0.121875 0.18125
0 0.67734375 0.49140625 0.121875 0.2421875
0 0.87890625 0.41328125 0.096875 0.1359375