0 0.20703125 0.03515625 0.1046875 0.0703125
0 0.478125 0.10703125 0.115625 0.0984375
0 0.7265625 0.0875 0.15625 0.1375
0 0.50703125 0.3109375 0.1171875 0.090625
0 0.32421875 0.3078125 0.1046875 0.08125
0 0.29140625 0.384375 0.1109375 0.084375
0 0.2875 0.6203125 0.11875 0.1
0 0.24609375 0.47578125 0.1015625 0.0765625
0 0.40390625 0.4875 0.1171875 0.09375
0 0.38671875 0.57890625 0.1078125 0.0765625
0 0.51875 0.79765625 0.090625 0.0703125
0 0.496875 0.69609375 0.084375 0.0703125
0 0.5328125 0.7421875 0.0875 0.0625
0 0.9671875 0.9296875 0.065625 0.071875
0 0.98046875 0.88359375 0.0390625 0.0765625
0 0.90703125 0.8171875 0.0953125 0.06875
0 0.934375 0.721875 0.1 0.065625
0 0.78515625 0.52890625 0.0765625 0.0578125
0 0.84140625 0.52265625 0.0546875 0.0609375
0 0.79453125 0.33359375 0.0765625 0.0546875
0 0.903125 0.321875 0.078125 0.059375
0 0.98046875 0.35546875 0.0390625 0.0703125
0 0.2375 0.096875 0.078125 0.05625
0 0.3125 0.1421875 0.065625 0.059375
0 0.04140625 0.67265625 0.0703125 0.0546875
0 0.03203125 0.75390625 0.0578125 0.0453125
0 0.5140625 0.48359375 0.103125 0.0703125
0 0.471875 0.60234375 0.090625 0.0640625
0 0.46953125 0.5375 0.0828125 0.075
0 0.5953125 0.33671875 0.1 0.0953125
0 0.63515625 0.45546875 0.0796875 0.0609375
0 0.66796875 0.26015625 0.1078125 0.0671875
0 0.6046875 0.1984375 0.08125 0.08125
0 0.784375 0.28359375 0.0625 0.0546875
0 0.75703125 0.24921875 0.0703125 0.0453125
0 0.37734375 0.14140625 0.0703125 0.0515625