0 0.1890625 0.9046875 0.0703125 0.05
0 0.4234375 0.95546875 0.0875 0.065625
0 0.02265625 0.77578125 0.0453125 0.0578125
0 0.03359375 0.8109375 0.0671875 0.059375
0 0.52109375 0.71015625 0.0671875 0.0546875
0 0.59140625 0.68671875 0.075 0.05625
0 0.515625 0.51796875 0.0765625 0.046875
0 0.14453125 0.4046875 0.1 0.0671875
0 0.29609375 0.31328125 0.1078125 0.0796875
0 0.0921875 0.13515625 0.0453125 0.0640625
0 0.09296875 0.23359375 0.04375 0.046875
0 0.43046875 0.2484375 0.0765625 0.065625
0 0.63515625 0.4015625 0.10625 0.071875
0 0.81953125 0.45078125 0.0765625 0.05
0 0.6921875 0.34375 0.0890625 0.0609375
0 0.95234375 0.31171875 0.0953125 0.0859375
0 0.91953125 0.35 0.0625 0.0578125