0 0.02890625 0.81328125 0.0578125 0.0515625
0 0.0984375 0.88828125 0.0734375 0.05
0 0.15859375 0.9109375 0.078125 0.0546875
0 0.88046875 0.9375 0.0859375 0.0609375
0 0.86328125 0.96640625 0.075 0.0375
0 0.9171875 0.96171875 0.06875 0.04375
0 0.56484375 0.66015625 0.0734375 0.046875
0 0.796875 0.58125 0.09375 0.0546875
0 0.43203125 0.52890625 0.0921875 0.0515625
0 0.2640625 0.421875 0.065625 0.046875
0 0.66015625 0.428125 0.0859375 0.0421875
0 0.73984375 0.42578125 0.08125 0.0359375
0 0.24453125 0.00859375 0.1234375 0.0171875
0 0.703125 0.1421875 0.0765625 0.0578125
0 0.78125 0.15546875 0.0734375 0.046875
0 0.29609375 0.565625 0.03125 0.0234375