0 0.26640625 0.1359375 0.1296875 0.165625
0 0.38125 0.1828125 0.1484375 0.1765625
0 0.56015625 0.103125 0.084375 0.0921875
0 0.88828125 0.08203125 0.0921875 0.1640625
0 0.6109375 0.415625 0.2265625 0.25
0 0.82578125 0.5453125 0.203125 0.2
0 0.73125 0.6390625 0.1875 0.178125
0 0.75390625 0.73984375 0.1578125 0.11875
0 0.590625 0.89921875 0.1671875 0.128125
0 0.440625 0.85234375 0.0859375 0.0859375
0 0.11796875 0.72265625 0.1203125 0.1078125
0 0.30625 0.58828125 0.134375 0.134375
0 0.409375 0.47265625 0.153125 0.18125
0 0.29765625 0.4125 0.1 0.1140625
0 0.20078125 0.46328125 0.1265625 0.0953125