0 0.11328125 0.2421875 0.18125 0.2796875
0 0.2828125 0.06640625 0.153125 0.1328125
0 0.51015625 0.05625 0.0921875 0.1125
0 0.43203125 0.08046875 0.084375 0.140625
0 0.49921875 0.1625 0.075 0.1328125
0 0.671875 0.12421875 0.121875 0.178125
0 0.71171875 0.3 0.11875 0.1875
0 0.84453125 0.309375 0.1078125 0.1546875
0 0.896875 0.4625 0.0859375 0.140625
0 0.46328125 0.35078125 0.1265625 0.2390625
0 0.55546875 0.3515625 0.090625 0.178125
0 0.01953125 0.7140625 0.0390625 0.128125
0 0.025 0.40390625 0.0484375 0.0890625
0 0.0640625 0.5625 0.090625 0.1265625
0 0.76015625 0.82421875 0.11875 0.165625
0 0.71640625 0.675 0.0921875 0.15625
0 0.80078125 0.7265625 0.103125 0.1625
0 0.88515625 0.85703125 0.084375 0.1140625
0 0.88125 0.59296875 0.0671875 0.0765625
0 0.46953125 0.93125 0.0796875 0.1375
0 0.38203125 0.853125 0.065625 0.128125
0 0.55625 0.68359375 0.0796875 0.0984375
0 0.446875 0.61953125 0.078125 0.1109375
0 0.4359375 0.72109375 0.078125 0.0921875
0 0.4625 0.80546875 0.059375 0.1109375
0 0.5234375 0.82890625 0.05625 0.0859375
0 0.09453125 0.71796875 0.0453125 0.05
0 0.26484375 0.71015625 0.0578125 0.0578125
0 0.2140625 0.6328125 0.046875 0.0546875
0 0.334375 0.74453125 0.0359375 0.0640625