0 0.10625 0.159375 0.1046875 0.16875
0 0.16015625 0.20234375 0.0953125 0.1203125
0 0.16015625 0.3359375 0.103125 0.071875
0 0.2421875 0.3640625 0.0765625 0.09375
0 0.12890625 0.43203125 0.19375 0.2046875
0 0.5859375 0.48125 0.1828125 0.18125
0 0.75078125 0.5015625 0.1421875 0.15
0 0.57890625 0.61796875 0.175 0.16875
0 0.56953125 0.79453125 0.1234375 0.1484375
0 0.6609375 0.8609375 0.1703125 0.1671875
0 0.77109375 0.76484375 0.1546875 0.159375
0 0.1 0.66953125 0.1875 0.1859375
0 0.65703125 0.98203125 0.1671875 0.0359375
0 0.96328125 0.5 0.040625 0.0484375
0 0.8671875 0.875 0.1296875 0.1328125