0 0.3578125 0.8890625 0.08125 0.0703125
0 0.96484375 0.70390625 0.0703125 0.0828125
0 0.3515625 0.9453125 0.103125 0.078125
0 0.79609375 0.89609375 0.0953125 0.078125
0 0.4578125 0.76640625 0.0625 0.05
0 0.5765625 0.70859375 0.0765625 0.0546875
0 0.64453125 0.703125 0.0921875 0.0671875
0 0.653125 0.64296875 0.1140625 0.0890625
0 0.85625 0.6609375 0.0796875 0.0484375
0 0.50859375 0.26875 0.1125 0.0828125
0 0.58984375 0.096875 0.1 0.0859375
0 0.67421875 0.0828125 0.1421875 0.103125
0 0.72578125 0.20546875 0.115625 0.0890625
0 0.78828125 0.19453125 0.075 0.0640625