0 0.0328125 0.0578125 0.065625 0.084375
0 0.103125 0.07265625 0.171875 0.115625
0 0.1328125 0.259375 0.1453125 0.153125
0 0.29140625 0.37109375 0.0390625 0.0625
0 0.21875 0.6671875 0.178125 0.14375
0 0.24375 0.8046875 0.171875 0.184375
0 0.1765625 0.91875 0.0421875 0.075
0 0.3171875 0.90859375 0.009375 0.0328125
0 0.75078125 0.01015625 0.0171875 0.0203125
0 0.9515625 0.01796875 0.0625 0.0359375
0 0.5 0.1765625 0.1625 0.2078125
0 0.534375 0.06171875 0.0859375 0.0765625
0 0.67734375 0.178125 0.2328125 0.2296875
0 0.98359375 0.36640625 0.025 0.059375
0 0.5859375 0.6875 0.178125 0.1921875
0 0.8171875 0.93125 0.2203125 0.115625