0 0.103125 0.38984375 0.2046875 0.2171875
0 0.0390625 0.48125 0.078125 0.175
0 0.10703125 0.57890625 0.1890625 0.1859375
0 0.17890625 0.4828125 0.1734375 0.153125
0 0.2234375 0.5765625 0.1453125 0.134375
0 0.3421875 0.58125 0.1390625 0.1390625
0 0.36875 0.47421875 0.1671875 0.1734375
0 0.47421875 0.35 0.184375 0.190625
0 0.63515625 0.253125 0.1203125 0.11875
0 0.58671875 0.39609375 0.1703125 0.1875
0 0.64921875 0.53671875 0.125 0.1375
0 0.72890625 0.51171875 0.1203125 0.1328125
0 0.64140625 0.64140625 0.1015625 0.1
0 0.7 0.71953125 0.103125 0.1
0 0.76796875 0.55859375 0.1109375 0.109375
0 0.8578125 0.6421875 0.084375 0.096875
0 0.90234375 0.596875 0.10625 0.1125
0 0.76171875 0.83359375 0.0796875 0.0578125
0 0.7296875 0.7984375 0.0765625 0.075
0 0.753125 0.71640625 0.0796875 0.0921875
0 0.8203125 0.13671875 0.096875 0.1078125
0 0.92265625 0.1984375 0.059375 0.09375
0 0.9421875 0.36640625 0.0859375 0.084375
0 0.87578125 0.43515625 0.084375 0.08125
0 0.5796875 0.80859375 0.071875 0.071875
0 0.640625 0.740625 0.071875 0.084375