0 0.2484375 0.146875 0.2515625 0.203125
0 0.51015625 0.2234375 0.196875 0.175
0 0.88046875 0.27109375 0.159375 0.165625
0 0.9546875 0.28671875 0.090625 0.1703125
0 0.6015625 0.415625 0.184375 0.1484375
0 0.0859375 0.41484375 0.171875 0.1328125
0 0.290625 0.5640625 0.0921875 0.08125
0 0.11796875 0.6171875 0.1015625 0.0859375
0 0.15625 0.66953125 0.1125 0.09375
0 0.02890625 0.65390625 0.0578125 0.0671875
0 0.059375 0.74765625 0.090625 0.0671875
0 0.17265625 0.828125 0.0984375 0.084375
0 0.18359375 0.73828125 0.08125 0.059375
0 0.24609375 0.92890625 0.08125 0.065625
0 0.2328125 0.83203125 0.071875 0.075
0 0.2 0.7828125 0.0703125 0.059375
0 0.43828125 0.675 0.1609375 0.1328125
0 0.4515625 0.80546875 0.140625 0.0921875
0 0.46015625 0.74609375 0.1359375 0.0921875
0 0.5703125 0.690625 0.128125 0.1171875
0 0.55625 0.77421875 0.0703125 0.0640625
0 0.34375 0.76953125 0.071875 0.0640625
0 0.353125 0.7 0.0734375 0.0625
0 0.27890625 0.7140625 0.090625 0.0703125
0 0.63515625 0.8171875 0.1109375 0.0796875
0 0.66171875 0.8640625 0.0578125 0.0421875
0 0.7421875 0.90703125 0.1171875 0.096875
0 0.7828125 0.55703125 0.14375 0.0921875
0 0.56328125 0.546875 0.1328125 0.115625
0 0.365625 0.509375 0.0953125 0.075
0 0.8875 0.425 0.0984375 0.0828125
0 0.9625 0.50703125 0.075 0.0828125
0 0.7359375 0.47421875 0.1078125 0.0859375