0 0.03046875 0.1875 0.0609375 0.134375
0 0.2203125 0.39296875 0.321875 0.4171875
0 0.08828125 0.27109375 0.1328125 0.153125
0 0.3984375 0.3171875 0.24375 0.3671875
0 0.5671875 0.32734375 0.346875 0.4671875
0 0.7390625 0.66171875 0.3296875 0.4078125
0 0.18203125 0.65703125 0.1234375 0.1578125
0 0.025 0.60234375 0.05 0.1328125
0 0.07265625 0.815625 0.0671875 0.1734375
0 0.3921875 0.56171875 0.159375 0.2109375
0 0.42734375 0.89375 0.1453125 0.146875
0 0.57734375 0.08515625 0.14375 0.1484375
0 0.2890625 0.07421875 0.13125 0.1015625
0 0.784375 0.3796875 0.0921875 0.134375