0 0.08359375 0.1453125 0.1671875 0.203125
0 0.05234375 0.528125 0.1046875 0.175
0 0.221875 0.05546875 0.153125 0.0765625
0 0.36953125 0.22421875 0.134375 0.16875
0 0.7296875 0.3421875 0.1421875 0.140625
0 0.8703125 0.30703125 0.090625 0.1078125
0 0.815625 0.70625 0.096875 0.128125
0 0.5921875 0.7546875 0.0515625 0.0734375
0 0.375 0.7234375 0.190625 0.175
0 0.25703125 0.86953125 0.1796875 0.175
0 0.36015625 0.85390625 0.115625 0.1703125
0 0.453125 0.94453125 0.171875 0.1109375
0 0.965625 0.91796875 0.06875 0.0921875