0 0.0484375 0.19375 0.0796875 0.14375
0 0.18046875 0.12734375 0.0828125 0.1015625
0 0.196875 0.02578125 0.15 0.0515625
0 0.27578125 0.18046875 0.1453125 0.1515625
0 0.1203125 0.25546875 0.0640625 0.065625
0 0.31875 0.36015625 0.05625 0.05
0 0.07734375 0.46640625 0.1546875 0.1578125
0 0.1828125 0.8390625 0.1859375 0.1703125
0 0.24453125 0.953125 0.0796875 0.0796875
0 0.4296875 0.11640625 0.1640625 0.146875
0 0.5953125 0.04375 0.1734375 0.084375
0 0.9609375 0.04765625 0.071875 0.0640625
0 0.56796875 0.17109375 0.0484375 0.071875
0 0.95 0.29453125 0.1 0.1609375
0 0.6328125 0.52109375 0.1328125 0.140625
0 0.590625 0.6796875 0.1140625 0.1453125
0 0.32578125 0.7109375 0.1578125 0.1453125
0 0.46640625 0.82421875 0.1171875 0.0421875
0 0.9703125 0.70390625 0.04375 0.1015625
0 0.85 0.7734375 0.065625 0.053125
0 0.896875 0.82109375 0.040625 0.046875
0 0.57734375 0.9625 0.1515625 0.075