0 0.1453125 0.0546875 0.128125 0.109375
0 0.69453125 0.64765625 0.2921875 0.2875
0 0.26328125 0.6296875 0.3109375 0.3078125
0 0.57734375 0.35546875 0.284375 0.278125
0 0.51015625 0.1453125 0.3234375 0.290625
0 0.4140625 0.2921875 0.2359375 0.2546875
0 0.44765625 0.43828125 0.2328125 0.2078125
0 0.69921875 0.1484375 0.215625 0.24375
0 0.784375 0.084375 0.2015625 0.1046875
0 0.88203125 0.4734375 0.2359375 0.296875
0 0.69453125 0.6515625 0.3203125 0.325
0 0.2703125 0.6359375 0.3453125 0.3421875
0 0.190625 0.36796875 0.3 0.2703125
0 0.09375 0.64453125 0.1875 0.2140625
0 0.40234375 0.5765625 0.184375 0.2078125
0 0.56953125 0.7734375 0.203125 0.2015625