0 0.471875 0.10625 0.0859375 0.1015625
0 0.35234375 0.290625 0.1140625 0.1265625
0 0.48125 0.27578125 0.10625 0.1203125
0 0.7125 0.29140625 0.0796875 0.0734375
0 0.7609375 0.365625 0.0671875 0.084375
0 0.87109375 0.10546875 0.075 0.0671875
0 0.94765625 0.65390625 0.0671875 0.075
0 0.85859375 0.93125 0.0875 0.1109375
0 0.66796875 0.87890625 0.1125 0.1421875
0 0.371875 0.80078125 0.1390625 0.19375
0 0.2578125 0.7078125 0.121875 0.1328125
0 0.271875 0.58984375 0.109375 0.121875
0 0.21015625 0.8984375 0.0953125 0.0984375
0 0.10390625 0.790625 0.075 0.0921875
0 0.1625 0.77734375 0.0734375 0.084375
0 0.60546875 0.6203125 0.09375 0.1109375
0 0.46640625 0.40390625 0.0734375 0.075
0 0.803125 0.8953125 0.0734375 0.0953125