0 0.45390625 0.38203125 0.1875 0.203125
0 0.421875 0.91640625 0.1484375 0.1640625
0 0.3984375 0.70078125 0.1734375 0.2265625
0 0.55625 0.69609375 0.1828125 0.25
0 0.59375 0.5015625 0.2078125 0.2875
0 0.50703125 0.18515625 0.153125 0.2234375
0 0.62109375 0.14609375 0.1421875 0.2125
0 0.709375 0.1390625 0.078125 0.1875
0 0.77890625 0.16328125 0.1078125 0.171875
0 0.81953125 0.32421875 0.1078125 0.1484375
0 0.78359375 0.74765625 0.1125 0.175
0 0.6765625 0.48203125 0.1109375 0.2375
0 0.8734375 0.39296875 0.0890625 0.13125