0 0.25390625 0.43359375 0.2171875 0.328125
0 0.375 0.32890625 0.1890625 0.290625
0 0.52265625 0.3609375 0.1390625 0.265625
0 0.675 0.24296875 0.20625 0.2828125
0 0.8203125 0.1171875 0.2453125 0.2140625
0 0.67265625 0.07265625 0.1046875 0.1328125
0 0.65546875 0.4546875 0.146875 0.2109375
0 0.75234375 0.6234375 0.1671875 0.25
0 0.91484375 0.8734375 0.1421875 0.18125
0 0.8171875 0.96953125 0.184375 0.0609375
0 0.5453125 0.6390625 0.1828125 0.3
0 0.40234375 0.65625 0.159375 0.26875
0 0.10546875 0.66953125 0.1609375 0.2359375
0 0.2390625 0.8703125 0.1578125 0.240625
0 0.34140625 0.9203125 0.14375 0.15