0 0.31875 0.19921875 0.165625 0.15
0 0.4734375 0.16484375 0.1703125 0.1453125
0 0.69453125 0.29453125 0.1703125 0.14375
0 0.52109375 0.30703125 0.1609375 0.1515625
0 0.36953125 0.33671875 0.175 0.14375
0 0.1015625 0.2703125 0.15625 0.1453125
0 0.346875 0.4625 0.153125 0.1328125
0 0.2671875 0.39453125 0.11875 0.1140625
0 0.50234375 0.5234375 0.184375 0.1609375
0 0.6953125 0.51171875 0.1640625 0.1515625
0 0.6875 0.65859375 0.190625 0.165625
0 0.5203125 0.6953125 0.1625 0.1390625
0 0.6625 0.7546875 0.1375 0.0671875
0 0.490625 0.4203125 0.1234375 0.0671875