0 0.24765625 0.80234375 0.0828125 0.1140625
0 0.37578125 0.88515625 0.0921875 0.1265625
0 0.321875 0.32734375 0.0578125 0.0828125
0 0.38203125 0.296875 0.0953125 0.11875
0 0.33359375 0.16953125 0.090625 0.1046875
0 0.284375 0.2234375 0.0640625 0.0859375
0 0.50546875 0.18671875 0.0375 0.04375
0 0.56015625 0.10546875 0.046875 0.0546875
0 0.62109375 0.0609375 0.0359375 0.0359375
0 0.6484375 0.12734375 0.0375 0.0578125
0 0.61015625 0.14375 0.03125 0.0515625
0 0.6171875 0.21484375 0.0421875 0.0484375
0 0.62265625 0.2609375 0.0359375 0.0484375
0 0.653125 0.1875 0.0421875 0.0484375
0 0.7421875 0.16171875 0.05 0.053125
0 0.72578125 0.3828125 0.0484375 0.0578125
0 0.7140625 0.5140625 0.0734375 0.0875
0 0.63828125 0.58359375 0.04375 0.0609375
0 0.9140625 0.9203125 0.0703125 0.075
0 0.6359375 0.878125 0.0375 0.0484375
0 0.82265625 0.6375 0.0234375 0.0375
0 0.22578125 0.5359375 0.090625 0.0984375
0 0.534375 0.32578125 0.0171875 0.0234375
0 0.51015625 0.2828125 0.028125 0.0234375