0 0.83203125 0.41171875 0.15 0.1875
0 0.884375 0.07890625 0.196875 0.1578125
0 0.821875 0.6171875 0.1265625 0.1453125
0 0.87109375 0.49453125 0.1171875 0.121875
0 0.47421875 0.64140625 0.1171875 0.1640625
0 0.54921875 0.5140625 0.0828125 0.0875
0 0.2078125 0.465625 0.134375 0.171875
0 0.3140625 0.42890625 0.0953125 0.13125
0 0.23984375 0.64765625 0.125 0.1828125
0 0.334375 0.58203125 0.0859375 0.1140625
0 0.32578125 0.69453125 0.1109375 0.14375
0 0.2375 0.8765625 0.1 0.1671875
0 0.3328125 0.88671875 0.1171875 0.1671875
0 0.37265625 0.4984375 0.0453125 0.065625