0 0.82890625 0.09921875 0.2484375 0.1984375
0 0.60078125 0.15703125 0.221875 0.2984375
0 0.359375 0.1140625 0.2203125 0.221875
0 0.35546875 0.30234375 0.159375 0.1984375
0 0.31953125 0.3765625 0.1375 0.171875
0 0.58046875 0.36484375 0.13125 0.1703125
0 0.53125 0.65625 0.153125 0.1890625
0 0.596875 0.80234375 0.13125 0.16875
0 0.68359375 0.80078125 0.0984375 0.1640625
0 0.33359375 0.7953125 0.096875 0.1328125
0 0.40625 0.79609375 0.103125 0.11875
0 0.44375 0.85546875 0.0953125 0.09375
0 0.50390625 0.9453125 0.0921875 0.1046875