0 0.62734375 0.20078125 0.3015625 0.2921875
0 0.5640625 0.46640625 0.253125 0.284375
0 0.7921875 0.81171875 0.2890625 0.3234375
0 0.74453125 0.5640625 0.2734375 0.24375
0 0.721875 0.35859375 0.1265625 0.1890625
0 0.27265625 0.56953125 0.2421875 0.26875
0 0.08828125 0.525 0.1765625 0.196875
0 0.07578125 0.39296875 0.1453125 0.11875
0 0.284375 0.4125 0.221875 0.153125
0 0.20703125 0.72578125 0.2421875 0.2171875
0 0.4015625 0.68046875 0.1765625 0.2640625
0 0.24765625 0.953125 0.178125 0.06875
0 0.41640625 0.93046875 0.146875 0.1390625
0 0.93203125 0.9625 0.0640625 0.075
0 0.95 0.69921875 0.075 0.08125
0 0.96953125 0.54765625 0.0609375 0.1015625
0 0.92421875 0.49296875 0.0765625 0.090625
0 0.04765625 0.734375 0.065625 0.1375