0 0.54765625 0.23125 0.2109375 0.2828125
0 0.453125 0.18671875 0.1890625 0.2609375
0 0.3609375 0.4875 0.2109375 0.26875
0 0.53125 0.4046875 0.1984375 0.2109375
0 0.6625 0.4625 0.15625 0.2078125
0 0.803125 0.5265625 0.1125 0.1328125
0 0.5359375 0.6125 0.21875 0.2875
0 0.35703125 0.78671875 0.19375 0.275
0 0.5125 0.8734375 0.190625 0.253125
0 0.60546875 0.8328125 0.134375 0.2109375
0 0.36953125 0.92109375 0.14375 0.140625
0 0.6734375 0.6296875 0.1109375 0.1609375
0 0.92421875 0.01484375 0.0859375 0.0296875
0 0.64921875 0.128125 0.0734375 0.121875
0 0.05078125 0.0953125 0.0625 0.0796875