0 0.4640625 0.17578125 0.1828125 0.2546875
0 0.26171875 0.2671875 0.1640625 0.23125
0 0.23828125 0.66015625 0.2 0.2703125
0 0.44765625 0.48125 0.1796875 0.2453125
0 0.68515625 0.259375 0.1109375 0.1484375
0 0.71953125 0.2140625 0.115625 0.1484375
0 0.79296875 0.0625 0.1265625 0.125
0 0.8234375 0.01796875 0.10625 0.0359375
0 0.74609375 0.49296875 0.178125 0.23125
0 0.88359375 0.47578125 0.1671875 0.2125
0 0.575 0.45 0.184375 0.1640625
0 0.61796875 0.5796875 0.140625 0.1609375
0 0.69765625 0.75078125 0.196875 0.2609375
0 0.85390625 0.66171875 0.1578125 0.21875
0 0.95 0.68828125 0.1 0.1953125
0 0.471875 0.834375 0.175 0.2328125
0 0.18828125 0.8875 0.1671875 0.225
0 0.3171875 0.88515625 0.1625 0.215625
0 0.38515625 0.79296875 0.134375 0.1703125
0 0.5328125 0.90703125 0.1125 0.1421875