0 0.0671875 0.92578125 0.096875 0.0484375
0 0.11171875 0.89921875 0.078125 0.053125
0 0.1734375 0.90234375 0.0796875 0.0625
0 0.70703125 0.95390625 0.0890625 0.071875
0 0.65703125 0.83203125 0.078125 0.0609375
0 0.803125 0.86484375 0.075 0.0578125
0 0.82265625 0.784375 0.103125 0.0796875
0 0.40546875 0.6046875 0.0921875 0.0515625
0 0.61640625 0.540625 0.0796875 0.05625
0 0.67265625 0.46953125 0.084375 0.059375
0 0.9140625 0.4046875 0.084375 0.05625
0 0.97578125 0.3921875 0.0484375 0.053125
0 0.8546875 0.1203125 0.09375 0.075