0 0.86015625 0.3234375 0.0625 0.0875
0 0.421875 0.3453125 0.0703125 0.1046875
0 0.4328125 0.49453125 0.028125 0.090625
0 0.653125 0.5890625 0.0828125 0.08125
0 0.79140625 0.615625 0.040625 0.0984375
0 0.04375 0.628125 0.0875 0.078125
0 0.3078125 0.640625 0.0953125 0.1359375
0 0.21953125 0.67109375 0.0515625 0.096875
0 0.721875 0.08125 0.10625 0.15
0 0.95 0.7625 0.0859375 0.128125
0 0.1265625 0.8765625 0.08125 0.1421875
0 0.6484375 0.9671875 0.06875 0.065625
0 0.83359375 0.18359375 0.090625 0.11875
0 0.0796875 0.19453125 0.090625 0.121875