0 0.19453125 0.24140625 0.09921875 0.0390625
0 0.08359375 0.2578125 0.08203125 0.0375
0 0.315625 0.309375 0.0796875 0.03125
0 0.21171875 0.3015625 0.065625 0.03125
0 0.1546875 0.3375 0.09375 0.040625
0 0.09921875 0.31875 0.0625 0.04375
0 0.16484375 0.39296875 0.0625 0.0421875
0 0.30078125 0.3765625 0.0625 0.0375
0 0.34375 0.3625 0.07421875 0.040625
0 0.34375 0.415625 0.08515625 0.046875
0 0.05546875 0.46171875 0.059375 0.0421875
0 0.0953125 0.56484375 0.09375 0.0265625
0 0.0796875 0.665625 0.08515625 0.04375
0 0.05078125 0.70625 0.07421875 0.03125
0 0.2984375 0.56015625 0.06796875 0.0328125
0 0.30546875 0.5890625 0.09375 0.028125
0 0.7796875 0.65234375 0.05390625 0.0296875
0 0.7171875 0.52421875 0.059375 0.0359375
0 0.715625 0.3859375 0.0453125 0.034375