0 0.790625 0.1921875 0.30625 0.315625
0 0.91875 0.07265625 0.1625 0.0703125
0 0.17421875 0.01640625 0.1921875 0.0328125
0 0.30390625 0.028125 0.1140625 0.05625
0 0.5140625 0.36953125 0.2125 0.19375
0 0.696875 0.37109375 0.16875 0.1578125
0 0.85703125 0.5078125 0.253125 0.2609375
0 0.78125 0.74375 0.20625 0.178125
0 0.6609375 0.7296875 0.128125 0.1484375
0 0.1984375 0.59140625 0.2796875 0.25625
0 0.3234375 0.5 0.1078125 0.1125
0 0.434375 0.5078125 0.1046875 0.1078125
0 0.48203125 0.68671875 0.0921875 0.084375
0 0.2421875 0.8640625 0.2875 0.2453125
0 0.36171875 0.7484375 0.103125 0.059375
0 0.453125 0.815625 0.1046875 0.1015625
0 0.48203125 0.8625 0.084375 0.084375
0 0.7984375 0.9796875 0.13125 0.040625
0 0.0921875 0.9203125 0.1359375 0.08125
0 0.509375 0.14375 0.13125 0.153125