0 0.021875 0.890625 0.04375 0.04375
0 0.0765625 0.878125 0.05859375 0.0375
0 0.096875 0.746875 0.09453125 0.05625
0 0.35390625 0.59921875 0.08046875 0.0546875
0 0.18359375 0.64140625 0.071875 0.0515625
0 0.4140625 0.56171875 0.071875 0.0484375
0 0.653125 0.54375 0.121875 0.05625
0 0.71796875 0.50390625 0.10859375 0.0546875
0 0.684375 0.76640625 0.0640625 0.0484375
0 0.70390625 0.859375 0.08046875 0.03125
0 0.64453125 0.79296875 0.06640625 0.0390625
0 0.23046875 0.38359375 0.09453125 0.0609375
0 0.32890625 0.37890625 0.0640625 0.0515625
0 0.32109375 0.221875 0.103125 0.040625