0 0.734375 0.1875 0.4484375 0.3671875
0 0.22578125 0.04453125 0.2390625 0.0890625
0 0.20625 0.1625 0.2203125 0.2140625
0 0.32265625 0.34765625 0.3375 0.328125
0 0.59453125 0.42578125 0.4453125 0.40625
0 0.828125 0.39296875 0.253125 0.2984375
0 0.7546875 0.64375 0.3890625 0.3515625
0 0.415625 0.66640625 0.4421875 0.4015625
0 0.05390625 0.6125 0.1078125 0.25
0 0.1234375 0.72109375 0.234375 0.2171875
0 0.04375 0.803125 0.0875 0.1875
0 0.14453125 0.85703125 0.209375 0.1703125
0 0.421875 0.878125 0.35 0.24375
0 0.64609375 0.8859375 0.2546875 0.228125