0 0.434375 0.08828125 0.1765625 0.175
0 0.40703125 0.28515625 0.146875 0.159375
0 0.08671875 0.4828125 0.1609375 0.159375
0 0.028125 0.734375 0.0203125 0.03125
0 0.0765625 0.87421875 0.1 0.15625
0 0.49765625 0.9671875 0.1234375 0.065625
0 0.5515625 0.090625 0.0734375 0.084375
0 0.80234375 0.2125 0.1546875 0.1484375
0 0.86640625 0.146875 0.0609375 0.0703125
0 0.66953125 0.4390625 0.1953125 0.2109375
0 0.84140625 0.43203125 0.1890625 0.1375
0 0.759375 0.64296875 0.203125 0.20625
0 0.9203125 0.78046875 0.1359375 0.121875