0 0.09296875 0.03359375 0.0640625 0.0671875
0 0.20390625 0.078125 0.1046875 0.15625
0 0.296875 0.08984375 0.184375 0.1796875
0 0.7015625 0.14140625 0.0703125 0.0734375
0 0.46328125 0.3265625 0.1875 0.1921875
0 0.8875 0.28671875 0.1625 0.1703125
0 0.95625 0.371875 0.0875 0.146875
0 0.6984375 0.43515625 0.1375 0.1453125
0 0.8171875 0.4640625 0.15 0.1640625
0 0.88671875 0.57578125 0.1484375 0.1390625
0 0.090625 0.63671875 0.15625 0.1734375
0 0.303125 0.5578125 0.0609375 0.0765625
0 0.0640625 0.73046875 0.128125 0.0890625
0 0.17890625 0.703125 0.0859375 0.0734375
0 0.25546875 0.678125 0.1484375 0.1265625
0 0.54609375 0.8515625 0.0859375 0.1
0 0.609375 0.84765625 0.11875 0.109375
0 0.4765625 0.8828125 0.05 0.05
0 0.6828125 0.8265625 0.090625 0.1296875
0 0.80390625 0.8953125 0.140625 0.1453125
0 0.81328125 0.80078125 0.13125 0.09375
0 0.37421875 0.9859375 0.096875 0.01875
0 0.85078125 0.98046875 0.0578125 0.0390625
0 0.97421875 0.26640625 0.0515625 0.0859375