0 0.11796875 0.0671875 0.1265625 0.134375
0 0.18203125 0.60625 0.10625 0.1390625
0 0.09453125 0.6390625 0.09375 0.134375
0 0.16328125 0.725 0.0984375 0.1296875
0 0.09375 0.73125 0.071875 0.0828125
0 0.2765625 0.93515625 0.0875 0.084375
0 0.3421875 0.0625 0.115625 0.125
0 0.46875 0.05546875 0.09375 0.1015625
0 0.44453125 0.1546875 0.08125 0.115625
0 0.515625 0.165625 0.096875 0.125
0 0.68515625 0.3046875 0.0484375 0.065625
0 0.5640625 0.62421875 0.0296875 0.0390625
0 0.61328125 0.7640625 0.0953125 0.134375
0 0.696875 0.73515625 0.0953125 0.128125
0 0.93125 0.75859375 0.0859375 0.121875
0 0.40390625 0.7234375 0.021875 0.0296875