0 0.865625 0.14609375 0.246875 0.2921875
0 0.89375 0.321875 0.203125 0.1640625
0 0.6359375 0.23671875 0.2171875 0.20625
0 0.403125 0.121875 0.1296875 0.146875
0 0.56328125 0.115625 0.08125 0.1015625
0 0.346875 0.28125 0.1328125 0.14375
0 0.453125 0.22421875 0.0703125 0.071875
0 0.49453125 0.2515625 0.0640625 0.096875
0 0.4515625 0.40546875 0.15625 0.1828125
0 0.0859375 0.434375 0.171875 0.2125
0 0.0640625 0.64375 0.1234375 0.1765625
0 0.1390625 0.78828125 0.1296875 0.125
0 0.296875 0.65703125 0.2875 0.265625
0 0.55703125 0.59921875 0.2859375 0.28125
0 0.6796875 0.696875 0.19375 0.190625
0 0.58515625 0.8765625 0.2359375 0.234375
0 0.38828125 0.878125 0.1890625 0.15
0 0.79921875 0.8703125 0.1375 0.1359375
0 0.7703125 0.94609375 0.1515625 0.0890625
0 0.03984375 0.2640625 0.0796875 0.10625
0 0.21796875 0.16328125 0.13125 0.0609375
0 0.0609375 0.18828125 0.0765625 0.08125