0 0.90625 0.08515625 0.184375 0.1703125
0 0.8421875 0.4234375 0.146875 0.1875
0 0.86953125 0.50703125 0.1109375 0.1203125
0 0.815625 0.6359375 0.121875 0.146875
0 0.46953125 0.6375 0.1140625 0.16875
0 0.546875 0.5234375 0.0875 0.0875
0 0.315625 0.42734375 0.096875 0.1171875
0 0.2109375 0.44765625 0.11875 0.1703125
0 0.23515625 0.63046875 0.1234375 0.1890625
0 0.31640625 0.68125 0.0984375 0.14375
0 0.31328125 0.88046875 0.1140625 0.1671875
0 0.221875 0.8578125 0.08125 0.16875
0 0.325 0.57421875 0.090625 0.1203125
0 0.36953125 0.48984375 0.0484375 0.0734375