0 0.7421875 0.31640625 0.078125 0.0578125
0 0.725 0.3453125 0.0921875 0.05625
0 0.7015625 0.390625 0.0828125 0.05
0 0.63359375 0.3703125 0.0828125 0.053125
0 0.5625 0.47734375 0.0890625 0.0578125
0 0.63046875 0.475 0.0734375 0.053125
0 0.684375 0.4578125 0.096875 0.05625
0 0.73046875 0.496875 0.0640625 0.046875
0 0.66328125 0.53984375 0.0796875 0.0515625
0 0.58125 0.51875 0.071875 0.0515625
0 0.72734375 0.640625 0.0875 0.0578125
0 0.765625 0.6015625 0.0734375 0.0484375
0 0.52421875 0.6796875 0.059375 0.04375
0 0.48671875 0.6828125 0.1015625 0.0515625
0 0.559375 0.69765625 0.06875 0.0453125
0 0.7109375 0.728125 0.078125 0.05625
0 0.78515625 0.73125 0.1078125 0.05625
0 0.675 0.675 0.084375 0.0453125
0 0.02265625 0.521875 0.0453125 0.05
0 0.67265625 0.740625 0.0953125 0.0625