0 0.16015625 0.33125 0.0578125 0.071875
0 0.221875 0.27890625 0.0578125 0.078125
0 0.315625 0.2921875 0.078125 0.0953125
0 0.40078125 0.2421875 0.140625 0.1625
0 0.52109375 0.31484375 0.1078125 0.165625
0 0.5890625 0.2578125 0.0671875 0.0890625
0 0.59140625 0.3484375 0.0578125 0.071875
0 0.63984375 0.46015625 0.140625 0.159375
0 0.65078125 0.55 0.1234375 0.078125
0 0.36640625 0.48359375 0.1609375 0.1703125
0 0.38125 0.5703125 0.1296875 0.11875
0 0.32734375 0.690625 0.18125 0.203125
0 0.40625 0.87109375 0.1140625 0.15
0 0.76484375 0.5796875 0.06875 0.0765625
0 0.7984375 0.4203125 0.08125 0.075