0 0.0296875 0.58671875 0.04375 0.034375
0 0.23359375 0.615625 0.05 0.040625
0 0.534375 0.5375 0.0578125 0.0421875
0 0.60234375 0.59296875 0.0703125 0.0328125
0 0.615625 0.61171875 0.0640625 0.04375
0 0.3921875 0.5875 0.0859375 0.046875
0 0.4609375 0.43984375 0.0765625 0.0375
0 0.4703125 0.46953125 0.071875 0.040625
0 0.4640625 0.23828125 0.06875 0.0421875
0 0.49609375 0.2140625 0.05 0.0421875
0 0.56484375 0.15703125 0.0515625 0.034375
0 0.60546875 0.10625 0.0703125 0.0515625
0 0.9625 0.41796875 0.0671875 0.0515625