0 0.2265625 0.1 0.121875 0.140625
0 0.43671875 0.20703125 0.109375 0.13125
0 0.3453125 0.3625 0.1015625 0.1078125
0 0.465625 0.38671875 0.0875 0.1
0 0.434375 0.334375 0.0546875 0.0640625
0 0.51171875 0.2546875 0.0765625 0.096875
0 0.509375 0.08984375 0.0828125 0.096875
0 0.70703125 0.1765625 0.0890625 0.10625
0 0.89609375 0.2796875 0.125 0.1453125
0 0.80234375 0.27265625 0.0921875 0.115625
0 0.959375 0.14609375 0.08125 0.1171875
0 0.95546875 0.396875 0.0890625 0.121875
0 0.95078125 0.31640625 0.0828125 0.1046875
0 0.83203125 0.41796875 0.1046875 0.128125
0 0.76328125 0.4640625 0.05 0.0671875
0 0.60390625 0.5 0.0625 0.08125
0 0.56171875 0.44921875 0.0515625 0.059375
0 0.59921875 0.36640625 0.0484375 0.053125
0 0.63984375 0.3328125 0.0546875 0.071875
0 0.60546875 0.30078125 0.0515625 0.059375
0 0.446875 0.5171875 0.0609375 0.0671875
0 0.47421875 0.46171875 0.065625 0.0671875
0 0.16953125 0.89765625 0.1140625 0.096875
0 0.56328125 0.84921875 0.1046875 0.1234375
0 0.52421875 0.64375 0.08125 0.103125
0 0.5890625 0.61484375 0.084375 0.103125
0 0.34296875 0.6390625 0.053125 0.05
0 0.34765625 0.58984375 0.0390625 0.0421875
0 0.375 0.55234375 0.0453125 0.0484375
0 0.9171875 0.80078125 0.0671875 0.084375
0 0.7921875 0.83203125 0.059375 0.0609375
0 0.75 0.51953125 0.0453125 0.040625
0 0.3484375 0.24296875 0.0625 0.0671875
0 0.78828125 0.509375 0.0453125 0.0453125
0 0.6390625 0.565625 0.0515625 0.059375
0 0.6453125 0.7140625 0.0375 0.0375
0 0.85234375 0.696875 0.053125 0.053125