0 0.7421875 0.196875 0.175 0.2171875
0 0.56484375 0.16015625 0.121875 0.2015625
0 0.3078125 0.0546875 0.125 0.1015625
0 0.2484375 0.26640625 0.103125 0.128125
0 0.3765625 0.50546875 0.1484375 0.2125
0 0.65 0.48984375 0.165625 0.2546875
0 0.83203125 0.73046875 0.1484375 0.2171875
0 0.659375 0.790625 0.1234375 0.1
0 0.8015625 0.57109375 0.1390625 0.1828125
0 0.7421875 0.37421875 0.1671875 0.19375
0 0.89609375 0.41640625 0.0890625 0.1609375
0 0.890625 0.58203125 0.0828125 0.128125
0 0.49765625 0.50625 0.1 0.128125
0 0.4453125 0.18671875 0.0703125 0.121875