0 0.06875 0.2 0.1375 0.221875
0 0.0609375 0.5828125 0.121875 0.184375
0 0.16953125 0.0921875 0.1578125 0.0921875
0 0.33671875 0.2421875 0.1515625 0.18125
0 0.709375 0.31484375 0.1546875 0.1546875
0 0.84453125 0.26328125 0.1015625 0.115625
0 0.83828125 0.66640625 0.1109375 0.1359375
0 0.62265625 0.74140625 0.059375 0.078125
0 0.403125 0.73671875 0.20625 0.19375
0 0.30390625 0.89609375 0.1953125 0.1921875
0 0.40390625 0.86875 0.1328125 0.1796875
0 0.5078125 0.94140625 0.18125 0.1171875
0 0.9875 0.8546875 0.025 0.103125