0 0.21328125 0.3 0.075 0.0765625
0 0.24765625 0.2390625 0.0859375 0.0890625
0 0.278125 0.30625 0.065625 0.0625
0 0.3734375 0.4015625 0.0609375 0.0671875
0 0.5578125 0.35078125 0.0703125 0.075
0 0.4203125 0.3921875 0.059375 0.065625
0 0.73203125 0.3453125 0.0671875 0.059375
0 0.53125 0.18046875 0.0375 0.0390625
0 0.7734375 0.271875 0.05625 0.0640625
0 0.84921875 0.28984375 0.0609375 0.0609375
0 0.5453125 0.85703125 0.078125 0.075
0 0.6109375 0.93515625 0.0609375 0.0546875
0 0.61875 0.834375 0.06875 0.0796875
0 0.54921875 0.71484375 0.078125 0.08125
0 0.4671875 0.7171875 0.0640625 0.0578125
0 0.1984375 0.61796875 0.05 0.053125
0 0.25546875 0.64921875 0.05625 0.05625
0 0.340625 0.5390625 0.0515625 0.0578125
0 0.38046875 0.57734375 0.05 0.059375
0 0.44296875 0.55 0.071875 0.0875
0 0.44375 0.60625 0.0453125 0.0421875
0 0.55625 0.5703125 0.0640625 0.053125
0 0.5296875 0.6625 0.053125 0.046875
0 0.56875 0.621875 0.0640625 0.053125
0 0.7640625 0.38046875 0.059375 0.0671875
0 0.66484375 0.39765625 0.046875 0.046875
0 0.8046875 0.5734375 0.0640625 0.05625
0 0.21484375 0.4125 0.0546875 0.0671875
0 0.265625 0.41484375 0.05 0.0640625
0 0.9609375 0.1375 0.0765625 0.075
0 0.87890625 0.26953125 0.0453125 0.0546875