0 0.37734375 0.125 0.0671875 0.0875
0 0.30625 0.3328125 0.090625 0.10859375
0 0.42734375 0.28671875 0.084375 0.10234375
0 0.65546875 0.24609375 0.0671875 0.05859375
0 0.7203125 0.30625 0.05 0.075
0 0.76484375 0.02734375 0.0640625 0.05390625
0 0.971875 0.540625 0.053125 0.06484375
0 0.95234375 0.83203125 0.065625 0.09765625
0 0.7546875 0.82734375 0.084375 0.125
0 0.4484375 0.82265625 0.1 0.175
0 0.315625 0.76015625 0.096875 0.1125
0 0.3 0.6421875 0.0875 0.10390625
0 0.31484375 0.95703125 0.078125 0.08125
0 0.1859375 0.878125 0.0578125 0.08125
0 0.23984375 0.85078125 0.0578125 0.07265625
0 0.63125 0.59140625 0.071875 0.09609375
0 0.44375 0.41484375 0.059375 0.0625
0 0.88984375 0.81015625 0.05390625 0.08515625