0 0.190625 0.0453125 0.1078125 0.0734375
0 0.4640625 0.1078125 0.11875 0.103125
0 0.71171875 0.0796875 0.1609375 0.1421875
0 0.50078125 0.3109375 0.1203125 0.0953125
0 0.31796875 0.3140625 0.1078125 0.084375
0 0.2875 0.39140625 0.1140625 0.0875
0 0.2921875 0.62734375 0.121875 0.1046875
0 0.2453125 0.484375 0.1046875 0.0796875
0 0.40390625 0.490625 0.1203125 0.0984375
0 0.38984375 0.5828125 0.1109375 0.0796875
0 0.52890625 0.796875 0.09375 0.0734375
0 0.50390625 0.69609375 0.0875 0.0734375
0 0.54140625 0.740625 0.0890625 0.065625
0 0.9734375 0.91328125 0.053125 0.0734375
0 0.9859375 0.865625 0.028125 0.078125
0 0.91796875 0.803125 0.096875 0.071875
0 0.9421875 0.70625 0.1015625 0.06875
0 0.7859375 0.51875 0.078125 0.0609375
0 0.8421875 0.5109375 0.05625 0.0625
0 0.78828125 0.3234375 0.078125 0.0578125
0 0.896875 0.3078125 0.0796875 0.0625
0 0.975 0.3390625 0.0421875 0.071875
0 0.2234375 0.10625 0.0796875 0.059375
0 0.3 0.14921875 0.0671875 0.0609375
0 0.04765625 0.68828125 0.071875 0.0578125
0 0.04140625 0.7703125 0.059375 0.046875
0 0.51328125 0.4828125 0.10625 0.0734375
0 0.47578125 0.603125 0.0921875 0.0671875
0 0.47109375 0.53828125 0.0859375 0.078125
0 0.58984375 0.33359375 0.103125 0.0984375
0 0.63359375 0.45078125 0.08125 0.0640625
0 0.659375 0.2546875 0.109375 0.0703125
0 0.59375 0.1953125 0.084375 0.084375
0 0.7765625 0.2734375 0.0640625 0.05625
0 0.7484375 0.240625 0.071875 0.0484375
0 0.36484375 0.14609375 0.071875 0.0546875