0 0.87421875 0.4359375 0.2515625 0.3875
0 0.19765625 0.15625 0.2984375 0.3125
0 0.45859375 0.8453125 0.3171875 0.309375
0 0.63828125 0.28203125 0.2796875 0.35
0 0.1671875 0.38515625 0.2421875 0.321875
0 0.709375 0.5953125 0.26875 0.40625
0 0.54296875 0.6046875 0.3640625 0.45
0 0.4484375 0.3 0.3640625 0.44375
0 0.22578125 0.53828125 0.3703125 0.45
0 0.35078125 0.20390625 0.2671875 0.3609375
0 0.47265625 0.0765625 0.2296875 0.153125
0 0.20390625 0.7765625 0.290625 0.3234375
0 0.7484375 0.20390625 0.278125 0.3515625