0 0.79375 0.91171875 0.04375 0.046875
0 0.82734375 0.940625 0.071875 0.0515625
0 0.8828125 0.9296875 0.0671875 0.0515625
0 0.4296875 0.9046875 0.0859375 0.065625
0 0.31953125 0.87734375 0.0859375 0.0578125
0 0.1875 0.8125 0.075 0.0515625
0 0.02265625 0.80390625 0.0453125 0.0390625
0 0.02578125 0.72890625 0.0515625 0.0578125
0 0.01171875 0.68828125 0.0234375 0.0421875
0 0.8875 0.76875 0.0765625 0.0640625
0 0.31171875 0.565625 0.0640625 0.046875
0 0.5 0.51171875 0.075 0.0671875
0 0.17734375 0.5078125 0.071875 0.0328125
0 0.94921875 0.5640625 0.0671875 0.0421875
0 0.6515625 0.45 0.0859375 0.059375
0 0.43203125 0.434375 0.1015625 0.0578125
0 0.2671875 0.40078125 0.0609375 0.05625
0 0.6828125 0.37265625 0.0859375 0.0421875
0 0.69375 0.23203125 0.109375 0.053125
0 0.2234375 0.1671875 0.121875 0.0734375
0 0.253125 0.11953125 0.1046875 0.0671875
0 0.33203125 0.13359375 0.1046875 0.084375