0 0.853125 0.8953125 0.078125 0.046875
0 0.95234375 0.8421875 0.0484375 0.0359375
0 0.86484375 0.76015625 0.0734375 0.04375
0 0.628125 0.7765625 0.0734375 0.0421875
0 0.1078125 0.81015625 0.096875 0.0578125
0 0.13984375 0.87109375 0.0734375 0.05
0 0.28203125 0.8421875 0.0734375 0.0578125
0 0.33828125 0.8859375 0.08125 0.0640625
0 0.18984375 0.978125 0.0953125 0.04375
0 0.51015625 0.42421875 0.04375 0.0390625
0 0.87109375 0.4359375 0.03125 0.03125
0 0.9546875 0.290625 0.071875 0.053125
0 0.603125 0.2890625 0.128125 0.06875
0 0.5125 0.32734375 0.0671875 0.046875
0 0.40078125 0.2609375 0.0859375 0.053125
0 0.32578125 0.16328125 0.1046875 0.0671875
0 0.253125 0.1109375 0.1046875 0.0640625
0 0.95546875 0.215625 0.0625 0.05625