0 0.909375 0.42578125 0.18125 0.1453125
0 0.671875 0.0453125 0.1921875 0.0765625
0 0.40859375 0.2453125 0.1953125 0.140625
0 0.7703125 0.28671875 0.2125 0.146875
0 0.33046875 0.41875 0.19375 0.134375
0 0.5671875 0.503125 0.128125 0.0921875
0 0.36171875 0.55078125 0.14375 0.0953125
0 0.134375 0.57734375 0.20625 0.1390625
0 0.55234375 0.67421875 0.1125 0.0890625
0 0.48515625 0.7171875 0.1 0.0734375
0 0.42734375 0.7546875 0.0796875 0.0578125
0 0.40234375 0.91015625 0.1484375 0.1171875
0 0.23828125 0.2734375 0.15 0.103125