0 0.01953125 0.38359375 0.0390625 0.0484375
0 0.0546875 0.4828125 0.053125 0.0375
0 0.16171875 0.4625 0.053125 0.0375
0 0.1234375 0.3828125 0.0484375 0.040625
0 0.49453125 0.36328125 0.059375 0.0421875
0 0.4859375 0.38984375 0.0546875 0.04375
0 0.4171875 0.6296875 0.053125 0.0359375
0 0.0921875 0.72421875 0.059375 0.0265625
0 0.58359375 0.53515625 0.0578125 0.0390625
0 0.4921875 0.525 0.053125 0.0421875
0 0.62265625 0.50390625 0.0671875 0.0375
0 0.56484375 0.4171875 0.0671875 0.0390625
0 0.3703125 0.34375 0.0578125 0.0375
0 0.65234375 0.30234375 0.0515625 0.046875
0 0.8140625 0.553125 0.0453125 0.040625