0 0.07265625 0.94609375 0.0484375 0.0484375
0 0.12578125 0.9265625 0.0625 0.04375
0 0.1296875 0.79453125 0.1 0.0671875
0 0.3671875 0.61640625 0.0859375 0.0640625
0 0.203125 0.67890625 0.078125 0.059375
0 0.421875 0.571875 0.0765625 0.05625
0 0.65703125 0.525 0.128125 0.0703125
0 0.7171875 0.47734375 0.1140625 0.0671875
0 0.715625 0.7421875 0.06875 0.05625
0 0.74609375 0.83203125 0.084375 0.040625
0 0.67890625 0.7734375 0.0703125 0.046875
0 0.21796875 0.4171875 0.1015625 0.071875
0 0.315625 0.40078125 0.0703125 0.059375
0 0.28828125 0.24609375 0.1078125 0.053125