0 0.146875 0.0828125 0.275 0.165625
0 0.3125 0.1625 0.221875 0.19375
0 0.34453125 0.034375 0.2296875 0.06875
0 0.1109375 0.1953125 0.18125 0.125
0 0.81171875 0.04921875 0.2421875 0.0984375
0 0.67734375 0.17890625 0.2390625 0.2421875
0 0.353125 0.3828125 0.2625 0.24375
0 0.71484375 0.5578125 0.2984375 0.2875
0 0.92421875 0.56015625 0.1484375 0.1609375
0 0.39765625 0.565625 0.2015625 0.134375
0 0.55390625 0.49296875 0.2046875 0.2453125
0 0.02734375 0.67890625 0.0546875 0.1671875
0 0.11015625 0.7203125 0.1109375 0.11875
0 0.14609375 0.8171875 0.1421875 0.11875
0 0.340625 0.81953125 0.15625 0.1515625
0 0.42265625 0.88125 0.1984375 0.209375
0 0.5171875 0.97109375 0.25 0.0578125
0 0.64375 0.90234375 0.23125 0.1953125
0 0.725 0.76015625 0.25 0.2015625
0 0.50078125 0.7 0.1859375 0.18125
0 0.93828125 0.90390625 0.1078125 0.1265625
0 0.97421875 0.73359375 0.0515625 0.1015625