0 0.0609375 0.16328125 0.121875 0.1390625
0 0.25390625 0.72265625 0.1515625 0.1296875
0 0.86640625 0.09296875 0.2671875 0.1859375
0 0.76796875 0.23359375 0.2140625 0.1484375
0 0.5375 0.25234375 0.1875 0.1265625
0 0.4828125 0.05078125 0.171875 0.1015625
0 0.27578125 0.384375 0.1671875 0.103125
0 0.5953125 0.4265625 0.196875 0.15
0 0.73203125 0.7046875 0.1328125 0.125
0 0.60859375 0.76015625 0.1859375 0.1265625
0 0.5609375 0.896875 0.153125 0.10625
0 0.66171875 0.8984375 0.0671875 0.08125
0 0.38203125 0.8953125 0.1484375 0.096875