0 0.33046875 0.753125 0.128125 0.1453125
0 0.55859375 0.2515625 0.0859375 0.103125
0 0.31015625 0.64140625 0.1578125 0.196875
0 0.47734375 0.28359375 0.084375 0.1171875
0 0.24296875 0.23515625 0.0921875 0.1109375
0 0.39921875 0.23203125 0.0828125 0.0921875
0 0.0390625 0.796875 0.078125 0.1
0 0.11953125 0.83046875 0.0828125 0.109375
0 0.1765625 0.19296875 0.078125 0.0796875
0 0.040625 0.4875 0.08125 0.09375
0 0.14765625 0.49609375 0.0515625 0.078125
0 0.18984375 0.2875 0.0578125 0.0609375
0 0.26328125 0.56875 0.0875 0.1125
0 0.1015625 0.4625 0.0796875 0.0828125
0 0.23515625 0.32734375 0.0265625 0.0515625
0 0.365625 0.93359375 0.015625 0.028125
0 0.16328125 0.9359375 0.0609375 0.0875
0 0.35859375 0.90859375 0.01875 0.0265625
0 0.2046875 0.775 0.025 0.0375
0 0.40703125 0.5390625 0.1328125 0.15