0 0.52734375 0.03984375 0.2203125 0.0796875
0 0.421875 0.14375 0.228125 0.228125
0 0.571875 0.2859375 0.2234375 0.225
0 0.78515625 0.3703125 0.2125 0.20625
0 0.5953125 0.48046875 0.1875 0.1859375
0 0.71953125 0.5046875 0.1484375 0.1703125
0 0.19453125 0.23515625 0.075 0.0671875
0 0.034375 0.51875 0.06875 0.14375
0 0.0796875 0.67109375 0.134375 0.1390625
0 0.21328125 0.6828125 0.1375 0.13125
0 0.1578125 0.8015625 0.14375 0.1125
0 0.15234375 0.925 0.1171875 0.1140625
0 0.3296875 0.85234375 0.14375 0.1421875
0 0.63125 0.70546875 0.1609375 0.153125
0 0.9125 0.79921875 0.175 0.1828125
0 0.97890625 0.86015625 0.0421875 0.1828125
0 0.82578125 0.9578125 0.15 0.0765625
0 0.59609375 0.803125 0.0609375 0.0640625
0 0.47734375 0.90703125 0.0578125 0.0546875
0 0.20703125 0.9734375 0.0984375 0.053125