0 0.3015625 0.3125 0.25625 0.2625
0 0.059375 0.71015625 0.11875 0.2828125
0 0.42890625 0.50625 0.259375 0.2578125
0 0.45078125 0.14375 0.2421875 0.2453125
0 0.275 0.7109375 0.2875 0.290625
0 0.08984375 0.30859375 0.1734375 0.246875
0 0.69921875 0.509375 0.2796875 0.26875
0 0.690625 0.14921875 0.2453125 0.2421875
0 0.81796875 0.3296875 0.253125 0.2328125
0 0.57109375 0.3171875 0.2609375 0.253125
0 0.91796875 0.5171875 0.1640625 0.253125
0 0.12421875 0.88671875 0.2484375 0.1984375
0 0.89921875 0.165625 0.2015625 0.225
0 0.40703125 0.89375 0.2921875 0.2125
0 0.55859375 0.71953125 0.3078125 0.2796875
0 0.84609375 0.72890625 0.2953125 0.290625
0 0.69609375 0.9015625 0.2921875 0.196875
0 0.1765625 0.1296875 0.275 0.259375
0 0.921875 0.9203125 0.121875 0.159375