0 0.55078125 0.16796875 0.3578125 0.3359375
0 0.265625 0.359375 0.35625 0.3390625
0 0.55078125 0.46328125 0.3359375 0.325
0 0.6875 0.3140625 0.1890625 0.2390625
0 0.76640625 0.54375 0.321875 0.3078125
0 0.85 0.778125 0.3 0.36875
0 0.49453125 0.9609375 0.1640625 0.078125
0 0.5765625 0.72734375 0.3125 0.3375
0 0.4140625 0.7421875 0.2109375 0.309375
0 0.24453125 0.64921875 0.3046875 0.3125
0 0.228125 0.8453125 0.3046875 0.26875
0 0.075 0.6515625 0.1453125 0.2328125
0 0.03671875 0.50546875 0.0734375 0.1140625
0 0.06328125 0.871875 0.05625 0.18125
0 0.94296875 0.4109375 0.0828125 0.1
0 0.984375 0.459375 0.03125 0.0875
0 0.98984375 0.62578125 0.0203125 0.0765625
0 0.759375 0.08515625 0.1234375 0.1296875
0 0.72734375 0.01640625 0.1796875 0.0328125
0 0.8765625 0.0625 0.10625 0.103125
0 0.88984375 0.00859375 0.0921875 0.0171875