0 0.45078125 0.21015625 0.053125 0.0375
0 0.428125 0.22734375 0.0296875 0.0296875
0 0.58828125 0.209375 0.0625 0.0421875
0 0.57265625 0.240625 0.046875 0.0328125
0 0.62734375 0.22578125 0.0515625 0.0328125
0 0.9015625 0.28046875 0.046875 0.0296875
0 0.94609375 0.26328125 0.0375 0.0265625
0 0.96015625 0.38359375 0.0546875 0.0375
0 0.92265625 0.390625 0.046875 0.0328125
0 0.95859375 0.5 0.0359375 0.0328125
0 0.925 0.47734375 0.0578125 0.0390625
0 0.62421875 0.265625 0.0578125 0.03125
0 0.60234375 0.3109375 0.06875 0.046875
0 0.465625 0.33046875 0.06875 0.0359375
0 0.525 0.33046875 0.0546875 0.0328125
0 0.49921875 0.37734375 0.0625 0.0421875
0 0.5625 0.36875 0.040625 0.028125
0 0.53125 0.42265625 0.0625 0.0453125
0 0.44140625 0.40078125 0.034375 0.0296875
0 0.415625 0.52109375 0.0640625 0.0390625
0 0.290625 0.5984375 0.0484375 0.025
0 0.44140625 0.540625 0.05 0.034375
0 0.46640625 0.5578125 0.05625 0.0234375
0 0.68359375 0.49921875 0.0546875 0.021875
0 0.6546875 0.5140625 0.046875 0.03125
0 0.61328125 0.5984375 0.059375 0.0453125
0 0.5671875 0.59921875 0.040625 0.0296875
0 0.79296875 0.596875 0.040625 0.0265625