0 0.7765625 0.23359375 0.4140625 0.440625
0 0.9125 0.3453125 0.175 0.359375
0 0.9765625 0.25546875 0.046875 0.2703125
0 0.353125 0.371875 0.2390625 0.2953125
0 0.11328125 0.203125 0.20625 0.2890625
0 0.2 0.19375 0.1265625 0.2234375
0 0.29765625 0.1953125 0.1375 0.15625
0 0.4234375 0.10625 0.2125 0.1671875
0 0.51171875 0.2390625 0.1796875 0.2234375
0 0.2625 0.79140625 0.2171875 0.25625
0 0.46015625 0.81484375 0.2375 0.2609375
0 0.9046875 0.87421875 0.15625 0.2515625
0 0.76640625 0.846875 0.1859375 0.23125
0 0.40390625 0.9328125 0.2171875 0.134375
0 0.56015625 0.90859375 0.1234375 0.1828125
0 0.69453125 0.89140625 0.1484375 0.1875
0 0.17734375 0.4875 0.0734375 0.09375
0 0.10390625 0.49296875 0.0796875 0.0828125
0 0.6984375 0.725 0.1375 0.103125
0 0.84609375 0.678125 0.140625 0.1390625
0 0.596875 0.565625 0.1265625 0.125
0 0.375 0.50703125 0.2453125 0.24375