0 0.24375 0.48515625 0.2921875 0.3328125
0 0.4640625 0.21328125 0.365625 0.4265625
0 0.478125 0.73125 0.25625 0.296875
0 0.29453125 0.7765625 0.2078125 0.25
0 0.06015625 0.70078125 0.0609375 0.0609375
0 0.13671875 0.715625 0.059375 0.065625
0 0.6859375 0.51640625 0.0578125 0.0703125
0 0.66484375 0.34140625 0.0578125 0.075
0 0.72421875 0.440625 0.053125 0.065625
0 0.759375 0.1703125 0.0609375 0.075
0 0.69921875 0.12265625 0.0546875 0.0671875
0 0.77265625 0.646875 0.0578125 0.059375
0 0.96484375 0.60390625 0.0515625 0.0546875
0 0.7609375 0.38359375 0.05625 0.0640625