0 0.7265625 0.92734375 0.084375 0.05
0 0.53515625 0.78359375 0.06875 0.0390625
0 0.421875 0.9140625 0.0625 0.0375
0 0.05078125 0.93046875 0.071875 0.053125
0 0.20234375 0.85546875 0.0734375 0.0625
0 0.16015625 0.80625 0.0796875 0.0609375
0 0.03125 0.8140625 0.0625 0.053125
0 0.01640625 0.76328125 0.0328125 0.0359375
0 0.82890625 0.49140625 0.06875 0.05
0 0.7859375 0.47265625 0.0421875 0.028125
0 0.4046875 0.40625 0.1 0.05625
0 0.446875 0.3109375 0.0828125 0.0515625
0 0.540625 0.28515625 0.0984375 0.071875
0 0.63359375 0.30234375 0.096875 0.0609375
0 0.90546875 0.3296875 0.0953125 0.059375
0 0.953125 0.2703125 0.0828125 0.053125
0 0.91015625 0.24609375 0.0703125 0.0546875
0 0.9515625 0.175 0.096875 0.065625
0 0.32578125 0.23125 0.05 0.0515625
0 0.26796875 0.1203125 0.09375 0.0640625
0 0.2 0.0578125 0.1078125 0.0703125
0 0.7609375 0.79609375 0.078125 0.05
0 0.6171875 0.72734375 0.0765625 0.0390625
0 0.84375 0.6546875 0.059375 0.040625