0 0.35625 0.15390625 0.234375 0.2171875
0 0.04453125 0.26796875 0.0890625 0.1578125
0 0.296875 0.43203125 0.19375 0.178125
0 0.41953125 0.35859375 0.2015625 0.18125
0 0.77109375 0.44296875 0.128125 0.1046875
0 0.4609375 0.50546875 0.1296875 0.1
0 0.51796875 0.53046875 0.0921875 0.1015625
0 0.634375 0.509375 0.1015625 0.0984375
0 0.7578125 0.59140625 0.09375 0.08125
0 0.62109375 0.71796875 0.0953125 0.08125
0 0.57109375 0.6359375 0.1 0.06875
0 0.4125 0.640625 0.0875 0.0671875
0 0.3609375 0.57421875 0.0984375 0.0765625
0 0.19609375 0.81171875 0.0765625 0.065625
0 0.40234375 0.72890625 0.0765625 0.0671875
0 0.13671875 0.85703125 0.09375 0.0703125