0 0.075 0.38359375 0.0734375 0.034375
0 0.265625 0.33359375 0.078125 0.053125
0 0.2328125 0.43359375 0.0796875 0.040625
0 0.234375 0.4625 0.0421875 0.0328125
0 0.35546875 0.4296875 0.046875 0.04375
0 0.5359375 0.3140625 0.0625 0.046875
0 0.53984375 0.25859375 0.0796875 0.0421875
0 0.66875 0.4140625 0.065625 0.040625
0 0.37265625 0.55625 0.0671875 0.0328125
0 0.26875 0.53046875 0.0546875 0.04375
0 0.56015625 0.5671875 0.0765625 0.04375
0 0.96171875 0.5125 0.0625 0.04375
0 0.9421875 0.475 0.0828125 0.0453125
0 0.9625 0.60625 0.075 0.04375
0 0.28359375 0.76328125 0.053125 0.0265625
0 0.92109375 0.2890625 0.0765625 0.0375
0 0.88984375 0.31484375 0.05625 0.028125
0 0.8734375 0.2859375 0.0609375 0.028125