0 0.21875 0.76640625 0.075 0.05
0 0.8234375 0.8328125 0.0734375 0.05
0 0.734375 0.7578125 0.053125 0.04375
0 0.80546875 0.71171875 0.0875 0.0546875
0 0.85859375 0.69453125 0.0625 0.0515625
0 0.596875 0.65078125 0.0703125 0.0484375
0 0.565625 0.6625 0.05625 0.04375
0 0.03984375 0.53125 0.0796875 0.05
0 0.321875 0.50625 0.0921875 0.0546875
0 0.04921875 0.40234375 0.0859375 0.0640625
0 0.08359375 0.36796875 0.09375 0.059375
0 0.7234375 0.37578125 0.1046875 0.065625
0 0.7921875 0.365625 0.0703125 0.0578125
0 0.85546875 0.36171875 0.0828125 0.0578125
0 0.57109375 0.32578125 0.075 0.05
0 0.5359375 0.2546875 0.0890625 0.053125
0 0.6046875 0.24609375 0.0671875 0.0515625
0 0.30703125 0.2078125 0.0875 0.0546875
0 0.8640625 0.2359375 0.0703125 0.053125
0 0.934375 0.19140625 0.05625 0.046875
0 0.8265625 0.0890625 0.1109375 0.071875