0 0.43984375 0.03984375 0.0890625 0.0796875
0 0.51484375 0.05859375 0.0890625 0.1171875
0 0.48671875 0.20234375 0.0984375 0.1359375
0 0.58203125 0.16875 0.0921875 0.1375
0 0.45546875 0.29609375 0.0984375 0.1390625
0 0.5453125 0.3375 0.096875 0.14375
0 0.6921875 0.21484375 0.078125 0.1109375
0 0.7796875 0.184375 0.06875 0.1125
0 0.76640625 0.2875 0.0921875 0.121875
0 0.68671875 0.31484375 0.0859375 0.1359375
0 0.790625 0.359375 0.0875 0.128125
0 0.87265625 0.334375 0.0734375 0.115625
0 0.62890625 0.41484375 0.0890625 0.1328125
0 0.72109375 0.43359375 0.0734375 0.1234375
0 0.371875 0.4171875 0.109375 0.15625
0 0.50625 0.46875 0.1 0.146875
0 0.490625 0.565625 0.096875 0.11875
0 0.28828125 0.57421875 0.0984375 0.1515625
0 0.178125 0.55234375 0.09375 0.1453125
0 0.23984375 0.6234375 0.0921875 0.128125
0 0.3421875 0.59609375 0.071875 0.1453125
0 0.41640625 0.62421875 0.0828125 0.1328125
0 0.48828125 0.68125 0.0890625 0.115625
0 0.59296875 0.61015625 0.0921875 0.1078125
0 0.68359375 0.6265625 0.0890625 0.128125
0 0.78046875 0.6140625 0.0890625 0.125
0 0.80234375 0.7609375 0.0828125 0.14375
0 0.859375 0.6796875 0.06875 0.109375
0 0.7265625 0.73203125 0.1 0.1359375
0 0.628125 0.73828125 0.065625 0.1140625
0 0.3046875 0.8703125 0.053125 0.109375
0 0.34921875 0.8234375 0.0921875 0.134375
0 0.4078125 0.946875 0.0875 0.10625
0 0.484375 0.934375 0.075 0.13125
0 0.13359375 0.86796875 0.1046875 0.1359375
0 0.2 0.82265625 0.1 0.1171875
0 0.36953125 0.91171875 0.0953125 0.1015625
0 0.0625 0.6515625 0.096875 0.1125