0 0.65625 0.309375 0.0578125 0.078125
0 0.95703125 0.3046875 0.046875 0.075
0 0.7828125 0.42421875 0.0515625 0.071875
0 0.4890625 0.52265625 0.0515625 0.075
0 0.68203125 0.6015625 0.0546875 0.075
0 0.621875 0.62421875 0.0546875 0.065625
0 0.57265625 0.74140625 0.0546875 0.0671875
0 0.87734375 0.70625 0.0640625 0.0984375
0 0.15 0.128125 0.05 0.0671875
0 0.94296875 0.89296875 0.0609375 0.0875
0 0.49765625 0.13046875 0.040625 0.078125
0 0.35546875 0.1828125 0.0515625 0.071875
0 0.45625 0.18515625 0.05625 0.0703125
0 0.8015625 0.1953125 0.059375 0.0875
0 0.21640625 0.0640625 0.059375 0.0578125