0 0.94140625 0.81015625 0.0609375 0.0625
0 0.6265625 0.6953125 0.121875 0.0734375
0 0.39765625 0.81171875 0.10625 0.071875
0 0.1484375 0.69921875 0.0765625 0.05
0 0.25 0.93046875 0.0859375 0.05625
0 0.01328125 0.88515625 0.0265625 0.0640625
0 0.609375 0.475 0.059375 0.0453125
0 0.4140625 0.3984375 0.121875 0.0546875
0 0.453125 0.3546875 0.0765625 0.0578125
0 0.053125 0.22578125 0.0578125 0.05625
0 0.115625 0.24140625 0.08125 0.0640625
0 0.6015625 0.259375 0.084375 0.059375
0 0.8125 0.334375 0.0296875 0.0265625
0 0.4890625 0.190625 0.084375 0.05625
0 0.58671875 0.19296875 0.109375 0.0828125
0 0.67421875 0.19296875 0.08125 0.0609375
0 0.4 0.034375 0.0734375 0.0484375
0 0.303125 0.01015625 0.084375 0.0203125