0 0.05859375 0.3015625 0.1171875 0.303125
0 0.309375 0.2984375 0.0859375 0.1515625
0 0.44140625 0.515625 0.0890625 0.1546875
0 0.72109375 0.728125 0.1828125 0.3359375
0 0.08515625 0.59765625 0.071875 0.1140625
0 0.51484375 0.47265625 0.1109375 0.203125
0 0.59609375 0.62109375 0.13125 0.23125
0 0.83828125 0.44453125 0.1859375 0.33125
0 0.9078125 0.42578125 0.1390625 0.2765625
0 0.73828125 0.5265625 0.146875 0.2484375
0 0.425 0.92578125 0.06875 0.1
0 0.36015625 0.81796875 0.059375 0.0921875
0 0.41953125 0.76875 0.05 0.0828125
0 0.40390625 0.14140625 0.0671875 0.0984375