0 0.33125 0.77421875 0.0703125 0.0421875
0 0.375 0.7359375 0.078125 0.05625
0 0.609375 0.68984375 0.078125 0.05625
0 0.8171875 0.4046875 0.096875 0.059375
0 0.83515625 0.32890625 0.103125 0.0640625
0 0.50625 0.4390625 0.0890625 0.05
0 0.34609375 0.45703125 0.090625 0.0609375
0 0.24921875 0.60859375 0.0625 0.0359375
0 0.03046875 0.496875 0.0609375 0.071875
0 0.59140625 0.27578125 0.0890625 0.06875
0 0.56015625 0.3171875 0.0609375 0.05625
0 0.8078125 0.10625 0.0921875 0.0703125
0 0.12734375 0.39375 0.0609375 0.053125