0 0.41875 0.134375 0.2109375 0.1890625
0 0.0640625 0.18515625 0.128125 0.1359375
0 0.31171875 0.39765625 0.1734375 0.153125
0 0.4453125 0.346875 0.18125 0.1546875
0 0.7765625 0.490625 0.1171875 0.0875
0 0.4609375 0.49921875 0.1203125 0.08125
0 0.5125 0.5328125 0.0796875 0.090625
0 0.63046875 0.53203125 0.0890625 0.0859375
0 0.73828125 0.634375 0.0859375 0.0703125
0 0.58125 0.73515625 0.0875 0.06875
0 0.54609375 0.64609375 0.09375 0.0546875
0 0.38984375 0.6234375 0.08125 0.0546875
0 0.35 0.54921875 0.090625 0.0640625
0 0.146875 0.75390625 0.06875 0.05625
0 0.3640625 0.70859375 0.06875 0.0578125
0 0.0796875 0.78828125 0.0875 0.0578125