0 0.20546875 0.4828125 0.1375 0.2
0 0.109375 0.453125 0.1171875 0.2140625
0 0.31875 0.6 0.071875 0.1296875
0 0.384375 0.5484375 0.115625 0.1828125
0 0.50546875 0.53515625 0.1390625 0.190625
0 0.55 0.36796875 0.1640625 0.221875
0 0.69921875 0.51796875 0.1859375 0.253125
0 0.88828125 0.5 0.2046875 0.2828125
0 0.58515625 0.684375 0.115625 0.15
0 0.72265625 0.71328125 0.0796875 0.1328125
0 0.79765625 0.703125 0.1046875 0.1578125
0 0.8890625 0.81171875 0.084375 0.1640625
0 0.9515625 0.7890625 0.08125 0.146875
0 0.55078125 0.9453125 0.1296875 0.109375
0 0.65390625 0.9515625 0.0921875 0.096875
0 0.5890625 0.82421875 0.0953125 0.1328125
0 0.40390625 0.74765625 0.078125 0.1046875
0 0.221875 0.83515625 0.0921875 0.1015625
0 0.40078125 0.9640625 0.0765625 0.06875
0 0.06875 0.296875 0.0765625 0.1109375
0 0.2078125 0.321875 0.08125 0.0984375
0 0.31875 0.2625 0.090625 0.1125