0 0.54765625 0.23359375 0.3421875 0.4671875
0 0.79921875 0.51796875 0.35625 0.4625
0 0.46796875 0.6140625 0.3046875 0.4328125
0 0.49609375 0.91171875 0.1484375 0.1765625
0 0.31328125 0.7078125 0.1609375 0.296875
0 0.20625 0.834375 0.26875 0.33125
0 0.08671875 0.78125 0.1546875 0.2609375
0 0.075 0.93828125 0.103125 0.1234375
0 0.73671875 0.85859375 0.0484375 0.0546875
0 0.8328125 0.77265625 0.046875 0.04375
0 0.0953125 0.1015625 0.0390625 0.0578125
0 0.05625 0.06796875 0.0421875 0.0421875
0 0.309375 0.125 0.04375 0.0421875