0 0.8359375 0.8484375 0.0875 0.0578125
0 0.61171875 0.76328125 0.071875 0.0453125
0 0.5390625 0.91953125 0.065625 0.0421875
0 0.31171875 0.9234375 0.078125 0.06875
0 0.2578125 0.8875 0.084375 0.0671875
0 0.12890625 0.934375 0.08125 0.0609375
0 0.0953125 0.890625 0.0609375 0.040625
0 0.81328125 0.40078125 0.0734375 0.05625
0 0.76796875 0.39453125 0.04375 0.0328125
0 0.3828125 0.4359375 0.1046875 0.065625
0 0.396875 0.3328125 0.0859375 0.059375
0 0.4796875 0.2828125 0.103125 0.0796875
0 0.5734375 0.2734375 0.1015625 0.06875
0 0.84296875 0.225 0.1 0.06875
0 0.871875 0.1546875 0.0875 0.0609375
0 0.82421875 0.1421875 0.0734375 0.059375
0 0.85 0.06171875 0.1125 0.075
0 0.25859375 0.28984375 0.0546875 0.05625
0 0.17265625 0.19921875 0.0984375 0.0734375
0 0.08984375 0.1578125 0.1125 0.0796875
0 0.8328125 0.7125 0.08125 0.05625
0 0.67578125 0.68671875 0.078125 0.0453125
0 0.8734375 0.55390625 0.0625 0.0453125