0 0.50546875 0.05703125 0.090625 0.084375
0 0.478125 0.13984375 0.0984375 0.096875
0 0.51171875 0.2390625 0.103125 0.0796875
0 0.75546875 0.33828125 0.10625 0.1265625
0 0.6703125 0.375 0.090625 0.1
0 0.5515625 0.51875 0.08125 0.0828125
0 0.5921875 0.465625 0.06875 0.071875
0 0.61796875 0.3984375 0.0859375 0.0921875
0 0.2265625 0.315625 0.1078125 0.103125
0 0.28984375 0.46875 0.1171875 0.121875
0 0.696875 0.52421875 0.0875 0.0921875
0 0.7546875 0.47109375 0.0796875 0.0875
0 0.83671875 0.571875 0.11875 0.1109375
0 0.8390625 0.72578125 0.1015625 0.1140625
0 0.60703125 0.9328125 0.0953125 0.0859375
0 0.59375 0.73125 0.0875 0.090625
0 0.5359375 0.7046875 0.0640625 0.0828125
0 0.59609375 0.609375 0.08125 0.06875
0 0.14140625 0.7078125 0.0640625 0.046875
0 0.1875 0.67421875 0.059375 0.059375
0 0.18203125 0.615625 0.0609375 0.0609375
0 0.07734375 0.8125 0.0703125 0.06875