0 0.03046875 0.3078125 0.0609375 0.0375
0 0.06328125 0.41328125 0.05 0.0296875
0 0.171875 0.41015625 0.05 0.0296875
0 0.14609375 0.32578125 0.04375 0.034375
0 0.51640625 0.3640625 0.0546875 0.034375
0 0.503125 0.3890625 0.05 0.0359375
0 0.39765625 0.615625 0.05 0.028125
0 0.0625 0.6578125 0.0578125 0.0171875
0 0.5765625 0.5484375 0.0546875 0.03125
0 0.48828125 0.5234375 0.05 0.034375
0 0.6203125 0.5234375 0.0640625 0.028125
0 0.57734375 0.428125 0.0640625 0.0296875
0 0.39609375 0.32578125 0.0546875 0.0296875
0 0.68125 0.32890625 0.046875 0.040625
0 0.80234375 0.60234375 0.040625 0.0359375