0 0.25703125 0.0234375 0.1109375 0.046875
0 0.51953125 0.10703125 0.125 0.109375
0 0.76875 0.11328125 0.1703125 0.153125
0 0.5265625 0.3125 0.1265625 0.103125
0 0.3453125 0.290625 0.1125 0.0921875
0 0.3046875 0.36328125 0.11875 0.0953125
0 0.27578125 0.59765625 0.128125 0.1125
0 0.25 0.44921875 0.109375 0.0875
0 0.40546875 0.47734375 0.1265625 0.10625
0 0.37890625 0.56640625 0.115625 0.0875
0 0.4875 0.79765625 0.096875 0.0796875
0 0.4765625 0.69453125 0.090625 0.078125
0 0.50703125 0.74453125 0.09375 0.071875
0 0.91953125 0.96796875 0.0734375 0.0640625
0 0.9375 0.93203125 0.046875 0.0796875
0 0.871875 0.8578125 0.1015625 0.078125
0 0.90859375 0.76640625 0.10625 0.075
0 0.78046875 0.55859375 0.0828125 0.065625
0 0.8375 0.55859375 0.0609375 0.065625
0 0.81015625 0.365625 0.08125 0.0625
0 0.91953125 0.36484375 0.084375 0.0671875
0 0.984375 0.40546875 0.03125 0.0734375
0 0.28125 0.071875 0.0828125 0.0640625
0 0.35078125 0.12421875 0.071875 0.065625
0 0.03125 0.6234375 0.0625 0.0625
0 0.01953125 0.70390625 0.0390625 0.0515625
0 0.515625 0.48515625 0.109375 0.08125
0 0.46171875 0.59921875 0.096875 0.0734375
0 0.465625 0.534375 0.090625 0.0828125
0 0.61171875 0.34765625 0.109375 0.1046875
0 0.6390625 0.46953125 0.0859375 0.06875
0 0.6921875 0.27890625 0.1140625 0.078125
0 0.6359375 0.2109375 0.0890625 0.0890625
0 0.80546875 0.31484375 0.0671875 0.0609375
0 0.78203125 0.27734375 0.075 0.053125
0 0.415625 0.13046875 0.075 0.059375