0 0.82109375 0.8765625 0.0765625 0.0453125
0 0.7359375 0.784375 0.059375 0.040625
0 0.821875 0.753125 0.090625 0.0546875
0 0.8734375 0.74375 0.0546875 0.05
0 0.603125 0.665625 0.1015625 0.0578125
0 0.22421875 0.72890625 0.0703125 0.0453125
0 0.08671875 0.4703125 0.0859375 0.05625
0 0.37734375 0.48125 0.0765625 0.05
0 0.79296875 0.403125 0.1015625 0.0578125
0 0.8625 0.40625 0.0609375 0.0546875
0 0.9296875 0.41015625 0.0875 0.05625
0 0.11640625 0.34609375 0.0734375 0.046875
0 0.159375 0.31640625 0.090625 0.05
0 0.1859375 0.38671875 0.0703125 0.0328125
0 0.646875 0.3390625 0.0796875 0.053125
0 0.62109375 0.26015625 0.0875 0.05
0 0.690625 0.25859375 0.0765625 0.0515625
0 0.4015625 0.18046875 0.0828125 0.053125
0 0.9453125 0.2875 0.071875 0.05
0 0.93515625 0.134375 0.1296875 0.06875