0 0.7890625 0.26796875 0.421875 0.4796875
0 0.91015625 0.3984375 0.1796875 0.375
0 0.98203125 0.31796875 0.0359375 0.2734375
0 0.36953125 0.35546875 0.2703125 0.31875
0 0.15234375 0.1578125 0.2375 0.3078125
0 0.23984375 0.159375 0.1515625 0.2328125
0 0.3359375 0.17265625 0.1546875 0.1703125
0 0.471875 0.1 0.2265625 0.1890625
0 0.54375 0.24296875 0.203125 0.240625
0 0.22890625 0.76015625 0.24375 0.2765625
0 0.421875 0.8078125 0.2640625 0.284375
0 0.85546875 0.89453125 0.1828125 0.2109375
0 0.721875 0.87578125 0.209375 0.2484375
0 0.3515625 0.91875 0.228125 0.159375
0 0.509375 0.9078125 0.14375 0.184375
0 0.64453125 0.90546875 0.1671875 0.1890625
0 0.18125 0.4484375 0.0828125 0.1
0 0.1078125 0.44453125 0.0890625 0.090625
0 0.66953125 0.74765625 0.146875 0.1171875
0 0.821875 0.71953125 0.153125 0.153125
0 0.58828125 0.5765625 0.1390625 0.1375
0 0.375 0.49140625 0.26875 0.2671875