0 0.59609375 0.1328125 0.21875 0.1890625
0 0.31328125 0.1296875 0.2328125 0.203125
0 0.334375 0.0328125 0.203125 0.065625
0 0.31171875 0.49375 0.278125 0.225
0 0.625 0.48515625 0.25 0.2140625
0 0.59609375 0.76640625 0.1765625 0.14375
0 0.43984375 0.74453125 0.1671875 0.1125
0 0.23671875 0.8796875 0.2015625 0.1859375
0 0.953125 0.3390625 0.08125 0.0671875
0 0.79921875 0.33203125 0.0734375 0.0578125
0 0.10546875 0.37734375 0.0984375 0.0671875
0 0.91171875 0.97890625 0.0609375 0.0421875
0 0.86484375 0.903125 0.0625 0.0484375
0 0.28984375 0.61953125 0.196875 0.1140625
0 0.8125 0.859375 0.0578125 0.046875
0 0.85234375 0.415625 0.0734375 0.0609375