0 0.19375 0.459375 0.2140625 0.2859375
0 0.428125 0.42109375 0.278125 0.34375
0 0.22109375 0.03359375 0.2203125 0.0671875
0 0.6828125 0.125 0.221875 0.21875
0 0.9609375 0.29609375 0.078125 0.2328125
0 0.63828125 0.45625 0.0953125 0.10625
0 0.76328125 0.24921875 0.0875 0.109375
0 0.64921875 0.6453125 0.21875 0.2890625
0 0.8625 0.60546875 0.190625 0.228125
0 0.9734375 0.453125 0.053125 0.15625
0 0.9671875 0.6046875 0.065625 0.1625
0 0.25625 0.70703125 0.125 0.1359375
0 0.23515625 0.8328125 0.1078125 0.121875
0 0.15625 0.8859375 0.0875 0.0921875
0 0.52578125 0.99375 0.0703125 0.0125
0 0.7671875 0.984375 0.065625 0.03125
0 0.225 0.9 0.0671875 0.06875
0 0.11484375 0.340625 0.0890625 0.1375
0 0.303125 0.50390625 0.059375 0.075
0 0.5640625 0.56484375 0.0765625 0.1