0 0.84296875 0.29296875 0.0484375 0.0796875
0 0.06171875 0.06015625 0.0484375 0.0765625
0 0.33046875 0.3796875 0.053125 0.0890625
0 0.34765625 0.43125 0.05 0.05625
0 0.8234375 0.4171875 0.0421875 0.0546875
0 0.58359375 0.04375 0.040625 0.0828125
0 0.4234375 0.0515625 0.0546875 0.096875
0 0.621875 0.50078125 0.03125 0.0765625
0 0.4296875 0.51328125 0.053125 0.0890625
0 0.540625 0.55078125 0.03125 0.0671875
0 0.9 0.59296875 0.0328125 0.05625
0 0.5828125 0.6921875 0.0609375 0.1171875
0 0.80546875 0.0625 0.034375 0.0484375
0 0.0875 0.85 0.05 0.0859375
0 0.3 0.91484375 0.0609375 0.071875
0 0.446875 0.96171875 0.0421875 0.0734375
0 0.578125 0.96328125 0.0484375 0.06875
0 0.1140625 0.98203125 0.046875 0.0359375
0 0.2640625 0.12578125 0.04375 0.0796875
0 0.39765625 0.16875 0.053125 0.0859375
0 0.28359375 0.1984375 0.040625 0.0578125
0 0.503125 0.19609375 0.0484375 0.0796875
0 0.83359375 0.190625 0.0359375 0.0625