0 0.1578125 0.575 0.1203125 0.1671875
0 0.08984375 0.87890625 0.0640625 0.1234375
0 0.45546875 0.67734375 0.115625 0.1703125
0 0.38359375 0.6390625 0.0984375 0.1671875
0 0.50546875 0.56796875 0.090625 0.1125
0 0.66328125 0.03515625 0.0953125 0.0703125
0 0.87421875 0.03984375 0.0890625 0.0796875
0 0.83828125 0.6453125 0.1078125 0.1515625
0 0.69140625 0.4328125 0.0765625 0.103125
0 0.4609375 0.9703125 0.09375 0.059375
0 0.9375 0.78359375 0.125 0.2078125
0 0.9015625 0.8546875 0.1140625 0.1546875
0 0.6046875 0.6296875 0.0703125 0.140625
0 0.54765625 0.965625 0.0703125 0.06875