0 0.36640625 0.86015625 0.1640625 0.2125
0 0.1515625 0.74140625 0.1234375 0.153125
0 0.85078125 0.7046875 0.1828125 0.2234375
0 0.79609375 0.1328125 0.153125 0.1953125
0 0.61015625 0.875 0.134375 0.171875
0 0.62734375 0.30859375 0.128125 0.1578125
0 0.28984375 0.07734375 0.1484375 0.121875
0 0.7359375 0.24296875 0.1359375 0.1796875
0 0.3203125 0.35 0.1265625 0.1546875
0 0.43828125 0.36796875 0.134375 0.1640625
0 0.3875 0.60234375 0.103125 0.1203125
0 0.484375 0.70390625 0.1140625 0.125
0 0.365625 0.18125 0.1140625 0.11875