0 0.9140625 0.94140625 0.0859375 0.0421875
0 0.64140625 0.91640625 0.0609375 0.04375
0 0.58125 0.93203125 0.0671875 0.05
0 0.18359375 0.96484375 0.0890625 0.0546875
0 0.0765625 0.95234375 0.0671875 0.040625
0 0.584375 0.7609375 0.075 0.053125
0 0.7703125 0.7703125 0.0921875 0.0546875
0 0.4328125 0.67890625 0.0640625 0.05
0 0.74453125 0.64453125 0.071875 0.0546875
0 0.828125 0.6625 0.0734375 0.046875
0 0.58046875 0.56015625 0.06875 0.03125
0 0.6453125 0.54296875 0.0515625 0.034375
0 0.21796875 0.49453125 0.115625 0.0625
0 0.6125 0.43828125 0.0859375 0.0546875
0 0.79765625 0.38828125 0.0765625 0.040625
0 0.8859375 0.396875 0.0953125 0.059375
0 0.95703125 0.38984375 0.0765625 0.0578125
0 0.50703125 0.30625 0.084375 0.0515625
0 0.42265625 0.20625 0.0859375 0.04375
0 0.2796875 0.04296875 0.0828125 0.05625
0 0.21171875 0.06875 0.09375 0.0546875
0 0.05078125 0.50546875 0.0921875 0.0578125
0 0.75390625 0.065625 0.1234375 0.065625
0 0.8375 0.2546875 0.09375 0.0703125
0 0.75625 0.34765625 0.1109375 0.071875