0 0.15 0.13203125 0.0828125 0.0859375
0 0.17421875 0.08125 0.0875 0.10625
0 0.25078125 0.1078125 0.0828125 0.10625
0 0.296875 0.0609375 0.078125 0.0859375
0 0.36953125 0.084375 0.06875 0.109375
0 0.2859375 0.21171875 0.0734375 0.078125
0 0.21328125 0.2015625 0.065625 0.065625
0 0.15078125 0.3421875 0.084375 0.0796875
0 0.015625 0.509375 0.03125 0.1125
0 0.184375 0.54296875 0.065625 0.065625
0 0.228125 0.503125 0.103125 0.128125
0 0.06171875 0.63203125 0.06875 0.059375
0 0.16796875 0.67578125 0.0640625 0.071875
0 0.22578125 0.71015625 0.071875 0.08125
0 0.27109375 0.73671875 0.0578125 0.078125
0 0.309375 0.73984375 0.0703125 0.0859375
0 0.378125 0.71796875 0.0671875 0.0890625
0 0.45703125 0.75078125 0.0828125 0.1015625
0 0.57109375 0.7265625 0.078125 0.103125
0 0.646875 0.6515625 0.128125 0.15625
0 0.775 0.69375 0.196875 0.2390625
0 0.665625 0.7171875 0.0859375 0.0765625
0 0.53828125 0.97890625 0.0734375 0.0421875
0 0.425 0.90546875 0.0546875 0.0578125
0 0.29609375 0.52578125 0.0890625 0.1234375
0 0.37578125 0.5625 0.1359375 0.184375
0 0.3578125 0.4515625 0.0890625 0.096875
0 0.47890625 0.59609375 0.14375 0.1796875
0 0.5734375 0.49609375 0.1515625 0.1859375
0 0.2578125 0.2875 0.06875 0.0625