0 0.43828125 0.41328125 0.2953125 0.2375
0 0.26015625 0.3609375 0.1953125 0.1875
0 0.1890625 0.51875 0.1671875 0.1453125
0 0.190625 0.678125 0.2375 0.20625
0 0.02109375 0.6171875 0.0421875 0.046875
0 0.00859375 0.57265625 0.0171875 0.0609375
0 0.0453125 0.578125 0.0453125 0.0484375
0 0.3703125 0.9109375 0.171875 0.15
0 0.36640625 0.71796875 0.1578125 0.14375
0 0.4734375 0.646875 0.2171875 0.2
0 0.61875 0.64140625 0.140625 0.1375
0 0.7609375 0.39765625 0.16875 0.1484375
0 0.68046875 0.271875 0.0890625 0.075
0 0.88203125 0.21015625 0.146875 0.1421875
0 0.97421875 0.3484375 0.0515625 0.1
0 0.9484375 0.55078125 0.103125 0.1640625
0 0.60390625 0.51328125 0.1125 0.103125
0 0.415625 0.5625 0.13125 0.0890625
0 0.30078125 0.578125 0.040625 0.04375
0 0.26328125 0.559375 0.0359375 0.0390625
0 0.3296875 0.51015625 0.0015625 0.003125