0 0.321875 0.3171875 0.0453125 0.0640625
0 0.7875 0.31640625 0.0703125 0.0875
0 0.7015625 0.43125 0.065625 0.08125
0 0.28203125 0.553125 0.0515625 0.0703125
0 0.03984375 0.6203125 0.0515625 0.078125
0 0.22734375 0.58359375 0.065625 0.0875
0 0.2625 0.58359375 0.0421875 0.0578125
0 0.36484375 0.58515625 0.0546875 0.078125
0 0.2671875 0.6390625 0.0484375 0.065625
0 0.503125 0.63046875 0.0609375 0.075
0 0.35078125 0.70859375 0.0640625 0.09375
0 0.59609375 0.81171875 0.0640625 0.0921875
0 0.3859375 0.23203125 0.05625 0.0796875
0 0.42890625 0.26953125 0.0515625 0.0765625