0 0.58203125 0.32578125 0.4890625 0.54375
0 0.83046875 0.6171875 0.3390625 0.434375
0 0.9453125 0.44765625 0.109375 0.3765625
0 0.953125 0.2515625 0.0671875 0.0765625
0 0.95703125 0.865625 0.0765625 0.26875
0 0.8359375 0.853125 0.240625 0.2109375
0 0.525 0.7375 0.3390625 0.3234375
0 0.57578125 0.8796875 0.1 0.0796875
0 0.37890625 0.95859375 0.23125 0.0828125
0 0.16171875 0.76171875 0.3234375 0.3421875
0 0.30703125 0.53125 0.3828125 0.4125
0 0.3453125 0.07421875 0.090625 0.103125
0 0.46484375 0.04140625 0.0890625 0.0828125
0 0.246875 0.27265625 0.0453125 0.040625
0 0.2359375 0.2203125 0.0609375 0.0546875
0 0.35859375 0.190625 0.0453125 0.0453125
0 0.27265625 0.25703125 0.0515625 0.0515625
0 0.103125 0.48984375 0.0546875 0.0671875